Freq.	V(vout)
2.00000000000000e+01	9.99223987175557e-01,-1.99803571025142e-02
2.01391110011344e+01	9.99218412278650e-01,-2.01192192261854e-02
2.02791895958006e+01	9.99212759622598e-01,-2.02590448549790e-02
2.04202425141439e+01	9.99207028123707e-01,-2.03998406411159e-02
2.05622765331213e+01	9.99201216683208e-01,-2.05416132820489e-02
2.07052984768276e+01	9.99195324187044e-01,-2.06843695207549e-02
2.08493152168224e+01	9.99189349505660e-01,-2.08281161460301e-02
2.09943336724614e+01	9.99183291493785e-01,-2.09728599927853e-02
2.11403608112276e+01	9.99177148990219e-01,-2.11186079423440e-02
2.12874036490672e+01	9.99170920817609e-01,-2.12653669227414e-02
2.14354692507259e+01	9.99164605782226e-01,-2.14131439090252e-02
2.15845647300886e+01	9.99158202673739e-01,-2.15619459235578e-02
2.17346972505212e+01	9.99151710264983e-01,-2.17117800363206e-02
2.18858740252148e+01	9.99145127311726e-01,-2.18626533652193e-02
2.20381023175322e+01	9.99138452552434e-01,-2.20145730763909e-02
2.21913894413569e+01	9.99131684708031e-01,-2.21675463845128e-02
2.23457427614444e+01	9.99124822481656e-01,-2.23215805531127e-02
2.25011696937762e+01	9.99117864558415e-01,-2.24766828948808e-02
2.26576777059160e+01	9.99110809605133e-01,-2.26328607719830e-02
2.28152743173685e+01	9.99103656270101e-01,-2.27901215963762e-02
2.29739670999407e+01	9.99096403182819e-01,-2.29484728301249e-02
2.31337636781058e+01	9.99089048953735e-01,-2.31079219857191e-02
2.32946717293691e+01	9.99081592173983e-01,-2.32684766263946e-02
2.34566989846376e+01	9.99074031415114e-01,-2.34301443664542e-02
2.36198532285906e+01	9.99066365228826e-01,-2.35929328715905e-02
2.37841423000545e+01	9.99058592146689e-01,-2.37568498592105e-02
2.39495740923786e+01	9.99050710679867e-01,-2.39219030987618e-02
2.41161565538152e+01	9.99042719318835e-01,-2.40881004120603e-02
2.42838976879010e+01	9.99034616533094e-01,-2.42554496736192e-02
2.44528055538414e+01	9.99026400770879e-01,-2.44239588109802e-02
2.46228882668984e+01	9.99018070458867e-01,-2.45936358050452e-02
2.47941539987798e+01	9.99009624001878e-01,-2.47644886904108e-02
2.49666109780323e+01	9.99001059782571e-01,-2.49365255557035e-02
2.51402674904366e+01	9.98992376161143e-01,-2.51097545439167e-02
2.53151318794057e+01	9.98983571475013e-01,-2.52841838527492e-02
2.54912125463853e+01	9.98974644038510e-01,-2.54598217349450e-02
2.56685179512581e+01	9.98965592142553e-01,-2.56366764986354e-02
2.58470566127499e+01	9.98956414054329e-01,-2.58147565076816e-02
2.60268371088387e+01	9.98947108016962e-01,-2.59940701820195e-02
2.62078680771673e+01	9.98937672249187e-01,-2.61746259980056e-02
2.63901582154580e+01	9.98928104945005e-01,-2.63564324887647e-02
2.65737162819303e+01	9.98918404273349e-01,-2.65394982445391e-02
2.67585510957223e+01	9.98908568377732e-01,-2.67238319130387e-02
2.69446715373139e+01	9.98898595375901e-01,-2.69094421997933e-02
2.71320865489535e+01	9.98888483359479e-01,-2.70963378685059e-02
2.73208051350880e+01	9.98878230393603e-01,-2.72845277414077e-02
2.75108363627950e+01	9.98867834516564e-01,-2.74740206996143e-02
2.77021893622186e+01	9.98857293739431e-01,-2.76648256834835e-02
2.78948733270082e+01	9.98846606045677e-01,-2.78569516929742e-02
2.80888975147600e+01	9.98835769390803e-01,-2.80504077880073e-02
2.82842712474620e+01	9.98824781701945e-01,-2.82452030888274e-02
2.84810039119415e+01	9.98813640877489e-01,-2.84413467763659e-02
2.86791049603166e+01	9.98802344786673e-01,-2.86388480926060e-02
2.88785839104500e+01	9.98790891269183e-01,-2.88377163409484e-02
2.90794503464063e+01	9.98779278134752e-01,-2.90379608865789e-02
2.92817139189126e+01	9.98767503162739e-01,-2.92395911568364e-02
2.94853843458221e+01	9.98755564101718e-01,-2.94426166415834e-02
2.96904714125811e+01	9.98743458669051e-01,-2.96470468935769e-02
2.98969849726989e+01	9.98731184550460e-01,-2.98528915288408e-02
3.01049349482215e+01	9.98718739399587e-01,-3.00601602270395e-02
3.03143313302081e+01	9.98706120837561e-01,-3.02688627318530e-02
3.05251841792113e+01	9.98693326452541e-01,-3.04790088513528e-02
3.07375036257604e+01	9.98680353799270e-01,-3.06906084583789e-02
3.09512998708479e+01	9.98667200398614e-01,-3.09036714909189e-02
3.11665831864201e+01	9.98653863737092e-01,-3.11182079524867e-02
3.13833639158702e+01	9.98640341266410e-01,-3.13342279125035e-02
3.16016524745352e+01	9.98626630402977e-01,-3.15517415066797e-02
3.18214593501969e+01	9.98612728527426e-01,-3.17707589373974e-02
3.20427951035850e+01	9.98598632984116e-01,-3.19912904740943e-02
3.22656703688852e+01	9.98584341080640e-01,-3.22133464536485e-02
3.24900958542496e+01	9.98569850087317e-01,-3.24369372807644e-02
3.27160823423114e+01	9.98555157236679e-01,-3.26620734283592e-02
3.29436406907031e+01	9.98540259722957e-01,-3.28887654379508e-02
3.31727818325778e+01	9.98525154701552e-01,-3.31170239200465e-02
3.34035167771350e+01	9.98509839288503e-01,-3.33468595545319e-02
3.36358566101488e+01	9.98494310559947e-01,-3.35782830910617e-02
3.38698124945013e+01	9.98478565551574e-01,-3.38113053494505e-02
3.41053956707185e+01	9.98462601258071e-01,-3.40459372200647e-02
3.43426174575103e+01	9.98446414632561e-01,-3.42821896642149e-02
3.45814892523148e+01	9.98430002586030e-01,-3.45200737145493e-02
3.48220225318452e+01	9.98413361986758e-01,-3.47596004754476e-02
3.50642288526416e+01	9.98396489659726e-01,-3.50007811234153e-02
3.53081198516264e+01	9.98379382386028e-01,-3.52436269074791e-02
3.55537072466630e+01	9.98362036902268e-01,-3.54881491495824e-02
3.58010028371191e+01	9.98344449899955e-01,-3.57343592449811e-02
3.60500185044334e+01	9.98326618024882e-01,-3.59822686626407e-02
3.63007662126867e+01	9.98308537876504e-01,-3.62318889456330e-02
3.65532580091762e+01	9.98290206007304e-01,-3.64832317115333e-02
3.68075060249952e+01	9.98271618922150e-01,-3.67363086528186e-02
3.70635224756151e+01	9.98252773077646e-01,-3.69911315372647e-02
3.73213196614725e+01	9.98233664881474e-01,-3.72477122083451e-02
3.75809099685607e+01	9.98214290691722e-01,-3.75060625856290e-02
3.78423058690241e+01	9.98194646816212e-01,-3.77661946651795e-02
3.81055199217578e+01	9.98174729511812e-01,-3.80281205199527e-02
3.83705647730108e+01	9.98154534983741e-01,-3.82918523001955e-02
3.86374531569941e+01	9.98134059384865e-01,-3.85574022338444e-02
3.89061978964917e+01	9.98113298814985e-01,-3.88247826269240e-02
3.91768119034774e+01	9.98092249320112e-01,-3.90940058639447e-02
3.94493081797347e+01	9.98070906891737e-01,-3.93650844083012e-02
3.97236998174817e+01	9.98049267466084e-01,-3.96380308026696e-02
4.00000000000003e+01	9.98027326923365e-01,-3.99128576694050e-02
4.02782220022691e+01	9.98005081087010e-01,-4.01895777109383e-02
4.05583791916015e+01	9.97982525722903e-01,-4.04682037101728e-02
4.08404850282880e+01	9.97959656538593e-01,-4.07487485308795e-02
4.11245530662430e+01	9.97936469182504e-01,-4.10312251180926e-02
4.14105969536554e+01	9.97912959243133e-01,-4.13156464985042e-02
4.16986304336452e+01	9.97889122248234e-01,-4.16020257808576e-02
4.19886673449230e+01	9.97864953663996e-01,-4.18903761563401e-02
4.22807216224556e+01	9.97840448894206e-01,-4.21807108989754e-02
4.25748072981347e+01	9.97815603279402e-01,-4.24730433660140e-02
4.28709385014521e+01	9.97790412096017e-01,-4.27673869983231e-02
4.31691294601774e+01	9.97764870555512e-01,-4.30637553207752e-02
4.34693945010427e+01	9.97738973803493e-01,-4.33621619426357e-02
4.37717480504299e+01	9.97712716918817e-01,-4.36626205579482e-02
4.40762046350648e+01	9.97686094912699e-01,-4.39651449459197e-02
4.43827788827142e+01	9.97659102727783e-01,-4.42697489713028e-02
4.46914855228892e+01	9.97631735237227e-01,-4.45764465847777e-02
4.50023393875528e+01	9.97603987243757e-01,-4.48852518233314e-02
4.53153554118323e+01	9.97575853478718e-01,-4.51961788106353e-02
4.56305486347374e+01	9.97547328601108e-01,-4.55092417574210e-02
4.59479341998818e+01	9.97518407196607e-01,-4.58244549618544e-02
4.62675273562119e+01	9.97489083776581e-01,-4.61418328099062e-02
4.65893434587387e+01	9.97459352777084e-01,-4.64613897757225e-02
4.69133979692756e+01	9.97429208557845e-01,-4.67831404219903e-02
4.72397064571817e+01	9.97398645401234e-01,-4.71070994003027e-02
4.75682846001093e+01	9.97367657511228e-01,-4.74332814515204e-02
4.78991481847576e+01	9.97336239012349e-01,-4.77617014061303e-02
4.82323131076309e+01	9.97304383948601e-01,-4.80923741846022e-02
4.85677953758023e+01	9.97272086282386e-01,-4.84253147977411e-02
4.89056111076832e+01	9.97239339893406e-01,-4.87605383470377e-02
4.92457765337971e+01	9.97206138577556e-01,-4.90980600250148e-02
4.95883079975600e+01	9.97172476045797e-01,-4.94378951155706e-02
4.99332219560650e+01	9.97138345923019e-01,-4.97800589943183e-02
5.02805349808736e+01	9.97103741746884e-01,-5.01245671289222e-02
5.06302637588117e+01	9.97068656966661e-01,-5.04714350794295e-02
5.09824250927710e+01	9.97033084942042e-01,-5.08206784985991e-02
5.13370359025167e+01	9.96997018941944e-01,-5.11723131322250e-02
5.16941132255002e+01	9.96960452143293e-01,-5.15263548194561e-02
5.20536742176779e+01	9.96923377629797e-01,-5.18828194931117e-02
5.24157361543351e+01	9.96885788390700e-01,-5.22417231799917e-02
5.27803164309163e+01	9.96847677319523e-01,-5.26030820011827e-02
5.31474325638610e+01	9.96809037212785e-01,-5.29669121723587e-02
5.35171021914451e+01	9.96769860768714e-01,-5.33332300040766e-02
5.38893430746282e+01	9.96730140585931e-01,-5.37020519020667e-02
5.42641730979075e+01	9.96689869162135e-01,-5.40733943675175e-02
5.46416102701764e+01	9.96649038892750e-01,-5.44472739973548e-02
5.50216727255904e+01	9.96607642069572e-01,-5.48237074845148e-02
5.54043787244376e+01	9.96565670879390e-01,-5.52027116182110e-02
5.57897466540169e+01	9.96523117402594e-01,-5.55843032841958e-02
5.61777950295205e+01	9.96479973611766e-01,-5.59684994650139e-02
5.65685424949245e+01	9.96436231370243e-01,-5.63553172402503e-02
5.69620078238835e+01	9.96391882430682e-01,-5.67447737867710e-02
5.73582099206338e+01	9.96346918433586e-01,-5.71368863789564e-02
5.77571678209005e+01	9.96301330905826e-01,-5.75316723889275e-02
5.81589006928131e+01	9.96255111259139e-01,-5.79291492867643e-02
5.85634278378257e+01	9.96208250788608e-01,-5.83293346407166e-02
5.89707686916448e+01	9.96160740671123e-01,-5.87322461174069e-02
5.93809428251627e+01	9.96112571963825e-01,-5.91379014820241e-02
5.97939699453983e+01	9.96063735602527e-01,-5.95463185985097e-02
6.02098698964434e+01	9.96014222400119e-01,-5.99575154297345e-02
6.06286626604167e+01	9.95964023044952e-01,-6.03715100376665e-02
6.10503683584231e+01	9.95913128099205e-01,-6.07883205835294e-02
6.14750072515213e+01	9.95861527997224e-01,-6.12079653279513e-02
6.19025997416964e+01	9.95809213043852e-01,-6.16304626311036e-02
6.23331663728408e+01	9.95756173412730e-01,-6.20558309528302e-02
6.27667278317409e+01	9.95702399144579e-01,-6.24840888527649e-02
6.32033049490710e+01	9.95647880145467e-01,-6.29152549904399e-02
6.36429187003943e+01	9.95592606185045e-01,-6.33493481253814e-02
6.40855902071706e+01	9.95536566894773e-01,-6.37863871171954e-02
6.45313407377709e+01	9.95479751766115e-01,-6.42263909256402e-02
6.49801917084997e+01	9.95422150148715e-01,-6.46693786106886e-02
6.54321646846233e+01	9.95363751248557e-01,-6.51153693325762e-02
6.58872813814067e+01	9.95304544126097e-01,-6.55643823518382e-02
6.63455636651562e+01	9.95244517694370e-01,-6.60164370293324e-02
6.68070335542704e+01	9.95183660717085e-01,-6.64715528262492e-02
6.72717132202981e+01	9.95121961806686e-01,-6.69297493041081e-02
6.77396249890031e+01	9.95059409422399e-01,-6.73910461247392e-02
6.82107913414375e+01	9.94995991868250e-01,-6.78554630502516e-02
6.86852349150212e+01	9.94931697291062e-01,-6.83230199429858e-02
6.91629785046302e+01	9.94866513678429e-01,-6.87937367654513e-02
6.96440450636909e+01	9.94800428856665e-01,-6.92676335802491e-02
7.01284577052838e+01	9.94733430488730e-01,-6.97447305499769e-02
7.06162397032534e+01	9.94665506072135e-01,-7.02250479371197e-02
7.11074144933266e+01	9.94596642936812e-01,-7.07086061039216e-02
7.16020056742388e+01	9.94526828242976e-01,-7.11954255122420e-02
7.21000370088674e+01	9.94456048978944e-01,-7.16855267233931e-02
7.26015324253739e+01	9.94384291958948e-01,-7.21789303979598e-02
7.31065160183531e+01	9.94311543820904e-01,-7.26756572956005e-02
7.36150120499911e+01	9.94237791024172e-01,-7.31757282748294e-02
7.41270449512307e+01	9.94163019847279e-01,-7.36791642927790e-02
7.46426393229457e+01	9.94087216385622e-01,-7.41859864049429e-02
7.51618199371220e+01	9.94010366549146e-01,-7.46962157648972e-02
7.56846117380488e+01	9.93932456059988e-01,-7.52098736240026e-02
7.62110398435161e+01	9.93853470450108e-01,-7.57269813310833e-02
7.67411295460223e+01	9.93773395058880e-01,-7.62475603320850e-02
7.72749063139888e+01	9.93692215030663e-01,-7.67716321697100e-02
7.78123957929840e+01	9.93609915312347e-01,-7.72992184830292e-02
7.83536238069553e+01	9.93526480650868e-01,-7.78303410070710e-02
7.88986163594699e+01	9.93441895590694e-01,-7.83650215723852e-02
7.94473996349641e+01	9.93356144471294e-01,-7.89032821045828e-02
8.00000000000012e+01	9.93269211424563e-01,-7.94451446238504e-02
8.05564440045387e+01	9.93181080372235e-01,-7.99906312444389e-02
8.11167583832036e+01	9.93091735023258e-01,-8.05397641741252e-02
8.16809700565767e+01	9.93001158871147e-01,-8.10925657136472e-02
8.22491061324866e+01	9.92909335191301e-01,-8.16490582561111e-02
8.28211939073115e+01	9.92816247038303e-01,-8.22092642863702e-02
8.33972608672910e+01	9.92721877243179e-01,-8.27732063803748e-02
8.39773346898467e+01	9.92626208410637e-01,-8.33409072044928e-02
8.45614432449118e+01	9.92529222916277e-01,-8.39123895147989e-02
8.51496145962701e+01	9.92430902903761e-01,-8.44876761563346e-02
8.57418770029048e+01	9.92331230281971e-01,-8.50667900623347e-02
8.63382589203556e+01	9.92230186722124e-01,-8.56497542534224e-02
8.69387890020860e+01	9.92127753654861e-01,-8.62365918367715e-02
8.75434961008606e+01	9.92023912267311e-01,-8.68273260052340e-02
8.81524092701303e+01	9.91918643500121e-01,-8.74219800364339e-02
8.87655577654290e+01	9.91811928044455e-01,-8.80205772918251e-02
8.93829710457790e+01	9.91703746338969e-01,-8.86231412157134e-02
9.00046787751062e+01	9.91594078566746e-01,-8.92296953342419e-02
9.06307108236654e+01	9.91482904652216e-01,-8.98402632543382e-02
9.12610972694754e+01	9.91370204258026e-01,-9.04548686626241e-02
9.18958683997643e+01	9.91255956781900e-01,-9.10735353242844e-02
9.25350547124245e+01	9.91140141353454e-01,-9.16962870818971e-02
9.31786869174780e+01	9.91022736830986e-01,-9.23231478542220e-02
9.38267959385519e+01	9.90903721798236e-01,-9.29541416349473e-02
9.44794129143640e+01	9.90783074561115e-01,-9.35892924913937e-02
9.51365692002193e+01	9.90660773144403e-01,-9.42286245631747e-02
9.57982963695159e+01	9.90536795288414e-01,-9.48721620608126e-02
9.64646262152625e+01	9.90411118445636e-01,-9.55199292643091e-02
9.71355907516054e+01	9.90283719777336e-01,-9.61719505216687e-02
9.78112222153672e+01	9.90154576150132e-01,-9.68282502473758e-02
9.84915530675950e+01	9.90023664132545e-01,-9.74888529208232e-02
9.91766159951206e+01	9.89890959991506e-01,-9.81537830846905e-02
9.98664439121307e+01	9.89756439688842e-01,-9.88230653432732e-02
1.00561069961748e+02	9.89620078877730e-01,-9.94967243607598e-02
1.01260527517624e+02	9.89481852899120e-01,-1.00174784859457e-01
1.01964850185543e+02	9.89341736778123e-01,-1.00857271617961e-01
1.02674071805034e+02	9.89199705220376e-01,-1.01544209469275e-01
1.03388226451001e+02	9.89055732608373e-01,-1.02235623298869e-01
1.04107348435357e+02	9.88909792997764e-01,-1.02931538042688e-01
1.04831472308671e+02	9.88761860113629e-01,-1.03631978685095e-01
1.05560632861833e+02	9.88611907346717e-01,-1.04336970256762e-01
1.06294865127723e+02	9.88459907749659e-01,-1.05046537832497e-01
1.07034204382891e+02	9.88305834033147e-01,-1.05760706529009e-01
1.07778686149257e+02	9.88149658562091e-01,-1.06479501502615e-01
1.08528346195816e+02	9.87991353351738e-01,-1.07202947946880e-01
1.09283220540354e+02	9.87830890063767e-01,-1.07931071090192e-01
1.10043345451182e+02	9.87668240002357e-01,-1.08663896193272e-01
1.10808757448876e+02	9.87503374110221e-01,-1.09401448546614e-01
1.11579493308035e+02	9.87336262964618e-01,-1.10143753467865e-01
1.12355590059042e+02	9.87166876773327e-01,-1.10890836299121e-01
1.13137084989850e+02	9.86995185370611e-01,-1.11642722404165e-01
1.13924015647768e+02	9.86821158213134e-01,-1.12399437165626e-01
1.14716419841268e+02	9.86644764375862e-01,-1.13161005982061e-01
1.15514335641802e+02	9.86465972547938e-01,-1.13927454264973e-01
1.16317801385627e+02	9.86284751028528e-01,-1.14698807435737e-01
1.17126855675652e+02	9.86101067722637e-01,-1.15475090922463e-01
1.17941537383290e+02	9.85914890136913e-01,-1.16256330156769e-01
1.18761885650326e+02	9.85726185375408e-01,-1.17042550570477e-01
1.19587939890797e+02	9.85534920135333e-01,-1.17833777592226e-01
1.20419739792888e+02	9.85341060702774e-01,-1.18630036644003e-01
1.21257325320834e+02	9.85144572948395e-01,-1.19431353137586e-01
1.22100736716847e+02	9.84945422323116e-01,-1.20237752470902e-01
1.22950014503043e+02	9.84743573853765e-01,-1.21049260024295e-01
1.23805199483394e+02	9.84538992138712e-01,-1.21865901156705e-01
1.24666332745682e+02	9.84331641343484e-01,-1.22687701201756e-01
1.25533455663483e+02	9.84121485196358e-01,-1.23514685463753e-01
1.26406609898143e+02	9.83908486983931e-01,-1.24346879213577e-01
1.27285837400790e+02	9.83692609546680e-01,-1.25184307684492e-01
1.28171180414342e+02	9.83473815274499e-01,-1.26026996067849e-01
1.29062681475543e+02	9.83252066102218e-01,-1.26874969508694e-01
1.29960383417000e+02	9.83027323505109e-01,-1.27728253101271e-01
1.30864329369248e+02	9.82799548494378e-01,-1.28586871884426e-01
1.31774562762814e+02	9.82568701612637e-01,-1.29450850836903e-01
1.32691127330313e+02	9.82334742929374e-01,-1.30320214872536e-01
1.33614067108542e+02	9.82097632036395e-01,-1.31194988835331e-01
1.34543426440597e+02	9.81857328043275e-01,-1.32075197494442e-01
1.35479249978007e+02	9.81613789572779e-01,-1.32960865539029e-01
1.36421582682876e+02	9.81366974756288e-01,-1.33852017573010e-01
1.37370469830043e+02	9.81116841229214e-01,-1.34748678109693e-01
1.38325957009261e+02	9.80863346126408e-01,-1.35650871566293e-01
1.39288090127383e+02	9.80606446077561e-01,-1.36558622258328e-01
1.40256915410569e+02	9.80346097202606e-01,-1.37471954393899e-01
1.41232479406508e+02	9.80082255107117e-01,-1.38390892067841e-01
1.42214828986654e+02	9.79814874877700e-01,-1.39315459255760e-01
1.43204011348479e+02	9.79543911077400e-01,-1.40245679807930e-01
1.44200074017736e+02	9.79269317741091e-01,-1.41181577443074e-01
1.45203064850749e+02	9.78991048370889e-01,-1.42123175742009e-01
1.46213032036707e+02	9.78709055931554e-01,-1.43070498141160e-01
1.47230024099983e+02	9.78423292845913e-01,-1.44023567925945e-01
1.48254089902463e+02	9.78133710990282e-01,-1.44982408224013e-01
1.49285278645892e+02	9.77840261689905e-01,-1.45947041998359e-01
1.50323639874245e+02	9.77542895714401e-01,-1.46917492040289e-01
1.51369223476099e+02	9.77241563273232e-01,-1.47893780962246e-01
1.52422079687033e+02	9.76936214011180e-01,-1.48875931190496e-01
1.53482259092046e+02	9.76626797003851e-01,-1.49863964957663e-01
1.54549812627979e+02	9.76313260753191e-01,-1.50857904295125e-01
1.55624791585969e+02	9.75995553183034e-01,-1.51857771025248e-01
1.56707247613912e+02	9.75673621634668e-01,-1.52863586753485e-01
1.57797232718941e+02	9.75347412862435e-01,-1.53875372860306e-01
1.58894799269929e+02	9.75016873029354e-01,-1.54893150492986e-01
1.60000000000004e+02	9.74681947702783e-01,-1.55916940557225e-01
1.61112888009079e+02	9.74342581850117e-01,-1.56946763708619e-01
1.62233516766408e+02	9.73998719834513e-01,-1.57982640343962e-01
1.63361940113155e+02	9.73650305410669e-01,-1.59024590592389e-01
1.64498212264974e+02	9.73297281720638e-01,-1.60072634306355e-01
1.65642387814624e+02	9.72939591289692e-01,-1.61126791052443e-01
1.66794521734583e+02	9.72577176022228e-01,-1.62187080102010e-01
1.67954669379695e+02	9.72209977197741e-01,-1.63253520421654e-01
1.69122886489825e+02	9.71837935466831e-01,-1.64326130663516e-01
1.70299229192542e+02	9.71460990847291e-01,-1.65404929155406e-01
1.71483754005811e+02	9.71079082720237e-01,-1.66489933890749e-01
1.72676517840712e+02	9.70692149826317e-01,-1.67581162518354e-01
1.73877578004173e+02	9.70300130261977e-01,-1.68678632332012e-01
1.75086992201722e+02	9.69902961475811e-01,-1.69782360259897e-01
1.76304818540262e+02	9.69500580264977e-01,-1.70892362853797e-01
1.77531115530859e+02	9.69092922771694e-01,-1.72008656278152e-01
1.78765942091559e+02	9.68679924479826e-01,-1.73131256298910e-01
1.80009357550214e+02	9.68261520211552e-01,-1.74260178272190e-01
1.81261421647332e+02	9.67837644124121e-01,-1.75395437132761e-01
1.82522194538952e+02	9.67408229706707e-01,-1.76537047382320e-01
1.83791736799530e+02	9.66973209777367e-01,-1.77685023077587e-01
1.85070109424850e+02	9.66532516480094e-01,-1.78839377818196e-01
1.86357373834957e+02	9.66086081281985e-01,-1.80000124734397e-01
1.87653591877105e+02	9.65633834970516e-01,-1.81167276474557e-01
1.88958825828729e+02	9.65175707650936e-01,-1.82340845192460e-01
1.90273138400440e+02	9.64711628743788e-01,-1.83520842534409e-01
1.91596592739033e+02	9.64241526982548e-01,-1.84707279626125e-01
1.92929252430526e+02	9.63765330411396e-01,-1.85900167059445e-01
1.94271181503212e+02	9.63282966383137e-01,-1.87099514878813e-01
1.95622444430736e+02	9.62794361557241e-01,-1.88305332567567e-01
1.96983106135191e+02	9.62299441898052e-01,-1.89517629034021e-01
1.98353231990243e+02	9.61798132673133e-01,-1.90736412597336e-01
1.99732887824263e+02	9.61290358451776e-01,-1.91961690973187e-01
2.01122139923497e+02	9.60776043103680e-01,-1.93193471259219e-01
2.02521055035250e+02	9.60255109797781e-01,-1.94431759920293e-01
2.03929700371087e+02	9.59727481001280e-01,-1.95676562773522e-01
2.05348143610070e+02	9.59193078478829e-01,-1.96927884973097e-01
2.06776452902004e+02	9.58651823291922e-01,-1.98185730994901e-01
2.08214696870715e+02	9.58103635798465e-01,-1.99450104620912e-01
2.09662944617343e+02	9.57548435652553e-01,-2.00721008923391e-01
2.11121265723668e+02	9.56986141804452e-01,-2.01998446248864e-01
2.12589730255447e+02	9.56416672500791e-01,-2.03282418201885e-01
2.14068408765783e+02	9.55839945284967e-01,-2.04572925628593e-01
2.15557372298516e+02	9.55255876997791e-01,-2.05869968600051e-01
2.17056692391633e+02	9.54664383778345e-01,-2.07173546395383e-01
2.18566441080709e+02	9.54065381065098e-01,-2.08483657484689e-01
2.20086690902365e+02	9.53458783597255e-01,-2.09800299511755e-01
2.21617514897754e+02	9.52844505416362e-01,-2.11123469276557e-01
2.23158986616071e+02	9.52222459868179e-01,-2.12453162717551e-01
2.24711180118085e+02	9.51592559604805e-01,-2.13789374893752e-01
2.26274169979701e+02	9.50954716587099e-01,-2.15132099966618e-01
2.27848031295537e+02	9.50308842087364e-01,-2.16481331181720e-01
2.29432839682538e+02	9.49654846692338e-01,-2.17837060850206e-01
2.31028671283605e+02	9.48992640306475e-01,-2.19199280330073e-01
2.32635602771256e+02	9.48322132155530e-01,-2.20567980007234e-01
2.34253711351306e+02	9.47643230790472e-01,-2.21943149276381e-01
2.35883074766582e+02	9.46955844091699e-01,-2.23324776521661e-01
2.37523771300654e+02	9.46259879273609e-01,-2.24712849097156e-01
2.39175879781596e+02	9.45555242889485e-01,-2.26107353307172e-01
2.40839479585777e+02	9.44841840836750e-01,-2.27508274386338e-01
2.42514650641670e+02	9.44119578362564e-01,-2.28915596479522e-01
2.44201473433696e+02	9.43388360069788e-01,-2.30329302621571e-01
2.45900029006089e+02	9.42648089923330e-01,-2.31749374716861e-01
2.47610398966789e+02	9.41898671256865e-01,-2.33175793518684e-01
2.49332665491367e+02	9.41140006779949e-01,-2.34608538608462e-01
2.51066911326967e+02	9.40371998585533e-01,-2.36047588374788e-01
2.52813219796288e+02	9.39594548157890e-01,-2.37492919992319e-01
2.54571674801581e+02	9.38807556380955e-01,-2.38944509400498e-01
2.56342360828686e+02	9.38010923547096e-01,-2.40402331282136e-01
2.58125362951087e+02	9.37204549366320e-01,-2.41866359041839e-01
2.59920766834002e+02	9.36388332975928e-01,-2.43336564784302e-01
2.61728658738497e+02	9.35562172950624e-01,-2.44812919292461e-01
2.63549125525631e+02	9.34725967313088e-01,-2.46295392005520e-01
2.65382254660629e+02	9.33879613545020e-01,-2.47783950996857e-01
2.67228134217086e+02	9.33023008598681e-01,-2.49278562951810e-01
2.69086852881196e+02	9.32156048908906e-01,-2.50779193145358e-01
2.70958499956016e+02	9.31278630405640e-01,-2.52285805419703e-01
2.72843165365754e+02	9.30390648526976e-01,-2.53798362161752e-01
2.74740939660089e+02	9.29491998232712e-01,-2.55316824280517e-01
2.76651914018525e+02	9.28582574018445e-01,-2.56841151184444e-01
2.78576180254768e+02	9.27662269930206e-01,-2.58371300758662e-01
2.80513830821139e+02	9.26730979579639e-01,-2.59907229342185e-01
2.82464958813018e+02	9.25788596159746e-01,-2.61448891705055e-01
2.84429657973310e+02	9.24835012461193e-01,-2.62996241025452e-01
2.86408022696959e+02	9.23870120889204e-01,-2.64549228866769e-01
2.88400148035474e+02	9.22893813481034e-01,-2.66107805154672e-01
2.90406129701500e+02	9.21905981924040e-01,-2.67671918154152e-01
2.92426064073417e+02	9.20906517574361e-01,-2.69241514446577e-01
2.94460048199969e+02	9.19895311476213e-01,-2.70816538906760e-01
2.96508179804927e+02	9.18872254381798e-01,-2.72396934680057e-01
2.98570557291787e+02	9.17837236771861e-01,-2.73982643159504e-01
3.00647279748492e+02	9.16790148876872e-01,-2.75573603963001e-01
3.02738446952199e+02	9.15730880698869e-01,-2.77169754910572e-01
3.04844159374069e+02	9.14659322033955e-01,-2.78771032001693e-01
3.06964518184094e+02	9.13575362495455e-01,-2.80377369392728e-01
3.09099625255960e+02	9.12478891537762e-01,-2.81988699374458e-01
3.11249583171940e+02	9.11369798480848e-01,-2.83604952349747e-01
3.13414495227826e+02	9.10247972535475e-01,-2.85226056811341e-01
3.15594465437884e+02	9.09113302829097e-01,-2.86851939319821e-01
3.17789598539861e+02	9.07965678432477e-01,-2.88482524481730e-01
3.20000000000009e+02	9.06804988386995e-01,-2.90117734927890e-01
3.22225776018160e+02	9.05631121732696e-01,-2.91757491291919e-01
3.24467033532819e+02	9.04443967537043e-01,-2.93401712188975e-01
3.26723880226312e+02	9.03243414924413e-01,-2.95050314194744e-01
3.28996424529951e+02	9.02029353106319e-01,-2.96703211824681e-01
3.31284775629251e+02	9.00801671412381e-01,-2.98360317513536e-01
3.33589043469169e+02	8.99560259322036e-01,-3.00021541595173e-01
3.35909338759392e+02	8.98305006497001e-01,-3.01686792282713e-01
3.38245772979652e+02	8.97035802814492e-01,-3.03355975649014e-01
3.40598458385085e+02	8.95752538401198e-01,-3.05028995607506e-01
3.42967508011624e+02	8.94455103668022e-01,-3.06705753893412e-01
3.45353035681427e+02	8.93143389345576e-01,-3.08386150045368e-01
3.47755156008349e+02	8.91817286520458e-01,-3.10070081387469e-01
3.50173984403447e+02	8.90476686672286e-01,-3.11757443011763e-01
3.52609637080526e+02	8.89121481711503e-01,-3.13448127761209e-01
3.55062231061721e+02	8.87751564017961e-01,-3.15142026213135e-01
3.57531884183121e+02	8.86366826480268e-01,-3.16839026663209e-01
3.60018715100430e+02	8.84967162535911e-01,-3.18539015109949e-01
3.62522843294667e+02	8.83552466212142e-01,-3.20241875239802e-01
3.65044389077907e+02	8.82122632167648e-01,-3.21947488412812e-01
3.67583473599063e+02	8.80677555734965e-01,-3.23655733648898e-01
3.70140218849704e+02	8.79217132963678e-01,-3.25366487614784e-01
3.72714747669917e+02	8.77741260664363e-01,-3.27079624611583e-01
3.75307183754213e+02	8.76249836453296e-01,-3.28795016563080e-01
3.77917651657462e+02	8.74742758797911e-01,-3.30512533004738e-01
3.80546276800883e+02	8.73219927062993e-01,-3.32232041073440e-01
3.83193185478069e+02	8.71681241557627e-01,-3.33953405498011e-01
3.85858504861056e+02	8.70126603582863e-01,-3.35676488590542e-01
3.88542363006427e+02	8.68555915480108e-01,-3.37401150238537e-01
3.91244888861474e+02	8.66969080680239e-01,-3.39127247897915e-01
3.93966212270386e+02	8.65366003753411e-01,-3.40854636586903e-01
3.96706463980488e+02	8.63746590459561e-01,-3.42583168880833e-01
3.99465775648529e+02	8.62110747799598e-01,-3.44312694907881e-01
4.02244279846998e+02	8.60458384067256e-01,-3.46043062345778e-01
4.05042110070503e+02	8.58789408901608e-01,-3.47774116419515e-01
4.07859400742177e+02	8.57103733340215e-01,-3.49505699900071e-01
4.10696287220143e+02	8.55401269872909e-01,-3.51237653104200e-01
4.13552905804011e+02	8.53681932496178e-01,-3.52969813895300e-01
4.16429393741432e+02	8.51945636768148e-01,-3.54702017685389e-01
4.19325889234690e+02	8.50192299864132e-01,-3.56434097438225e-01
4.22242531447340e+02	8.48421840632740e-01,-3.58165883673596e-01
4.25179460510898e+02	8.46634179652518e-01,-3.59897204472801e-01
4.28136817531570e+02	8.44829239289098e-01,-3.61627885485358e-01
4.31114744597035e+02	8.43006943752840e-01,-3.63357749936975e-01
4.34113384783269e+02	8.41167219156933e-01,-3.65086618638781e-01
4.37132882161421e+02	8.39309993575944e-01,-3.66814309997890e-01
4.40173381804733e+02	8.37435197104771e-01,-3.68540640029283e-01
4.43235029795511e+02	8.35542761917989e-01,-3.70265422369057e-01
4.46317973232145e+02	8.33632622329554e-01,-3.71988468289073e-01
4.49422360236174e+02	8.31704714852828e-01,-3.73709586713005e-01
4.52548339959406e+02	8.29758978260912e-01,-3.75428584233841e-01
4.55696062591078e+02	8.27795353647234e-01,-3.77145265132846e-01
4.58865679365080e+02	8.25813784486380e-01,-3.78859431400017e-01
4.62057342567214e+02	8.23814216695113e-01,-3.80570882756057e-01
4.65271205542515e+02	8.21796598693564e-01,-3.82279416675879e-01
4.68507422702616e+02	8.19760881466542e-01,-3.83984828413678e-01
4.71766149533168e+02	8.17707018624941e-01,-3.85686911029591e-01
4.75047542601312e+02	8.15634966467186e-01,-3.87385455417946e-01
4.78351759563197e+02	8.13544684040700e-01,-3.89080250337155e-01
4.81678959171558e+02	8.11436133203331e-01,-3.90771082441238e-01
4.85029301283344e+02	8.09309278684713e-01,-3.92457736313015e-01
4.88402946867396e+02	8.07164088147503e-01,-3.94139994498975e-01
4.91800058012181e+02	8.05000532248462e-01,-3.95817637545853e-01
4.95220797933582e+02	8.02818584699328e-01,-3.97490444038904e-01
4.98665330982737e+02	8.00618222327434e-01,-3.99158190641917e-01
5.02133822653938e+02	7.98399425136028e-01,-4.00820652138959e-01
5.05626439592579e+02	7.96162176364239e-01,-4.02477601477880e-01
5.09143349603166e+02	7.93906462546650e-01,-4.04128809815573e-01
5.12684721657376e+02	7.91632273572421e-01,-4.05774046565009e-01
5.16250725902179e+02	7.89339602743901e-01,-4.07413079444053e-01
5.19841533668009e+02	7.87028446834702e-01,-4.09045674526060e-01
5.23457317476998e+02	7.84698806147158e-01,-4.10671596292269e-01
5.27098251051265e+02	7.82350684569119e-01,-4.12290607685984e-01
5.30764509321261e+02	7.79984089630047e-01,-4.13902470168558e-01
5.34456268434175e+02	7.77599032556320e-01,-4.15506943777168e-01
5.38173705762396e+02	7.75195528325729e-01,-4.17103787184380e-01
5.41916999912037e+02	7.72773595721077e-01,-4.18692757759517e-01
5.45686330731512e+02	7.70333257382850e-01,-4.20273611631801e-01
5.49481879320182e+02	7.67874539860880e-01,-4.21846103755283e-01
5.53303828037053e+02	7.65397473664953e-01,-4.23409987975530e-01
5.57152360509539e+02	7.62902093314314e-01,-4.24965017098090e-01
5.61027661642283e+02	7.60388437385977e-01,-4.26510942958682e-01
5.64929917626039e+02	7.57856548561820e-01,-4.28047516495139e-01
5.68859315946625e+02	7.55306473674382e-01,-4.29574487821048e-01
5.72816045393923e+02	7.52738263751298e-01,-4.31091606301098e-01
5.76800296070952e+02	7.50151974058340e-01,-4.32598620628098e-01
5.80812259403004e+02	7.47547664140970e-01,-4.34095278901654e-01
5.84852128146837e+02	7.44925397864369e-01,-4.35581328708460e-01
5.88920096399941e+02	7.42285243451880e-01,-4.37056517204210e-01
5.93016359609859e+02	7.39627273521788e-01,-4.38520591197060e-01
5.97141114583579e+02	7.36951565122408e-01,-4.39973297232642e-01
6.01294559496990e+02	7.34258199765387e-01,-4.41414381680585e-01
6.05476893904404e+02	7.31547263457202e-01,-4.42843590822494e-01
6.09688318748142e+02	7.28818846728757e-01,-4.44260670941371e-01
6.13929036368192e+02	7.26073044663050e-01,-4.45665368412426e-01
6.18199250511924e+02	7.23309956920847e-01,-4.47057429795228e-01
6.22499166343886e+02	7.20529687764296e-01,-4.48436601927171e-01
6.26828990455656e+02	7.17732346078444e-01,-4.49802632018184e-01
6.31188930875773e+02	7.14918045390598e-01,-4.51155267746660e-01
6.35579197079727e+02	7.12086903887465e-01,-4.52494257356531e-01
6.40000000000024e+02	7.09239044430044e-01,-4.53819349755446e-01
6.44451552036324e+02	7.06374594566200e-01,-4.55130294613999e-01
6.48934067065643e+02	7.03493686540880e-01,-4.56426842465941e-01
6.53447760452628e+02	7.00596457303922e-01,-4.57708744809319e-01
6.57992849059907e+02	6.97683048515423e-01,-4.58975754208482e-01
6.62569551258507e+02	6.94753606548596e-01,-4.60227624396885e-01
6.67178086938343e+02	6.91808282490107e-01,-4.61464110380634e-01
6.71818677518788e+02	6.88847232137825e-01,-4.62684968542688e-01
6.76491545959309e+02	6.85870615995966e-01,-4.63889956747667e-01
6.81196916770176e+02	6.82878599267581e-01,-4.65078834447176e-01
6.85935016023254e+02	6.79871351844360e-01,-4.66251362785588e-01
6.90706071362860e+02	6.76849048293731e-01,-4.67407304706195e-01
6.95510312016704e+02	6.73811867843199e-01,-4.68546425057662e-01
7.00347968806900e+02	6.70759994361925e-01,-4.69668490700700e-01
7.05219274161058e+02	6.67693616339500e-01,-4.70773270614875e-01
7.10124462123448e+02	6.64612926861910e-01,-4.71860536005482e-01
7.15063768366248e+02	6.61518123584658e-01,-4.72930060410390e-01
7.20037430200866e+02	6.58409408703025e-01,-4.73981619806775e-01
7.25045686589339e+02	6.55286988919476e-01,-4.75014992717665e-01
7.30088778155819e+02	6.52151075408178e-01,-4.76029960318202e-01
7.35166947198131e+02	6.49001883776625e-01,-4.77026306541535e-01
7.40280437699413e+02	6.45839634024383e-01,-4.78003818184259e-01
7.45429495339841e+02	6.42664550498924e-01,-4.78962285011308e-01
7.50614367508432e+02	6.39476861848576e-01,-4.79901499860216e-01
7.55835303314929e+02	6.36276800972571e-01,-4.80821258744647e-01
7.61092553601771e+02	6.33064604968217e-01,-4.81721360957122e-01
7.66386370956144e+02	6.29840515075185e-01,-4.82601609170828e-01
7.71717009722117e+02	6.26604776616942e-01,-4.83461809540439e-01
7.77084726012860e+02	6.23357638939331e-01,-4.84301771801844e-01
7.82489777722954e+02	6.20099355346326e-01,-4.85121309370700e-01
7.87932424540777e+02	6.16830183032988e-01,-4.85920239439718e-01
7.93412927960983e+02	6.13550383015632e-01,-4.86698383074580e-01
7.98931551297063e+02	6.10260220059254e-01,-4.87455565308416e-01
8.04488559694002e+02	6.06959962602238e-01,-4.88191615234742e-01
8.10084220141011e+02	6.03649882678380e-01,-4.88906366098759e-01
8.15718801484360e+02	6.00330255836274e-01,-4.89599655386953e-01
8.21392574440291e+02	5.97001361056096e-01,-4.90271324914875e-01
8.27105811608028e+02	5.93663480663830e-01,-4.90921220913053e-01
8.32858787482871e+02	5.90316900242996e-01,-4.91549194110909e-01
8.38651778469386e+02	5.86961908543913e-01,-4.92155099818639e-01
8.44485062894686e+02	5.83598797390573e-01,-4.92738798006946e-01
8.50358921021801e+02	5.80227861585167e-01,-4.93300153384554e-01
8.56273635063146e+02	5.76849398810330e-01,-4.93839035473435e-01
8.62229489194076e+02	5.73463709529170e-01,-4.94355318681652e-01
8.68226769566545e+02	5.70071096883147e-01,-4.94848882373764e-01
8.74265764322848e+02	5.66671866587871e-01,-4.95319610938708e-01
8.80346763609472e+02	5.63266326826886e-01,-4.95767393855091e-01
8.86470059591028e+02	5.59854788143531e-01,-4.96192125753829e-01
8.92635946464296e+02	5.56437563330928e-01,-4.96593706478056e-01
8.98844720472355e+02	5.53014967320211e-01,-4.96972041140254e-01
9.05096679918818e+02	5.49587317067046e-01,-4.97327040176537e-01
9.11392125182163e+02	5.46154931436547e-01,-4.97658619398030e-01
9.17731358730167e+02	5.42718131086671e-01,-4.97966700039289e-01
9.24114685134435e+02	5.39277238350172e-01,-4.98251208803720e-01
9.30542411085037e+02	5.35832577115216e-01,-4.98512077905931e-01
9.37014845405239e+02	5.32384472704749e-01,-4.98749245110986e-01
9.43532299066344e+02	5.28933251754693e-01,-4.98962653770520e-01
9.50095085202631e+02	5.25479242091101e-01,-4.99152252855657e-01
9.56703519126400e+02	5.22022772606330e-01,-4.99317996986722e-01
9.63357918343123e+02	5.18564173134337e-01,-4.99459846458916e-01
9.70058602566695e+02	5.15103774325347e-01,-4.99577767268612e-01
9.76805893734798e+02	5.11641907519554e-01,-4.99671731128537e-01
9.83600116024369e+02	5.08178904620575e-01,-4.99741715487447e-01
9.90441595867171e+02	5.04715097968291e-01,-4.99787703542541e-01
9.97330661965481e+02	5.01250820211349e-01,-4.99809684249306e-01
1.00426764530788e+03	4.97786404179429e-01,-4.99807652327982e-01
1.01125287918517e+03	4.94322182755352e-01,-4.99781608266659e-01
1.01828669920634e+03	4.90858488747148e-01,-4.99731558320991e-01
1.02536944331476e+03	4.87395654760186e-01,-4.99657514510530e-01
1.03250145180437e+03	4.83934013069469e-01,-4.99559494611682e-01
1.03968306733603e+03	4.80473895492198e-01,-4.99437522147304e-01
1.04691463495400e+03	4.77015633260710e-01,-4.99291626372927e-01
1.05419650210254e+03	4.73559556895890e-01,-4.99121842259658e-01
1.06152901864253e+03	4.70105996081168e-01,-4.98928210473742e-01
1.06891253686836e+03	4.66655279537192e-01,-4.98710777352832e-01
1.07634741152480e+03	4.63207734897283e-01,-4.98469594878981e-01
1.08383399982408e+03	4.59763688583775e-01,-4.98204720648387e-01
1.09137266146303e+03	4.56323465685332e-01,-4.97916217837927e-01
1.09896375864037e+03	4.52887389835342e-01,-4.97604155168515e-01
1.10660765607411e+03	4.49455783091484e-01,-4.97268606865313e-01
1.11430472101909e+03	4.46028965816570e-01,-4.96909652614863e-01
1.12205532328457e+03	4.42607256560728e-01,-4.96527377519152e-01
1.12985983525209e+03	4.39190971945055e-01,-4.96121872046691e-01
1.13771863189326e+03	4.35780426546793e-01,-4.95693231980635e-01
1.14563209078785e+03	4.32375932786140e-01,-4.95241558364023e-01
1.15360059214191e+03	4.28977800814762e-01,-4.94766957442163e-01
1.16162451880602e+03	4.25586338406100e-01,-4.94269540602263e-01
1.16970425629368e+03	4.22201850847545e-01,-4.93749424310337e-01
1.17784019279989e+03	4.18824640834562e-01,-4.93206730045467e-01
1.18603271921973e+03	4.15455008366834e-01,-4.92641584231494e-01
1.19428222916717e+03	4.12093250646497e-01,-4.92054118166191e-01
1.20258911899399e+03	4.08739661978545e-01,-4.91444467948012e-01
1.21095378780882e+03	4.05394533673451e-01,-4.90812774400476e-01
1.21937663749629e+03	4.02058153952092e-01,-4.90159182994268e-01
1.22785807273639e+03	3.98730807853017e-01,-4.89483843767136e-01
1.23639850102386e+03	3.95412777142128e-01,-4.88786911241668e-01
1.24499833268778e+03	3.92104340224954e-01,-4.88068544340445e-01
1.25365798091132e+03	3.88805772060796e-01,-4.87328906302124e-01
1.26237786175155e+03	3.85517344080710e-01,-4.86568164589868e-01
1.27115839415946e+03	3.82239324106831e-01,-4.85786490803778e-01
1.28000000000006e+03	3.78971976274976e-01,-4.84984060588719e-01
1.28890310407266e+03	3.75715560959805e-01,-4.84161053541125e-01
1.29786813413129e+03	3.72470334702713e-01,-4.83317653114266e-01
1.30689552090527e+03	3.69236550142466e-01,-4.82454046522097e-01
1.31598569811982e+03	3.66014455948630e-01,-4.81570424641748e-01
1.32513910251702e+03	3.62804296757800e-01,-4.80666981914768e-01
1.33435617387669e+03	3.59606313112664e-01,-4.79743916247204e-01
1.34363735503759e+03	3.56420741403914e-01,-4.78801428908609e-01
1.35298309191863e+03	3.53247813815028e-01,-4.77839724430067e-01
1.36239383354036e+03	3.50087758269919e-01,-4.76859010501326e-01
1.37187003204652e+03	3.46940798383482e-01,-4.75859497867140e-01
1.38141214272573e+03	3.43807153415024e-01,-4.74841400222894e-01
1.39102062403342e+03	3.40687038224599e-01,-4.73804934109606e-01
1.40069593761381e+03	3.37580663232234e-01,-4.72750318808415e-01
1.41043854832213e+03	3.34488234380045e-01,-4.71677776234612e-01
1.42024892424691e+03	3.31409953097251e-01,-4.70587530831328e-01
1.43012753673251e+03	3.28346016268053e-01,-4.69479809462948e-01
1.44007486040174e+03	3.25296616202389e-01,-4.68354841308356e-01
1.45009137317869e+03	3.22261940609535e-01,-4.67212857754077e-01
1.46017755631165e+03	3.19242172574549e-01,-4.66054092287410e-01
1.47033389439627e+03	3.16237490537518e-01,-4.64878780389633e-01
1.48056087539884e+03	3.13248068275605e-01,-4.63687159429368e-01
1.49085899067969e+03	3.10274074887864e-01,-4.62479468556165e-01
1.50122873501687e+03	3.07315674782794e-01,-4.61255948594413e-01
1.51167060662987e+03	3.04373027668596e-01,-4.60016841937630e-01
1.52218510720355e+03	3.01446288546121e-01,-4.58762392443214e-01
1.53277274191230e+03	2.98535607704453e-01,-4.57492845327744e-01
1.54343401944424e+03	2.95641130719097e-01,-4.56208447062874e-01
1.55416945202573e+03	2.92762998452751e-01,-4.54909445271913e-01
1.56497955544592e+03	2.89901347058588e-01,-4.53596088627153e-01
1.57586484908157e+03	2.87056307986041e-01,-4.52268626748002e-01
1.58682585592198e+03	2.84228007989019e-01,-4.50927310100000e-01
1.59786310259414e+03	2.81416569136532e-01,-4.49572389894766e-01
1.60897711938801e+03	2.78622108825656e-01,-4.48204117990950e-01
1.62016844028203e+03	2.75844739796808e-01,-4.46822746796231e-01
1.63143760296873e+03	2.73084570151272e-01,-4.45428529170435e-01
1.64278514888059e+03	2.70341703370920e-01,-4.44021718329810e-01
1.65421162321607e+03	2.67616238340093e-01,-4.42602567752521e-01
1.66571757496575e+03	2.64908269369567e-01,-4.41171331085405e-01
1.67730355693878e+03	2.62217886222661e-01,-4.39728262051868e-01
1.68897012578938e+03	2.59545174142858e-01,-4.38273614362005e-01
1.70071784204361e+03	2.56890213884296e-01,-4.36807641622373e-01
1.71254727012630e+03	2.54253081743191e-01,-4.35330597248950e-01
1.72445897838816e+03	2.51633849591550e-01,-4.33842734380702e-01
1.73645353913310e+03	2.49032584912538e-01,-4.32344305794820e-01
1.74853152864571e+03	2.46449350837554e-01,-4.30835563823522e-01
1.76069352721896e+03	2.43884206184941e-01,-4.29316760272414e-01
1.77294011918207e+03	2.41337205500276e-01,-4.27788146340469e-01
1.78527189292860e+03	2.38808399098185e-01,-4.26249972541627e-01
1.79768944094472e+03	2.36297833105615e-01,-4.24702488628062e-01
1.81019335983765e+03	2.33805549506514e-01,-4.23145943515122e-01
1.82278425036434e+03	2.31331586187845e-01,-4.21580585207969e-01
1.83546271746035e+03	2.28875976986890e-01,-4.20006660729937e-01
1.84822937026888e+03	2.26438751739959e-01,-4.18424416052347e-01
1.86108482217009e+03	2.24019936331336e-01,-4.16834096027485e-01
1.87402969081049e+03	2.21619552745185e-01,-4.15235944320489e-01
1.88706459813270e+03	2.19237619116651e-01,-4.13630203345877e-01
1.90019017040527e+03	2.16874149784869e-01,-4.12017114204408e-01
1.91340703825281e+03	2.14529155346725e-01,-4.10396916622027e-01
1.92671583668626e+03	2.12202642711491e-01,-4.08769848890602e-01
1.94011720513340e+03	2.09894615156270e-01,-4.07136147810443e-01
1.95361178746961e+03	2.07605072382207e-01,-4.05496048634633e-01
1.96720023204875e+03	2.05334010571408e-01,-4.03849785015148e-01
1.98088319173436e+03	2.03081422444503e-01,-4.02197588950762e-01
1.99466132393098e+03	2.00847297318810e-01,-4.00539690736759e-01
2.00853529061578e+03	1.98631621167046e-01,-3.98876318916416e-01
2.02250575837034e+03	1.96434376676526e-01,-3.97207700234268e-01
2.03657339841269e+03	1.94255543308802e-01,-3.95534059591148e-01
2.05073888662953e+03	1.92095097359700e-01,-3.93855620000978e-01
2.06500290360874e+03	1.89953012019685e-01,-3.92172602549323e-01
2.07936613467207e+03	1.87829257434534e-01,-3.90485226353669e-01
2.09382926990802e+03	1.85723800766243e-01,-3.88793708525436e-01
2.10839300420509e+03	1.83636606254135e-01,-3.87098264133695e-01
2.12305803728508e+03	1.81567635276130e-01,-3.85399106170582e-01
2.13782507373673e+03	1.79516846410109e-01,-3.83696445518390e-01
2.15269482304962e+03	1.77484195495359e-01,-3.81990490918320e-01
2.16766799964818e+03	1.75469635694122e-01,-3.80281448940773e-01
2.18274532292608e+03	1.73473117552693e-01,-3.78569523957766e-01
2.19792751728076e+03	1.71494589063331e-01,-3.76854918115944e-01
2.21321531214825e+03	1.69533995725207e-01,-3.75137831312176e-01
2.22860944203819e+03	1.67591280605650e-01,-3.73418461170210e-01
2.24411064656916e+03	1.65666384401146e-01,-3.71697003018959e-01
2.25971967050419e+03	1.63759245498121e-01,-3.69973649872300e-01
2.27543726378653e+03	1.61869800033492e-01,-3.68248592410358e-01
2.29126418157573e+03	1.59997981954951e-01,-3.66522018962258e-01
2.30720118428384e+03	1.58143723080937e-01,-3.64794115490307e-01
2.32324903761205e+03	1.56306953160280e-01,-3.63065065575592e-01
2.33940851258738e+03	1.54487599931485e-01,-3.61335050404960e-01
2.35568038559980e+03	1.52685589181617e-01,-3.59604248759362e-01
2.37206543843947e+03	1.50900844804776e-01,-3.57872837003518e-01
2.38856445833435e+03	1.49133288860121e-01,-3.56140989076897e-01
2.40517823798799e+03	1.47382841629433e-01,-3.54408876485965e-01
2.42190757561765e+03	1.45649421674178e-01,-3.52676668297690e-01
2.43875327499260e+03	1.43932945892215e-01,-3.50944531134104e-01
2.45571614547280e+03	1.42233329573189e-01,-3.49212629168829e-01
2.47279700204773e+03	1.40550486454919e-01,-3.47481124123235e-01
2.48999666537558e+03	1.38884328777660e-01,-3.45750175265263e-01
2.50731596182266e+03	1.37234767338539e-01,-3.44019939408590e-01
2.52475572350313e+03	1.35601711545236e-01,-3.42290570913025e-01
2.54231678831894e+03	1.33985069469021e-01,-3.40562221685954e-01
2.56000000000013e+03	1.32384747897238e-01,-3.38835041184734e-01
2.57780620814533e+03	1.30800652384747e-01,-3.37109176420428e-01
2.59573626826261e+03	1.29232687305442e-01,-3.35384771961812e-01
2.61379104181055e+03	1.27680755902344e-01,-3.33661969941009e-01
2.63197139623967e+03	1.26144760337365e-01,-3.31940910059681e-01
2.65027820503406e+03	1.24624601740300e-01,-3.30221729596173e-01
2.66871234775341e+03	1.23120180257097e-01,-3.28504563413503e-01
2.68727471007519e+03	1.21631395097400e-01,-3.26789543968184e-01
2.70596618383727e+03	1.20158144581372e-01,-3.25076801319830e-01
2.72478766708074e+03	1.18700326185763e-01,-3.23366463141540e-01
2.74374006409305e+03	1.17257836589243e-01,-3.21658654731021e-01
2.76282428545148e+03	1.15830571716980e-01,-3.19953499022421e-01
2.78204124806685e+03	1.14418426784591e-01,-3.18251116598747e-01
2.80139187522764e+03	1.13021296340675e-01,-3.16551625705493e-01
2.82087709664427e+03	1.11639074309903e-01,-3.14855142263798e-01
2.84049784849383e+03	1.10271654034020e-01,-3.13161779885326e-01
2.86025507346503e+03	1.08918928312738e-01,-3.11471649887176e-01
2.88014972080350e+03	1.07580789443723e-01,-3.09784861307458e-01
2.90018274635740e+03	1.06257129261945e-01,-3.08101520921320e-01
2.92035511262332e+03	1.04947839177619e-01,-3.06421733257966e-01
2.94066778879257e+03	1.03652810214643e-01,-3.04745600617186e-01
2.96112175079769e+03	1.02371933046998e-01,-3.03073223087335e-01
2.98171798135941e+03	1.01105098035011e-01,-3.01404698563262e-01
3.00245747003377e+03	9.98521952607331e-02,-2.99740122764762e-01
3.02334121325976e+03	9.86131145625421e-02,-2.98079589255418e-01
3.04437021440713e+03	9.73877455689935e-02,-2.96423189461829e-01
3.06554548382462e+03	9.61759777319087e-02,-2.94771012693185e-01
3.08686803888851e+03	9.49777003587111e-02,-2.93123146161188e-01
3.10833890405149e+03	9.37928026440686e-02,-2.91479675000235e-01
3.12995911089186e+03	9.26211737005067e-02,-2.89840682288114e-01
3.15172969816316e+03	9.14627025888536e-02,-2.88206249066550e-01
3.17365171184398e+03	9.03172783473773e-02,-2.86576454362432e-01
3.19572620518830e+03	8.91847900205910e-02,-2.84951375208990e-01
3.21795423877605e+03	8.80651266867271e-02,-2.83331086667618e-01
3.24033688056409e+03	8.69581774855998e-02,-2.81715661849131e-01
3.26287520593749e+03	8.58638316446513e-02,-2.80105171935973e-01
3.28557029776121e+03	8.47819785048488e-02,-2.78499686204220e-01
3.30842324643216e+03	8.37125075457753e-02,-2.76899272045798e-01
3.33143514993153e+03	8.26553084100329e-02,-2.75303994990847e-01
3.35460711387759e+03	8.16102709269644e-02,-2.73713918730205e-01
3.37794025157879e+03	8.05772851357030e-02,-2.72129105137994e-01
3.40143568408726e+03	7.95562413076067e-02,-2.70549614294269e-01
3.42509454025263e+03	7.85470299677857e-02,-2.68975504507905e-01
3.44891795677636e+03	7.75495419164858e-02,-2.67406832339224e-01
3.47290707826623e+03	7.65636682493260e-02,-2.65843652622997e-01
3.49706305729145e+03	7.55893003772561e-02,-2.64286018491259e-01
3.52138705443794e+03	7.46263300453578e-02,-2.62733981396489e-01
3.54588023836416e+03	7.36746493520014e-02,-2.61187591134188e-01
3.57054378585724e+03	7.27341507664271e-02,-2.59646895866076e-01
3.59537888188947e+03	7.18047271462193e-02,-2.58111942142967e-01
3.62038671967532e+03	7.08862717540961e-02,-2.56582774927691e-01
3.64556850072871e+03	6.99786782741230e-02,-2.55059437617976e-01
3.67092543492072e+03	6.90818408274044e-02,-2.53541972069269e-01
3.69645874053780e+03	6.81956539869926e-02,-2.52030418617636e-01
3.72216964434020e+03	6.73200127926982e-02,-2.50524816102337e-01
3.74805938162101e+03	6.64548127649980e-02,-2.49025201888547e-01
3.77412919626543e+03	6.55999499182042e-02,-2.47531611890111e-01
3.80038034081058e+03	6.47553207739397e-02,-2.46044080591748e-01
3.82681407650566e+03	6.39208223732298e-02,-2.44562641071650e-01
3.85343167337255e+03	6.30963522885309e-02,-2.43087325023742e-01
3.88023441026684e+03	6.22818086351789e-02,-2.41618162779863e-01
3.90722357493925e+03	6.14770900823972e-02,-2.40155183331831e-01
3.93440046409753e+03	6.06820958636280e-02,-2.38698414353477e-01
3.96176638346874e+03	5.98967257868082e-02,-2.37247882222335e-01
3.98932264786198e+03	5.91208802437829e-02,-2.35803612041420e-01
4.01707058123159e+03	5.83544602194789e-02,-2.34365627660746e-01
4.04501151674072e+03	5.75973673006019e-02,-2.32933951698730e-01
4.07314679682541e+03	5.68495036839835e-02,-2.31508605563393e-01
4.10147777325910e+03	5.61107721841313e-02,-2.30089609473606e-01
4.13000580721752e+03	5.53810762412064e-02,-2.28676982479741e-01
4.15873226934416e+03	5.46603199274679e-02,-2.27270742484741e-01
4.18765853981608e+03	5.39484079544545e-02,-2.25870906264439e-01
4.21678600841022e+03	5.32452456789614e-02,-2.24477489488121e-01
4.24611607457018e+03	5.25507391090198e-02,-2.23090506738728e-01
4.27565014747350e+03	5.18647949094724e-02,-2.21709971532887e-01
4.30538964609927e+03	5.11873204070191e-02,-2.20335896340851e-01
4.33533599929639e+03	5.05182235952668e-02,-2.18968292606069e-01
4.36549064585219e+03	4.98574131391237e-02,-2.17607170764733e-01
4.39585503456155e+03	4.92047983788708e-02,-2.16252540265118e-01
4.42643062429652e+03	4.85602893342159e-02,-2.14904409586578e-01
4.45721888407641e+03	4.79237967076943e-02,-2.13562786258518e-01
4.48822129313836e+03	4.72952318879990e-02,-2.12227676879044e-01
4.51943934100841e+03	4.66745069526571e-02,-2.10899087133580e-01
4.55087452757310e+03	4.60615346710626e-02,-2.09577021812980e-01
4.58252836315148e+03	4.54562285066429e-02,-2.08261484831711e-01
4.61440236856772e+03	4.48585026187627e-02,-2.06952479245814e-01
4.64649807522413e+03	4.42682718649216e-02,-2.05650007270409e-01
4.67881702517480e+03	4.36854518020665e-02,-2.04354070297275e-01
4.71136077119964e+03	4.31099586880245e-02,-2.03064668912045e-01
4.74413087687898e+03	4.25417094823315e-02,-2.01781802911359e-01
4.77712891666873e+03	4.19806218474176e-02,-2.00505471319539e-01
4.81035647597602e+03	4.14266141489658e-02,-1.99235672405315e-01
4.84381515123534e+03	4.08796054563450e-02,-1.97972403698207e-01
4.87750654998525e+03	4.03395155427660e-02,-1.96715662004727e-01
4.91143229094564e+03	3.98062648852815e-02,-1.95465443424336e-01
4.94559400409550e+03	3.92797746643063e-02,-1.94221743365316e-01
4.97999333075120e+03	3.87599667634917e-02,-1.92984556560189e-01
5.01463192364536e+03	3.82467637689083e-02,-1.91753877081139e-01
5.04951144700630e+03	3.77400889680532e-02,-1.90529698355214e-01
5.08463357663793e+03	3.72398663492090e-02,-1.89312013179105e-01
5.12000000000031e+03	3.67460205998329e-02,-1.88100813734033e-01
5.15561241629071e+03	3.62584771055676e-02,-1.86896091600109e-01
5.19147253652526e+03	3.57771619485393e-02,-1.85697837770709e-01
5.22758208362114e+03	3.53020019056347e-02,-1.84506042666586e-01
5.26394279247938e+03	3.48329244468503e-02,-1.83320696149681e-01
5.30055641006817e+03	3.43698577331212e-02,-1.82141787536881e-01
5.33742469550686e+03	3.39127306143817e-02,-1.80969305613427e-01
5.37454942015043e+03	3.34614726272644e-02,-1.79803238646199e-01
5.41193236767459e+03	3.30160139925584e-02,-1.78643574396849e-01
5.44957533416153e+03	3.25762856130333e-02,-1.77490300134538e-01
5.48748012818615e+03	3.21422190704404e-02,-1.76343402648743e-01
5.52564857090300e+03	3.17137466230953e-02,-1.75202868261597e-01
5.56408249613375e+03	3.12908012028832e-02,-1.74068682840214e-01
5.60278375045533e+03	3.08733164121677e-02,-1.72940831808810e-01
5.64175419328859e+03	3.04612265209939e-02,-1.71819300160473e-01
5.68099569698771e+03	3.00544664637485e-02,-1.70704072468924e-01
5.72051014693011e+03	2.96529718359894e-02,-1.69595132899969e-01
5.76029944160706e+03	2.92566788909733e-02,-1.68492465222855e-01
5.80036549271484e+03	2.88655245363092e-02,-1.67396052821346e-01
5.84071022524669e+03	2.84794463305241e-02,-1.66305878704625e-01
5.88133557758518e+03	2.80983824793842e-02,-1.65221925518069e-01
5.92224350159543e+03	2.77222718321084e-02,-1.64144175553848e-01
5.96343596271886e+03	2.73510538778688e-02,-1.63072610761220e-01
6.00491494006759e+03	2.69846687418408e-02,-1.62007212756782e-01
6.04668242651957e+03	2.66230571813138e-02,-1.60947962834491e-01
6.08874042881431e+03	2.62661605817972e-02,-1.59894841975504e-01
6.13109096764929e+03	2.59139209531037e-02,-1.58847830857819e-01
6.17373607777707e+03	2.55662809251345e-02,-1.57806909865832e-01
6.21667780810302e+03	2.52231837438783e-02,-1.56772059099637e-01
6.25991822178378e+03	2.48845732673365e-02,-1.55743258384159e-01
6.30345939632636e+03	2.45503939612396e-02,-1.54720487278183e-01
6.34730342368800e+03	2.42205908948144e-02,-1.53703725083182e-01
6.39145241037665e+03	2.38951097364768e-02,-1.52692950851992e-01
6.43590847755216e+03	2.35738967496756e-02,-1.51688143397276e-01
6.48067376112824e+03	2.32568987883900e-02,-1.50689281299913e-01
6.52575041187503e+03	2.29440632927545e-02,-1.49696342917198e-01
6.57114059552248e+03	2.26353382848003e-02,-1.48709306390822e-01
6.61684649286437e+03	2.23306723638371e-02,-1.47728149654822e-01
6.66287029986312e+03	2.20300147021569e-02,-1.46752850443256e-01
6.70921422775524e+03	2.17333150403732e-02,-1.45783386297846e-01
6.75588050315764e+03	2.14405236830631e-02,-1.44819734575367e-01
6.80287136817457e+03	2.11515914942418e-02,-1.43861872454945e-01
6.85018908050532e+03	2.08664698926862e-02,-1.42909776945244e-01
6.89783591355277e+03	2.05851108475215e-02,-1.41963424891433e-01
6.94581415653252e+03	2.03074668736532e-02,-1.41022792982056e-01
6.99412611458295e+03	2.00334910270729e-02,-1.40087857755798e-01
7.04277410887593e+03	1.97631369003497e-02,-1.39158595608061e-01
7.09176047672838e+03	1.94963586181095e-02,-1.38234982797402e-01
7.14108757171453e+03	1.92331108323079e-02,-1.37316995451908e-01
7.19075776377900e+03	1.89733487177163e-02,-1.36404609575367e-01
7.24077343935071e+03	1.87170279672634e-02,-1.35497801053364e-01
7.29113700145747e+03	1.84641047874468e-02,-1.34596545659218e-01
7.34185086984150e+03	1.82145358938248e-02,-1.33700819059787e-01
7.39291748107565e+03	1.79682785062286e-02,-1.32810596821218e-01
7.44433928868046e+03	1.77252903443794e-02,-1.31925854414473e-01
7.49611876324208e+03	1.74855296230876e-02,-1.31046567220848e-01
7.54825839253092e+03	1.72489550478753e-02,-1.30172710537265e-01
7.60076068162122e+03	1.70155258102201e-02,-1.29304259581553e-01
7.65362815301138e+03	1.67852015830896e-02,-1.28441189497536e-01
7.70686334674516e+03	1.65579425163336e-02,-1.27583475360061e-01
7.76046882053374e+03	1.63337092322100e-02,-1.26731092179869e-01
7.81444714987857e+03	1.61124628208238e-02,-1.25884014908401e-01
7.86880092819513e+03	1.58941648354418e-02,-1.25042218442519e-01
7.92353276693755e+03	1.56787772882916e-02,-1.24205677629010e-01
7.97864529572403e+03	1.54662626457993e-02,-1.23374367269131e-01
8.03414116246325e+03	1.52565838242650e-02,-1.22548262122951e-01
8.09002303348151e+03	1.50497041853562e-02,-1.21727336913637e-01
8.14629359365089e+03	1.48455875316453e-02,-1.20911566331641e-01
8.20295554651826e+03	1.46441981022091e-02,-1.20100925038777e-01
8.26001161443511e+03	1.44455005682461e-02,-1.19295387672208e-01
8.31746453868839e+03	1.42494600286711e-02,-1.18494928848345e-01
8.37531707963222e+03	1.40560420057317e-02,-1.17699523166660e-01
8.43357201682050e+03	1.38652124406887e-02,-1.16909145213397e-01
8.49223214914044e+03	1.36769376895263e-02,-1.16123769565189e-01
8.55130029494706e+03	1.34911845185853e-02,-1.15343370792624e-01
8.61077929219860e+03	1.33079201003695e-02,-1.14567923463671e-01
8.67067199859285e+03	1.31271120092172e-02,-1.13797402147082e-01
8.73098129170445e+03	1.29487282171541e-02,-1.13031781415658e-01
8.79171006912318e+03	1.27727370896253e-02,-1.12271035849478e-01
8.85286124859312e+03	1.25991073813682e-02,-1.11515140039014e-01
8.91443776815290e+03	1.24278082321982e-02,-1.10764068588204e-01
8.97644258627679e+03	1.22588091630237e-02,-1.10017796117395e-01
9.03887868201690e+03	1.20920800715572e-02,-1.09276297266286e-01
9.10174905514628e+03	1.19275912284188e-02,-1.08539546696719e-01
9.16505672630304e+03	1.17653132729772e-02,-1.07807519095460e-01
9.22880473713551e+03	1.16052172094317e-02,-1.07080189176861e-01
9.29299615044834e+03	1.14472744026877e-02,-1.06357531685509e-01
9.35763405034968e+03	1.12914565745622e-02,-1.05639521398728e-01
9.42272154239935e+03	1.11377357997746e-02,-1.04926133129084e-01
9.48826175375803e+03	1.09860845019821e-02,-1.04217341726807e-01
9.55425783333754e+03	1.08364754500151e-02,-1.03513122082120e-01
9.62071295195212e+03	1.06888817540244e-02,-1.02813449127521e-01
9.68763030247075e+03	1.05432768616036e-02,-1.02118297840025e-01
9.75501309997057e+03	1.03996345540002e-02,-1.01427643243323e-01
9.82286458189136e+03	1.02579289424624e-02,-1.00741460409867e-01
9.89118800819108e+03	1.01181344644516e-02,-1.00059724462920e-01
9.95998666150247e+03	9.98022587988991e-03,-9.93824105785610e-02
1.00292638472908e+04	9.84417826760912e-03,-9.87094939875849e-02
1.00990228940127e+04	9.70996702164986e-03,-9.80409499773939e-02
1.01692671532759e+04	9.57756784767354e-03,-9.73767538938118e-02
1.02400000000007e+04	9.44695675939002e-03,-9.67168811428510e-02
1.03112248325815e+04	9.31811007502936e-03,-9.60613071924230e-02
1.03829450730506e+04	9.19100441376859e-03,-9.54100075740141e-02
1.04551641672424e+04	9.06561669236790e-03,-9.47629578842745e-02
1.05278855849588e+04	8.94192412159714e-03,-9.41201337866061e-02
1.06011128201364e+04	8.81990420290474e-03,-9.34815110126605e-02
1.06748493910138e+04	8.69953472496883e-03,-9.28470653638187e-02
1.07490988403009e+04	8.58079376038533e-03,-9.22167727126040e-02
1.08238647353493e+04	8.46365966232663e-03,-9.15906090040616e-02
1.08991506683231e+04	8.34811106120121e-03,-9.09685502570983e-02
1.09749602563724e+04	8.23412686146293e-03,-9.03505725657576e-02
1.10512971418061e+04	8.12168623833682e-03,-8.97366521004725e-02
1.11281649922676e+04	8.01076863457831e-03,-8.91267651092769e-02
1.12055675009107e+04	7.90135375738278e-03,-8.85208879189534e-02
1.12835083865773e+04	7.79342157514563e-03,-8.79189969361742e-02
1.13619913939755e+04	7.68695231444238e-03,-8.73210686485687e-02
1.14410202938603e+04	7.58192645685181e-03,-8.67270796257859e-02
1.15205988832142e+04	7.47832473598280e-03,-8.61370065204891e-02
1.16007309854298e+04	7.37612813441549e-03,-8.55508260693332e-02
1.16814204504935e+04	7.27531788068043e-03,-8.49685150939060e-02
1.17626711551704e+04	7.17587544634430e-03,-8.43900505016195e-02
1.18444870031910e+04	7.07778254304778e-03,-8.38154092865814e-02
1.19268719254378e+04	6.98102111960631e-03,-8.32445685304263e-02
1.20098298801353e+04	6.88557335913473e-03,-8.26775054031156e-02
1.20933648530392e+04	6.79142167620120e-03,-8.21141971637045e-02
1.21774808576287e+04	6.69854871402027e-03,-8.15546211610760e-02
1.22621819352987e+04	6.60693734162021e-03,-8.09987548346536e-02
1.23474721555542e+04	6.51657065115888e-03,-8.04465757150631e-02
1.24333556162061e+04	6.42743195515269e-03,-7.98980614247849e-02
1.25198364435677e+04	6.33950478373729e-03,-7.93531896787760e-02
1.26069187926528e+04	6.25277288207109e-03,-7.88119382850460e-02
1.26946068473761e+04	6.16722020763280e-03,-7.82742851452265e-02
1.27829048207534e+04	6.08283092762380e-03,-7.77402082551016e-02
1.28718169551044e+04	5.99958941639691e-03,-7.72096857051120e-02
1.29613475222566e+04	5.91748025284558e-03,-7.66826956808445e-02
1.30515008237502e+04	5.83648821792864e-03,-7.61592164634785e-02
1.31422811910451e+04	5.75659829213220e-03,-7.56392264302228e-02
1.32336929857288e+04	5.67779565298668e-03,-7.51227040547236e-02
1.33257405997263e+04	5.60006567262770e-03,-7.46096279074462e-02
1.34184284555106e+04	5.52339391536235e-03,-7.40999766560375e-02
1.35117610063154e+04	5.44776613529109e-03,-7.35937290656616e-02
1.36057427363492e+04	5.37316827389853e-03,-7.30908639993218e-02
1.37003781610108e+04	5.29958645772463e-03,-7.25913604181532e-02
1.37956718271056e+04	5.22700699608793e-03,-7.20951973816912e-02
1.38916283130651e+04	5.15541637870069e-03,-7.16023540481384e-02
1.39882522291660e+04	5.08480127348354e-03,-7.11128096745870e-02
1.40855482177520e+04	5.01514852429065e-03,-7.06265436172377e-02
1.41835209534569e+04	4.94644514866283e-03,-7.01435353316001e-02
1.42821751434292e+04	4.87867833572056e-03,-6.96637643726572e-02
1.43815155275581e+04	4.81183544387453e-03,-6.91872103950422e-02
1.44815468787015e+04	4.74590399880024e-03,-6.87138531531637e-02
1.45822740029151e+04	4.68087169125684e-03,-6.82436725013379e-02
1.46837017396831e+04	4.61672637497659e-03,-6.77766483938997e-02
1.47858349621514e+04	4.55345606465424e-03,-6.73127608852848e-02
1.48886785773610e+04	4.49104893386524e-03,-6.68519901301102e-02
1.49922375264843e+04	4.42949331302688e-03,-6.63943163832364e-02
1.50965167850620e+04	4.36877768744281e-03,-6.59397199998056e-02
1.52015213632425e+04	4.30889069529340e-03,-6.54881814352766e-02
1.53072563060229e+04	4.24982112568675e-03,-6.50396812454395e-02
1.54137266934904e+04	4.19155791674148e-03,-6.45942000864153e-02
1.55209376410676e+04	4.13409015368503e-03,-6.41517187146433e-02
1.56288942997572e+04	4.07740706693132e-03,-6.37122179868599e-02
1.57376018563904e+04	4.02149803025251e-03,-6.32756788600563e-02
1.58470655338752e+04	3.96635255894350e-03,-6.28420823914262e-02
1.59572905914482e+04	3.91196030796968e-03,-6.24114097383066e-02
1.60682823249266e+04	3.85831107019379e-03,-6.19836421580998e-02
1.61800460669631e+04	3.80539477459367e-03,-6.15587610081870e-02
1.62925871873019e+04	3.75320148450178e-03,-6.11367477458303e-02
1.64059110930366e+04	3.70172139589369e-03,-6.07175839280610e-02
1.65200232288703e+04	3.65094483564382e-03,-6.03012512115634e-02
1.66349290773769e+04	3.60086225984449e-03,-5.98877313525425e-02
1.67506341592646e+04	3.55146425214973e-03,-5.94770062065817e-02
1.68671440336411e+04	3.50274152208568e-03,-5.90690577284969e-02
1.69844642982810e+04	3.45468490347420e-03,-5.86638679721693e-02
1.71026005898942e+04	3.40728535277251e-03,-5.82614190903824e-02
1.72215585843973e+04	3.36053394748651e-03,-5.78616933346423e-02
1.73413439971858e+04	3.31442188462265e-03,-5.74646730549878e-02
1.74619625834090e+04	3.26894047911797e-03,-5.70703406997965e-02
1.75834201382465e+04	3.22408116229269e-03,-5.66786788155821e-02
1.77057224971864e+04	3.17983548035582e-03,-5.62896700467798e-02
1.78288755363059e+04	3.13619509289474e-03,-5.59032971355279e-02
1.79528851725537e+04	3.09315177140035e-03,-5.55195429214399e-02
1.80777573640339e+04	3.05069739779406e-03,-5.51383903413710e-02
1.82034981102927e+04	3.00882396301185e-03,-5.47598224291732e-02
1.83301134526062e+04	2.96752356553532e-03,-5.43838223154514e-02
1.84576094742712e+04	2.92678841003332e-03,-5.40103732273025e-02
1.85859923008968e+04	2.88661080593089e-03,-5.36394584880577e-02
1.87152681006995e+04	2.84698316605388e-03,-5.32710615170129e-02
1.88454430847988e+04	2.80789800527664e-03,-5.29051658291533e-02
1.89765235075162e+04	2.76934793916761e-03,-5.25417550348759e-02
1.91085156666752e+04	2.73132568268340e-03,-5.21808128397011e-02
1.92414259039044e+04	2.69382404885182e-03,-5.18223230439828e-02
1.93752606049416e+04	2.65683594747412e-03,-5.14662695426131e-02
1.95100261999413e+04	2.62035438387525e-03,-5.11126363247176e-02
1.96457291637829e+04	2.58437245762186e-03,-5.07614074733514e-02
1.97823760163823e+04	2.54888336129608e-03,-5.04125671651863e-02
1.99199733230051e+04	2.51388037926482e-03,-5.00660996701952e-02
2.00585276945817e+04	2.47935688645556e-03,-4.97219893513328e-02
2.01980457880255e+04	2.44530634718875e-03,-4.93802206642081e-02
2.03385343065520e+04	2.41172231395981e-03,-4.90407781567596e-02
2.04800000000015e+04	2.37859842631201e-03,-4.87036464689181e-02
2.06224496651631e+04	2.34592840966135e-03,-4.83688103322730e-02
2.07658901461013e+04	2.31370607415520e-03,-4.80362545697322e-02
2.09103283344849e+04	2.28192531357822e-03,-4.77059640951756e-02
2.10557711699178e+04	2.25058010421470e-03,-4.73779239131107e-02
2.12022256402730e+04	2.21966450377214e-03,-4.70521191183207e-02
2.13496987820278e+04	2.18917265028802e-03,-4.67285348955119e-02
2.14981976806020e+04	2.15909876109003e-03,-4.64071565189551e-02
2.16477294706987e+04	2.12943713170411e-03,-4.60879693521292e-02
2.17983013366464e+04	2.10018213484982e-03,-4.57709588473565e-02
2.19499205127449e+04	2.07132821939971e-03,-4.54561105454391e-02
2.21025942836123e+04	2.04286990936371e-03,-4.51434100752916e-02
2.22563299845353e+04	2.01480180290184e-03,-4.48328431535710e-02
2.24111350018216e+04	1.98711857132191e-03,-4.45243955843056e-02
2.25670167731547e+04	1.95981495811320e-03,-4.42180532585204e-02
2.27239827879512e+04	1.93288577799200e-03,-4.39138021538606e-02
2.28820405877208e+04	1.90632591594037e-03,-4.36116283342147e-02
2.30411977664286e+04	1.88013032627222e-03,-4.33115179493339e-02
2.32014619708597e+04	1.85429403171111e-03,-4.30134572344506e-02
2.33628409009871e+04	1.82881212247576e-03,-4.27174325098956e-02
2.35253423103411e+04	1.80367975538013e-03,-4.24234301807126e-02
2.36889740063821e+04	1.77889215293833e-03,-4.21314367362731e-02
2.38537438508758e+04	1.75444460249471e-03,-4.18414387498875e-02
2.40196597602707e+04	1.73033245535551e-03,-4.15534228784174e-02
2.41867297060786e+04	1.70655112591916e-03,-4.12673758618858e-02
2.43549617152576e+04	1.68309609085532e-03,-4.09832845230848e-02
2.45243638705975e+04	1.65996288825823e-03,-4.07011357671842e-02
2.46949443111087e+04	1.63714711682050e-03,-4.04209165813392e-02
2.48667112324125e+04	1.61464443502882e-03,-4.01426140342956e-02
2.50396728871355e+04	1.59245056036122e-03,-3.98662152759954e-02
2.52138375853058e+04	1.57056126849024e-03,-3.95917075371822e-02
2.53892136947524e+04	1.54897239251424e-03,-3.93190781290042e-02
2.55658096415070e+04	1.52767982217739e-03,-3.90483144426181e-02
2.57436339102090e+04	1.50667950310606e-03,-3.87794039487933e-02
2.59226950445133e+04	1.48596743607109e-03,-3.85123341975127e-02
2.61030016475005e+04	1.46553967624124e-03,-3.82470928175759e-02
2.62845623820903e+04	1.44539233244137e-03,-3.79836675162019e-02
2.64673859714579e+04	1.42552156645316e-03,-3.77220460786293e-02
2.66514811994529e+04	1.40592359228140e-03,-3.74622163677197e-02
2.68368569110214e+04	1.38659467547076e-03,-3.72041663235575e-02
2.70235220126310e+04	1.36753113239547e-03,-3.69478839630530e-02
2.72114854726987e+04	1.34872932958067e-03,-3.66933573795431e-02
2.74007563220217e+04	1.33018568303834e-03,-3.64405747423926e-02
2.75913436542115e+04	1.31189665758453e-03,-3.61895242965966e-02
2.77832566261305e+04	1.29385876619112e-03,-3.59401943623820e-02
2.79765044583322e+04	1.27606856933481e-03,-3.56925733348099e-02
2.81710964355041e+04	1.25852267435867e-03,-3.54466496833775e-02
2.83670419069139e+04	1.24121773483270e-03,-3.52024119516216e-02
2.85643502868585e+04	1.22415044994256e-03,-3.49598487567205e-02
2.87630310551164e+04	1.20731756386474e-03,-3.47189487890988e-02
2.89630937574032e+04	1.19071586516138e-03,-3.44797008120306e-02
2.91645480058303e+04	1.17434218618197e-03,-3.42420936612442e-02
2.93674034793664e+04	1.15819340247479e-03,-3.40061162445268e-02
2.95716699243030e+04	1.14226643219897e-03,-3.37717575413305e-02
2.97773571547223e+04	1.12655823554976e-03,-3.35390066023785e-02
2.99844750529688e+04	1.11106581419306e-03,-3.33078525492715e-02
3.01930335701241e+04	1.09578621069981e-03,-3.30782845740960e-02
3.04030427264853e+04	1.08071650800122e-03,-3.28502919390318e-02
3.06145126120459e+04	1.06585382883547e-03,-3.26238639759618e-02
3.08274533869811e+04	1.05119533521176e-03,-3.23989900860813e-02
3.10418752821354e+04	1.03673822787814e-03,-3.21756597395092e-02
3.12577885995147e+04	1.02247974579803e-03,-3.19538624748993e-02
3.14752037127810e+04	1.00841716563520e-03,-3.17335878990529e-02
3.16941310677506e+04	9.94547801239381e-04,-3.15148256865319e-02
3.19145811828966e+04	9.80869003142787e-04,-3.12975655792738e-02
3.21365646498535e+04	9.67378158066848e-04,-3.10817973862065e-02
3.23600921339265e+04	9.54072688430338e-04,-3.08675109828646e-02
3.25851743746041e+04	9.40950051862706e-04,-3.06546963110074e-02
3.28118221860735e+04	9.28007740727594e-04,-3.04433433782370e-02
3.30400464577409e+04	9.15243281657460e-04,-3.02334422576176e-02
3.32698581547541e+04	9.02654235081841e-04,-3.00249830872966e-02
3.35012683185294e+04	8.90238194773082e-04,-2.98179560701260e-02
3.37342880672825e+04	8.77992787391915e-04,-2.96123514732860e-02
3.39689285965622e+04	8.65915672040560e-04,-2.94081596279085e-02
3.42052011797887e+04	8.54004539826326e-04,-2.92053709287025e-02
3.44431171687949e+04	8.42257113423195e-04,-2.90039758335810e-02
3.46826879943719e+04	8.30671146644530e-04,-2.88039648632886e-02
3.49239251668183e+04	8.19244424018343e-04,-2.86053286010308e-02
3.51668402764932e+04	8.07974760376255e-04,-2.84080576921036e-02
3.54114449943730e+04	7.96860000433790e-04,-2.82121428435260e-02
3.56577510726121e+04	7.85898018389229e-04,-2.80175748236725e-02
3.59057703451077e+04	7.75086717521101e-04,-2.78243444619073e-02
3.61555147280681e+04	7.64424029796373e-04,-2.76324426482201e-02
3.64069962205857e+04	7.53907915472895e-04,-2.74418603328630e-02
3.66602269052127e+04	7.43536362723328e-04,-2.72525885259887e-02
3.69152189485426e+04	7.33307387248121e-04,-2.70646182972905e-02
3.71719846017939e+04	7.23219031907222e-04,-2.68779407756429e-02
3.74305362013993e+04	7.13269366346134e-04,-2.66925471487448e-02
3.76908861695980e+04	7.03456486634181e-04,-2.65084286627628e-02
3.79530470150327e+04	6.93778514902749e-04,-2.63255766219769e-02
3.82170313333507e+04	6.84233598992144e-04,-2.61439823884272e-02
3.84828518078091e+04	6.74819912101065e-04,-2.59636373815623e-02
3.87505212098836e+04	6.65535652442327e-04,-2.57845330778889e-02
3.90200523998829e+04	6.56379042899705e-04,-2.56066610106230e-02
3.92914583275660e+04	6.47348330692972e-04,-2.54300127693427e-02
3.95647520327649e+04	6.38441787048814e-04,-2.52545799996424e-02
3.98399466460105e+04	6.29657706870352e-04,-2.50803544027881e-02
4.01170553891638e+04	6.20994408417394e-04,-2.49073277353753e-02
4.03960915760513e+04	6.12450232984388e-04,-2.47354918089868e-02
4.06770686131043e+04	6.04023544591112e-04,-2.45648384898538e-02
4.09600000000034e+04	5.95712729669200e-04,-2.43953596985171e-02
4.12448993303266e+04	5.87516196758412e-04,-2.42270474094904e-02
4.15317802922030e+04	5.79432376205165e-04,-2.40598936509255e-02
4.18206566689701e+04	5.71459719864261e-04,-2.38938905042782e-02
4.21115423398359e+04	5.63596700806408e-04,-2.37290301039767e-02
4.24044512805463e+04	5.55841813025869e-04,-2.35653046370906e-02
4.26993975640559e+04	5.48193571162557e-04,-2.34027063430021e-02
4.29963953612044e+04	5.40650510210326e-04,-2.32412275130790e-02
4.32954589413977e+04	5.33211185246697e-04,-2.30808604903482e-02
4.35966026732932e+04	5.25874171156650e-04,-2.29215976691719e-02
4.38998410254902e+04	5.18638062360303e-04,-2.27634314949246e-02
4.41000000000000e+04	5.13943222147378e-04,-2.26602203997902e-02
