Freq.	V(vout)
2.00000000000000e+01	-9.99357802700157e-09,-2.50239625170142e-06
2.01391110011344e+01	-9.99366201128129e-09,-2.48511038421015e-06
2.02791895958006e+01	-9.99374477751991e-09,-2.46794391507457e-06
2.04202425141439e+01	-9.99382634162386e-09,-2.45089601952320e-06
2.05622765331213e+01	-9.99390671926852e-09,-2.43396587848148e-06
2.07052984768276e+01	-9.99398592590124e-09,-2.41715267853244e-06
2.08493152168224e+01	-9.99406397674436e-09,-2.40045561187759e-06
2.09943336724614e+01	-9.99414088679805e-09,-2.38387387629812e-06
2.11403608112276e+01	-9.99421667084327e-09,-2.36740667511636e-06
2.12874036490672e+01	-9.99429134344459e-09,-2.35105321715751e-06
2.14354692507259e+01	-9.99436491895293e-09,-2.33481271671161e-06
2.15845647300886e+01	-9.99443741150842e-09,-2.31868439349581e-06
2.17346972505212e+01	-9.99450883504304e-09,-2.30266747261686e-06
2.18858740252148e+01	-9.99457920328333e-09,-2.28676118453390e-06
2.20381023175322e+01	-9.99464852975300e-09,-2.27096476502146e-06
2.21913894413569e+01	-9.99471682777560e-09,-2.25527745513278e-06
2.23457427614444e+01	-9.99478411047697e-09,-2.23969850116332e-06
2.25011696937762e+01	-9.99485039078786e-09,-2.22422715461454e-06
2.26576777059160e+01	-9.99491568144637e-09,-2.20886267215798e-06
2.28152743173685e+01	-9.99497999500040e-09,-2.19360431559949e-06
2.29739670999407e+01	-9.99504334381007e-09,-2.17845135184380e-06
2.31337636781058e+01	-9.99510574005012e-09,-2.16340305285930e-06
2.32946717293691e+01	-9.99516719571216e-09,-2.14845869564304e-06
2.34566989846376e+01	-9.99522772260710e-09,-2.13361756218601e-06
2.36198532285906e+01	-9.99528733236733e-09,-2.11887893943863e-06
2.37841423000545e+01	-9.99534603644898e-09,-2.10424211927651e-06
2.39495740923786e+01	-9.99540384613415e-09,-2.08970639846639e-06
2.41161565538152e+01	-9.99546077253302e-09,-2.07527107863241e-06
2.42838976879010e+01	-9.99551682658604e-09,-2.06093546622250e-06
2.44528055538414e+01	-9.99557201906601e-09,-2.04669887247509e-06
2.46228882668984e+01	-9.99562636058013e-09,-2.03256061338603e-06
2.47941539987798e+01	-9.99567986157209e-09,-2.01852000967568e-06
2.49666109780323e+01	-9.99573253232404e-09,-2.00457638675631e-06
2.51402674904366e+01	-9.99578438295856e-09,-1.99072907469969e-06
2.53151318794057e+01	-9.99583542344062e-09,-1.97697740820488e-06
2.54912125463853e+01	-9.99588566357953e-09,-1.96332072656628e-06
2.56685179512581e+01	-9.99593511303072e-09,-1.94975837364189e-06
2.58470566127499e+01	-9.99598378129773e-09,-1.93628969782178e-06
2.60268371088387e+01	-9.99603167773396e-09,-1.92291405199678e-06
2.62078680771673e+01	-9.99607881154445e-09,-1.90963079352739e-06
2.63901582154580e+01	-9.99612519178769e-09,-1.89643928421292e-06
2.65737162819303e+01	-9.99617082737738e-09,-1.88333889026080e-06
2.67585510957223e+01	-9.99621572708407e-09,-1.87032898225614e-06
2.69446715373139e+01	-9.99625989953691e-09,-1.85740893513150e-06
2.71320865489535e+01	-9.99630335322528e-09,-1.84457812813685e-06
2.73208051350880e+01	-9.99634609650044e-09,-1.83183594480974e-06
2.75108363627950e+01	-9.99638813757711e-09,-1.81918177294571e-06
2.77021893622186e+01	-9.99642948453507e-09,-1.80661500456882e-06
2.78948733270082e+01	-9.99647014532071e-09,-1.79413503590250e-06
2.80888975147600e+01	-9.99651012774854e-09,-1.78174126734050e-06
2.82842712474620e+01	-9.99654943950271e-09,-1.76943310341812e-06
2.84810039119415e+01	-9.99658808813847e-09,-1.75720995278354e-06
2.86791049603166e+01	-9.99662608108367e-09,-1.74507122816949e-06
2.88785839104500e+01	-9.99666342564012e-09,-1.73301634636495e-06
2.90794503464063e+01	-9.99670012898502e-09,-1.72104472818719e-06
2.92817139189126e+01	-9.99673619817236e-09,-1.70915579845392e-06
2.94853843458221e+01	-9.99677164013426e-09,-1.69734898595567e-06
2.96904714125811e+01	-9.99680646168230e-09,-1.68562372342830e-06
2.98969849726989e+01	-9.99684066950882e-09,-1.67397944752580e-06
3.01049349482215e+01	-9.99687427018824e-09,-1.66241559879322e-06
3.03143313302081e+01	-9.99690727017828e-09,-1.65093162163974e-06
3.05251841792113e+01	-9.99693967582124e-09,-1.63952696431203e-06
3.07375036257604e+01	-9.99697149334517e-09,-1.62820107886772e-06
3.09512998708479e+01	-9.99700272886515e-09,-1.61695342114906e-06
3.11665831864201e+01	-9.99703338838438e-09,-1.60578345075680e-06
3.13833639158702e+01	-9.99706347779536e-09,-1.59469063102423e-06
3.16016524745352e+01	-9.99709300288107e-09,-1.58367442899136e-06
3.18214593501969e+01	-9.99712196931599e-09,-1.57273431537934e-06
3.20427951035850e+01	-9.99715038266729e-09,-1.56186976456503e-06
3.22656703688852e+01	-9.99717824839583e-09,-1.55108025455575e-06
3.24900958542496e+01	-9.99720557185724e-09,-1.54036526696418e-06
3.27160823423114e+01	-9.99723235830294e-09,-1.52972428698347e-06
3.29436406907031e+01	-9.99725861288114e-09,-1.51915680336252e-06
3.31727818325778e+01	-9.99728434063788e-09,-1.50866230838137e-06
3.34035167771350e+01	-9.99730954651790e-09,-1.49824029782685e-06
3.36358566101488e+01	-9.99733423536571e-09,-1.48789027096834e-06
3.38698124945013e+01	-9.99735841192643e-09,-1.47761173053372e-06
3.41053956707185e+01	-9.99738208084675e-09,-1.46740418268546e-06
3.43426174575103e+01	-9.99740524667580e-09,-1.45726713699691e-06
3.45814892523148e+01	-9.99742791386605e-09,-1.44720010642873e-06
3.48220225318452e+01	-9.99745008677413e-09,-1.43720260730550e-06
3.50642288526416e+01	-9.99747176966169e-09,-1.42727415929245e-06
3.53081198516264e+01	-9.99749296669621e-09,-1.41741428537243e-06
3.55537072466630e+01	-9.99751368195184e-09,-1.40762251182295e-06
3.58010028371191e+01	-9.99753391941012e-09,-1.39789836819345e-06
3.60500185044334e+01	-9.99755368296078e-09,-1.38824138728267e-06
3.63007662126867e+01	-9.99757297640249e-09,-1.37865110511623e-06
3.65532580091762e+01	-9.99759180344358e-09,-1.36912706092432e-06
3.68075060249952e+01	-9.99761016770277e-09,-1.35966879711956e-06
3.70635224756151e+01	-9.99762807270982e-09,-1.35027585927502e-06
3.73213196614725e+01	-9.99764552190630e-09,-1.34094779610241e-06
3.75809099685607e+01	-9.99766251864613e-09,-1.33168415943036e-06
3.78423058690241e+01	-9.99767906619632e-09,-1.32248450418290e-06
3.81055199217578e+01	-9.99769516773758e-09,-1.31334838835808e-06
3.83705647730108e+01	-9.99771082636489e-09,-1.30427537300675e-06
3.86374531569941e+01	-9.99772604508814e-09,-1.29526502221144e-06
3.89061978964917e+01	-9.99774082683270e-09,-1.28631690306543e-06
3.91768119034774e+01	-9.99775517443995e-09,-1.27743058565196e-06
3.94493081797347e+01	-9.99776909066787e-09,-1.26860564302356e-06
3.97236998174817e+01	-9.99778257819154e-09,-1.25984165118154e-06
4.00000000000003e+01	-9.99779563960370e-09,-1.25113818905562e-06
4.02782220022691e+01	-9.99780827741516e-09,-1.24249483848371e-06
4.05583791916015e+01	-9.99782049405540e-09,-1.23391118419180e-06
4.08404850282880e+01	-9.99783229187293e-09,-1.22538681377404e-06
4.11245530662430e+01	-9.99784367313580e-09,-1.21692131767287e-06
4.14105969536554e+01	-9.99785464003204e-09,-1.20851428915940e-06
4.16986304336452e+01	-9.99786519467005e-09,-1.20016532431384e-06
4.19886673449230e+01	-9.99787533907903e-09,-1.19187402200609e-06
4.22807216224556e+01	-9.99788507520934e-09,-1.18363998387650e-06
4.25748072981347e+01	-9.99789440493293e-09,-1.17546281431667e-06
4.28709385014521e+01	-9.99790333004364e-09,-1.16734212045051e-06
4.31691294601774e+01	-9.99791185225760e-09,-1.15927751211533e-06
4.34693945010427e+01	-9.99791997321351e-09,-1.15126860184308e-06
4.37717480504299e+01	-9.99792769447298e-09,-1.14331500484176e-06
4.40762046350648e+01	-9.99793501752085e-09,-1.13541633897694e-06
4.43827788827142e+01	-9.99794194376543e-09,-1.12757222475337e-06
4.46914855228892e+01	-9.99794847453881e-09,-1.11978228529676e-06
4.50023393875528e+01	-9.99795461109712e-09,-1.11204614633568e-06
4.53153554118323e+01	-9.99796035462072e-09,-1.10436343618357e-06
4.56305486347374e+01	-9.99796570621451e-09,-1.09673378572089e-06
4.59479341998818e+01	-9.99797066690805e-09,-1.08915682837738e-06
4.62675273562119e+01	-9.99797523765583e-09,-1.08163220011443e-06
4.65893434587387e+01	-9.99797941933743e-09,-1.07415953940764e-06
4.69133979692756e+01	-9.99798321275769e-09,-1.06673848722938e-06
4.72397064571817e+01	-9.99798661864686e-09,-1.05936868703162e-06
4.75682846001093e+01	-9.99798963766075e-09,-1.05204978472872e-06
4.78991481847576e+01	-9.99799227038085e-09,-1.04478142868048e-06
4.82323131076309e+01	-9.99799451731444e-09,-1.03756326967522e-06
4.85677953758023e+01	-9.99799637889474e-09,-1.03039496091300e-06
4.89056111076832e+01	-9.99799785548087e-09,-1.02327615798894e-06
4.92457765337971e+01	-9.99799894735808e-09,-1.01620651887672e-06
4.95883079975600e+01	-9.99799965473766e-09,-1.00918570391212e-06
4.99332219560650e+01	-9.99799997775710e-09,-1.00221337577670e-06
5.02805349808736e+01	-9.99799991648002e-09,-9.95289199481572e-07
5.06302637588117e+01	-9.99799947089627e-09,-9.88412842351362e-07
5.09824250927710e+01	-9.99799864092185e-09,-9.81583974008173e-07
5.13370359025167e+01	-9.99799742639896e-09,-9.74802266355739e-07
5.16941132255002e+01	-9.99799582709592e-09,-9.68067393563651e-07
5.20536742176779e+01	-9.99799384270718e-09,-9.61379032051709e-07
5.24157361543351e+01	-9.99799147285320e-09,-9.54736860474370e-07
5.27803164309163e+01	-9.99798871708043e-09,-9.48140559705312e-07
5.31474325638610e+01	-9.99798557486121e-09,-9.41589812822100e-07
5.35171021914451e+01	-9.99798204559364e-09,-9.35084305090960e-07
5.38893430746282e+01	-9.99797812860155e-09,-9.28623723951659e-07
5.42641730979075e+01	-9.99797382313423e-09,-9.22207759002483e-07
5.46416102701764e+01	-9.99796912836644e-09,-9.15836101985330e-07
5.50216727255904e+01	-9.99796404339816e-09,-9.09508446770895e-07
5.54043787244376e+01	-9.99795856725443e-09,-9.03224489343965e-07
5.57897466540169e+01	-9.99795269888518e-09,-8.96983927788809e-07
5.61777950295205e+01	-9.99794643716506e-09,-8.90786462274675e-07
5.65685424949245e+01	-9.99793978089315e-09,-8.84631795041385e-07
5.69620078238835e+01	-9.99793272879280e-09,-8.78519630385027e-07
5.73582099206338e+01	-9.99792527951133e-09,-8.72449674643747e-07
5.77571678209005e+01	-9.99791743161986e-09,-8.66421636183646e-07
5.81589006928131e+01	-9.99790918361291e-09,-8.60435225384759e-07
5.85634278378257e+01	-9.99790053390824e-09,-8.54490154627149e-07
5.89707686916448e+01	-9.99789148084644e-09,-8.48586138277082e-07
5.93809428251627e+01	-9.99788202269073e-09,-8.42722892673307e-07
5.97939699453983e+01	-9.99787215762648e-09,-8.36900136113426e-07
6.02098698964434e+01	-9.99786188376102e-09,-8.31117588840359e-07
6.06286626604167e+01	-9.99785119912317e-09,-8.25374973028905e-07
6.10503683584231e+01	-9.99784010166289e-09,-8.19672012772393e-07
6.14750072515213e+01	-9.99782858925093e-09,-8.14008434069426e-07
6.19025997416964e+01	-9.99781665967836e-09,-8.08383964810713e-07
6.23331663728408e+01	-9.99780431065620e-09,-8.02798334766002e-07
6.27667278317409e+01	-9.99779153981495e-09,-7.97251275571093e-07
6.32033049490710e+01	-9.99777834470414e-09,-7.91742520714942e-07
6.36429187003943e+01	-9.99776472279191e-09,-7.86271805526864e-07
6.40855902071706e+01	-9.99775067146444e-09,-7.80838867163807e-07
6.45313407377709e+01	-9.99773618802553e-09,-7.75443444597731e-07
6.49801917084997e+01	-9.99772126969604e-09,-7.70085278603065e-07
6.54321646846233e+01	-9.99770591361339e-09,-7.64764111744251e-07
6.58872813814067e+01	-9.99769011683098e-09,-7.59479688363376e-07
6.63455636651562e+01	-9.99767387631765e-09,-7.54231754567890e-07
6.68070335542704e+01	-9.99765718895709e-09,-7.49020058218406e-07
6.72717132202981e+01	-9.99764005154725e-09,-7.43844348916590e-07
6.77396249890031e+01	-9.99762246079974e-09,-7.38704377993122e-07
6.82107913414375e+01	-9.99760441333918e-09,-7.33599898495759e-07
6.86852349150212e+01	-9.99758590570258e-09,-7.28530665177462e-07
6.91629785046302e+01	-9.99756693433863e-09,-7.23496434484619e-07
6.96440450636909e+01	-9.99754749560708e-09,-7.18496964545338e-07
7.01284577052838e+01	-9.99752758577803e-09,-7.13532015157831e-07
7.06162397032534e+01	-9.99750720103120e-09,-7.08601347778870e-07
7.11074144933266e+01	-9.99748633745519e-09,-7.03704725512328e-07
7.16020056742388e+01	-9.99746499104678e-09,-6.98841913097798e-07
7.21000370088674e+01	-9.99744315771011e-09,-6.94012676899287e-07
7.26015324253739e+01	-9.99742083325596e-09,-6.89216784893995e-07
7.31065160183531e+01	-9.99739801340089e-09,-6.84454006661162e-07
7.36150120499911e+01	-9.99737469376645e-09,-6.79724113371004e-07
7.41270449512307e+01	-9.99735086987836e-09,-6.75026877773714e-07
7.46426393229457e+01	-9.99732653716560e-09,-6.70362074188543e-07
7.51618199371220e+01	-9.99730169095961e-09,-6.65729478492964e-07
7.56846117380488e+01	-9.99727632649337e-09,-6.61128868111896e-07
7.62110398435161e+01	-9.99725043890044e-09,-6.56560022007015e-07
7.67411295460223e+01	-9.99722402321410e-09,-6.52022720666133e-07
7.72749063139888e+01	-9.99719707436640e-09,-6.47516746092651e-07
7.78123957929840e+01	-9.99716958718714e-09,-6.43041881795088e-07
7.83536238069553e+01	-9.99714155640290e-09,-6.38597912776675e-07
7.88986163594699e+01	-9.99711297663610e-09,-6.34184625525031e-07
7.94473996349641e+01	-9.99708384240385e-09,-6.29801808001898e-07
8.00000000000012e+01	-9.99705414811703e-09,-6.25449249632962e-07
8.05564440045387e+01	-9.99702388807914e-09,-6.21126741297729e-07
8.11167583832036e+01	-9.99699305648526e-09,-6.16834075319482e-07
8.16809700565767e+01	-9.99696164742090e-09,-6.12571045455300e-07
8.22491061324866e+01	-9.99692965486090e-09,-6.08337446886152e-07
8.28211939073115e+01	-9.99689707266830e-09,-6.04133076207055e-07
8.33972608672910e+01	-9.99686389459310e-09,-5.99957731417302e-07
8.39773346898467e+01	-9.99683011427116e-09,-5.95811211910755e-07
8.45614432449118e+01	-9.99679572522289e-09,-5.91693318466213e-07
8.51496145962701e+01	-9.99676072085213e-09,-5.87603853237830e-07
8.57418770029048e+01	-9.99672509444475e-09,-5.83542619745622e-07
8.63382589203556e+01	-9.99668883916749e-09,-5.79509422866015e-07
8.69387890020860e+01	-9.99665194806660e-09,-5.75504068822481e-07
8.75434961008606e+01	-9.99661441406653e-09,-5.71526365176220e-07
8.81524092701303e+01	-9.99657622996859e-09,-5.67576120816920e-07
8.87655577654290e+01	-9.99653738844954e-09,-5.63653145953571e-07
8.93829710457790e+01	-9.99649788206023e-09,-5.59757252105351e-07
9.00046787751062e+01	-9.99645770322417e-09,-5.55888252092563e-07
9.06307108236654e+01	-9.99641684423610e-09,-5.52045960027654e-07
9.12610972694754e+01	-9.99637529726049e-09,-5.48230191306272e-07
9.18958683997643e+01	-9.99633305433007e-09,-5.44440762598403e-07
9.25350547124245e+01	-9.99629010734432e-09,-5.40677491839564e-07
9.31786869174780e+01	-9.99624644806789e-09,-5.36940198222050e-07
9.38267959385519e+01	-9.99620206812907e-09,-5.33228702186256e-07
9.44794129143640e+01	-9.99615695901820e-09,-5.29542825412041e-07
9.51365692002193e+01	-9.99611111208599e-09,-5.25882390810168e-07
9.57982963695159e+01	-9.99606451854194e-09,-5.22247222513790e-07
9.64646262152625e+01	-9.99601716945265e-09,-5.18637145870007e-07
9.71355907516054e+01	-9.99596905574010e-09,-5.15051987431467e-07
9.78112222153672e+01	-9.99592016817990e-09,-5.11491574948042e-07
9.84915530675950e+01	-9.99587049739962e-09,-5.07955737358545e-07
9.91766159951206e+01	-9.99582003387691e-09,-5.04444304782514e-07
9.98664439121307e+01	-9.99576876793777e-09,-5.00957108512053e-07
1.00561069961748e+02	-9.99571668975462e-09,-4.97493981003721e-07
1.01260527517624e+02	-9.99566378934453e-09,-4.94054755870488e-07
1.01964850185543e+02	-9.99561005656724e-09,-4.90639267873739e-07
1.02674071805034e+02	-9.99555548112327e-09,-4.87247352915333e-07
1.03388226451001e+02	-9.99550005255197e-09,-4.83878848029723e-07
1.04107348435357e+02	-9.99544376022949e-09,-4.80533591376125e-07
1.04831472308671e+02	-9.99538659336680e-09,-4.77211422230740e-07
1.05560632861833e+02	-9.99532854100763e-09,-4.73912180979039e-07
1.06294865127723e+02	-9.99526959202637e-09,-4.70635709108086e-07
1.07034204382891e+02	-9.99520973512598e-09,-4.67381849198928e-07
1.07778686149257e+02	-9.99514895883582e-09,-4.64150444919032e-07
1.08528346195816e+02	-9.99508725150949e-09,-4.60941341014772e-07
1.09283220540354e+02	-9.99502460132261e-09,-4.57754383303970e-07
1.10043345451182e+02	-9.99496099627056e-09,-4.54589418668492e-07
1.10808757448876e+02	-9.99489642416625e-09,-4.51446295046888e-07
1.11579493308035e+02	-9.99483087263773e-09,-4.48324861427088e-07
1.12355590059042e+02	-9.99476432912590e-09,-4.45224967839146e-07
1.13137084989850e+02	-9.99469678088213e-09,-4.42146465348038e-07
1.13924015647768e+02	-9.99462821496577e-09,-4.39089206046502e-07
1.14716419841268e+02	-9.99455861824178e-09,-4.36053043047937e-07
1.15514335641802e+02	-9.99448797737820e-09,-4.33037830479342e-07
1.16317801385627e+02	-9.99441627884360e-09,-4.30043423474311e-07
1.17126855675652e+02	-9.99434350890455e-09,-4.27069678166071e-07
1.17941537383290e+02	-9.99426965362302e-09,-4.24116451680571e-07
1.18761885650326e+02	-9.99419469885369e-09,-4.21183602129619e-07
1.19587939890797e+02	-9.99411863024131e-09,-4.18270988604065e-07
1.20419739792888e+02	-9.99404143321795e-09,-4.15378471167029e-07
1.21257325320834e+02	-9.99396309300031e-09,-4.12505910847182e-07
1.22100736716847e+02	-9.99388359458680e-09,-4.09653169632066e-07
1.22950014503043e+02	-9.99380292275481e-09,-4.06820110461466e-07
1.23805199483394e+02	-9.99372106205776e-09,-4.04006597220826e-07
1.24666332745682e+02	-9.99363799682222e-09,-4.01212494734705e-07
1.25533455663483e+02	-9.99355371114489e-09,-3.98437668760290e-07
1.26406609898143e+02	-9.99346818888964e-09,-3.95681985980940e-07
1.27285837400790e+02	-9.99338141368443e-09,-3.92945313999786e-07
1.28171180414342e+02	-9.99329336891822e-09,-3.90227521333368e-07
1.29062681475543e+02	-9.99320403773784e-09,-3.87528477405321e-07
1.29960383417000e+02	-9.99311340304478e-09,-3.84848052540099e-07
1.30864329369248e+02	-9.99302144749195e-09,-3.82186117956744e-07
1.31774562762814e+02	-9.99292815348046e-09,-3.79542545762706e-07
1.32691127330313e+02	-9.99283350315622e-09,-3.76917208947692e-07
1.33614067108542e+02	-9.99273747840660e-09,-3.74309981377567e-07
1.34543426440597e+02	-9.99264006085703e-09,-3.71720737788295e-07
1.35479249978007e+02	-9.99254123186749e-09,-3.69149353779921e-07
1.36421582682876e+02	-9.99244097252901e-09,-3.66595705810594e-07
1.37370469830043e+02	-9.99233926366010e-09,-3.64059671190632e-07
1.38325957009261e+02	-9.99223608580315e-09,-3.61541128076629e-07
1.39288090127383e+02	-9.99213141922068e-09,-3.59039955465602e-07
1.40256915410569e+02	-9.99202524389175e-09,-3.56556033189177e-07
1.41232479406508e+02	-9.99191753950806e-09,-3.54089241907814e-07
1.42214828986654e+02	-9.99180828547019e-09,-3.51639463105081e-07
1.43204011348479e+02	-9.99169746088368e-09,-3.49206579081951e-07
1.44200074017736e+02	-9.99158504455513e-09,-3.46790472951157e-07
1.45203064850749e+02	-9.99147101498819e-09,-3.44391028631571e-07
1.46213032036707e+02	-9.99135535037950e-09,-3.42008130842628e-07
1.47230024099983e+02	-9.99123802861459e-09,-3.39641665098794e-07
1.48254089902463e+02	-9.99111902726373e-09,-3.37291517704056e-07
1.49285278645892e+02	-9.99099832357771e-09,-3.34957575746472e-07
1.50323639874245e+02	-9.99087589448355e-09,-3.32639727092736e-07
1.51369223476099e+02	-9.99075171658015e-09,-3.30337860382799e-07
1.52422079687033e+02	-9.99062576613393e-09,-3.28051865024519e-07
1.53482259092046e+02	-9.99049801907431e-09,-3.25781631188342e-07
1.54549812627979e+02	-9.99036845098924e-09,-3.23527049802034e-07
1.55624791585969e+02	-9.99023703712061e-09,-3.21288012545438e-07
1.56707247613912e+02	-9.99010375235956e-09,-3.19064411845269e-07
1.57797232718941e+02	-9.98996857124181e-09,-3.16856140869952e-07
1.58894799269929e+02	-9.98983146794286e-09,-3.14663093524482e-07
1.60000000000004e+02	-9.98969241627315e-09,-3.12485164445337e-07
1.61112888009079e+02	-9.98955138967316e-09,-3.10322248995410e-07
1.62233516766408e+02	-9.98940836120840e-09,-3.08174243258985e-07
1.63361940113155e+02	-9.98926330356442e-09,-3.06041044036747e-07
1.64498212264974e+02	-9.98911618904161e-09,-3.03922548840821e-07
1.65642387814624e+02	-9.98896698955010e-09,-3.01818655889855e-07
1.66794521734583e+02	-9.98881567660443e-09,-2.99729264104124e-07
1.67954669379695e+02	-9.98866222131827e-09,-2.97654273100680e-07
1.69122886489825e+02	-9.98850659439902e-09,-2.95593583188529e-07
1.70299229192542e+02	-9.98834876614224e-09,-2.93547095363842e-07
1.71483754005811e+02	-9.98818870642623e-09,-2.91514711305198e-07
1.72676517840712e+02	-9.98802638470634e-09,-2.89496333368867e-07
1.73877578004173e+02	-9.98786177000921e-09,-2.87491864584112e-07
1.75086992201722e+02	-9.98769483092710e-09,-2.85501208648540e-07
1.76304818540262e+02	-9.98752553561194e-09,-2.83524269923467e-07
1.77531115530859e+02	-9.98735385176943e-09,-2.81560953429335e-07
1.78765942091559e+02	-9.98717974665300e-09,-2.79611164841142e-07
1.80009357550214e+02	-9.98700318705773e-09,-2.77674810483913e-07
1.81261421647332e+02	-9.98682413931413e-09,-2.75751797328204e-07
1.82522194538952e+02	-9.98664256928190e-09,-2.73842032985633e-07
1.83791736799530e+02	-9.98645844234356e-09,-2.71945425704441e-07
1.85070109424850e+02	-9.98627172339799e-09,-2.70061884365084e-07
1.86357373834957e+02	-9.98608237685396e-09,-2.68191318475862e-07
1.87653591877105e+02	-9.98589036662344e-09,-2.66333638168570e-07
1.88958825828729e+02	-9.98569565611497e-09,-2.64488754194179e-07
1.90273138400440e+02	-9.98549820822680e-09,-2.62656577918556e-07
1.91596592739033e+02	-9.98529798534002e-09,-2.60837021318203e-07
1.92929252430526e+02	-9.98509494931163e-09,-2.59029996976029e-07
1.94271181503212e+02	-9.98488906146737e-09,-2.57235418077157e-07
1.95622444430736e+02	-9.98468028259465e-09,-2.55453198404749e-07
1.96983106135191e+02	-9.98446857293523e-09,-2.53683252335868e-07
1.98353231990243e+02	-9.98425389217785e-09,-2.51925494837367e-07
1.99732887824263e+02	-9.98403619945083e-09,-2.50179841461806e-07
2.01122139923497e+02	-9.98381545331443e-09,-2.48446208343395e-07
2.02521055035250e+02	-9.98359161175326e-09,-2.46724512193966e-07
2.03929700371087e+02	-9.98336463216847e-09,-2.45014670298977e-07
2.05348143610070e+02	-9.98313447136990e-09,-2.43316600513538e-07
2.06776452902004e+02	-9.98290108556810e-09,-2.41630221258464e-07
2.08214696870715e+02	-9.98266443036629e-09,-2.39955451516364e-07
2.09662944617343e+02	-9.98242446075212e-09,-2.38292210827745e-07
2.11121265723668e+02	-9.98218113108941e-09,-2.36640419287153e-07
2.12589730255447e+02	-9.98193439510973e-09,-2.34999997539332e-07
2.14068408765783e+02	-9.98168420590391e-09,-2.33370866775418e-07
2.15557372298516e+02	-9.98143051591341e-09,-2.31752948729154e-07
2.17056692391633e+02	-9.98117327692155e-09,-2.30146165673129e-07
2.18566441080709e+02	-9.98091244004466e-09,-2.28550440415051e-07
2.20086690902365e+02	-9.98064795572313e-09,-2.26965696294039e-07
2.21617514897754e+02	-9.98037977371233e-09,-2.25391857176940e-07
2.23158986616071e+02	-9.98010784307335e-09,-2.23828847454680e-07
2.24711180118085e+02	-9.97983211216370e-09,-2.22276592038627e-07
2.26274169979701e+02	-9.97955252862785e-09,-2.20735016356992e-07
2.27848031295537e+02	-9.97926903938767e-09,-2.19204046351246e-07
2.29432839682538e+02	-9.97898159063267e-09,-2.17683608472568e-07
2.31028671283605e+02	-9.97869012781026e-09,-2.16173629678309e-07
2.32635602771256e+02	-9.97839459561569e-09,-2.14674037428493e-07
2.34253711351306e+02	-9.97809493798204e-09,-2.13184759682328e-07
2.35883074766582e+02	-9.97779109806998e-09,-2.11705724894753e-07
2.37523771300654e+02	-9.97748301825737e-09,-2.10236862013002e-07
2.39175879781596e+02	-9.97717064012885e-09,-2.08778100473194e-07
2.40839479585777e+02	-9.97685390446516e-09,-2.07329370196947e-07
2.42514650641670e+02	-9.97653275123238e-09,-2.05890601588013e-07
2.44201473433696e+02	-9.97620711957106e-09,-2.04461725528939e-07
2.45900029006089e+02	-9.97587694778517e-09,-2.03042673377751e-07
2.47610398966789e+02	-9.97554217333087e-09,-2.01633376964657e-07
2.49332665491367e+02	-9.97520273280528e-09,-2.00233768588780e-07
2.51066911326967e+02	-9.97485856193488e-09,-1.98843781014904e-07
2.52813219796288e+02	-9.97450959556400e-09,-1.97463347470251e-07
2.54571674801581e+02	-9.97415576764296e-09,-1.96092401641279e-07
2.56342360828686e+02	-9.97379701121622e-09,-1.94730877670495e-07
2.58125362951087e+02	-9.97343325841025e-09,-1.93378710153298e-07
2.59920766834002e+02	-9.97306444042135e-09,-1.92035834134843e-07
2.61728658738497e+02	-9.97269048750322e-09,-1.90702185106920e-07
2.63549125525631e+02	-9.97231132895443e-09,-1.89377699004865e-07
2.65382254660629e+02	-9.97192689310574e-09,-1.88062312204481e-07
2.67228134217086e+02	-9.97153710730719e-09,-1.86755961518990e-07
2.69086852881196e+02	-9.97114189791514e-09,-1.85458584196000e-07
2.70958499956016e+02	-9.97074119027899e-09,-1.84170117914495e-07
2.72843165365754e+02	-9.97033490872791e-09,-1.82890500781849e-07
2.74740939660089e+02	-9.96992297655723e-09,-1.81619671330853e-07
2.76651914018525e+02	-9.96950531601480e-09,-1.80357568516770e-07
2.78576180254768e+02	-9.96908184828711e-09,-1.79104131714407e-07
2.80513830821139e+02	-9.96865249348521e-09,-1.77859300715205e-07
2.82464958813018e+02	-9.96821717063051e-09,-1.76623015724358e-07
2.84429657973310e+02	-9.96777579764040e-09,-1.75395217357941e-07
2.86408022696959e+02	-9.96732829131365e-09,-1.74175846640063e-07
2.88400148035474e+02	-9.96687456731563e-09,-1.72964845000041e-07
2.90406129701500e+02	-9.96641454016340e-09,-1.71762154269591e-07
2.92426064073417e+02	-9.96594812321056e-09,-1.70567716680043e-07
2.94460048199969e+02	-9.96547522863194e-09,-1.69381474859565e-07
2.96508179804927e+02	-9.96499576740807e-09,-1.68203371830420e-07
2.98570557291787e+02	-9.96450964930952e-09,-1.67033351006230e-07
3.00647279748492e+02	-9.96401678288096e-09,-1.65871356189267e-07
3.02738446952199e+02	-9.96351707542510e-09,-1.64717331567761e-07
3.04844159374069e+02	-9.96301043298642e-09,-1.63571221713219e-07
3.06964518184094e+02	-9.96249676033462e-09,-1.62432971577778e-07
3.09099625255960e+02	-9.96197596094800e-09,-1.61302526491562e-07
3.11249583171940e+02	-9.96144793699652e-09,-1.60179832160063e-07
3.13414495227826e+02	-9.96091258932475e-09,-1.59064834661542e-07
3.15594465437884e+02	-9.96036981743453e-09,-1.57957480444445e-07
3.17789598539861e+02	-9.95981951946746e-09,-1.56857716324839e-07
3.20000000000009e+02	-9.95926159218716e-09,-1.55765489483863e-07
3.22225776018160e+02	-9.95869593096140e-09,-1.54680747465200e-07
3.24467033532819e+02	-9.95812242974383e-09,-1.53603438172565e-07
3.26723880226312e+02	-9.95754098105573e-09,-1.52533509867212e-07
3.28996424529951e+02	-9.95695147596731e-09,-1.51470911165452e-07
3.31284775629251e+02	-9.95635380407897e-09,-1.50415591036200e-07
3.33589043469169e+02	-9.95574785350220e-09,-1.49367498798527e-07
3.35909338759392e+02	-9.95513351084039e-09,-1.48326584119238e-07
3.38245772979652e+02	-9.95451066116925e-09,-1.47292797010459e-07
3.40598458385085e+02	-9.95387918801714e-09,-1.46266087827252e-07
3.42967508011624e+02	-9.95323897334512e-09,-1.45246407265230e-07
3.45353035681427e+02	-9.95258989752671e-09,-1.44233706358208e-07
3.47755156008349e+02	-9.95193183932751e-09,-1.43227936475854e-07
3.50173984403447e+02	-9.95126467588451e-09,-1.42229049321365e-07
3.52609637080526e+02	-9.95058828268519e-09,-1.41236996929160e-07
3.55062231061721e+02	-9.94990253354640e-09,-1.40251731662582e-07
3.57531884183121e+02	-9.94920730059288e-09,-1.39273206211623e-07
3.60018715100430e+02	-9.94850245423572e-09,-1.38301373590661e-07
3.62522843294667e+02	-9.94778786315042e-09,-1.37336187136216e-07
3.65044389077907e+02	-9.94706339425475e-09,-1.36377600504720e-07
3.67583473599063e+02	-9.94632891268638e-09,-1.35425567670299e-07
3.70140218849704e+02	-9.94558428178020e-09,-1.34480042922578e-07
3.72714747669917e+02	-9.94482936304545e-09,-1.33540980864495e-07
3.75307183754213e+02	-9.94406401614253e-09,-1.32608336410134e-07
3.77917651657462e+02	-9.94328809885961e-09,-1.31682064782570e-07
3.80546276800883e+02	-9.94250146708888e-09,-1.30762121511734e-07
3.83193185478069e+02	-9.94170397480269e-09,-1.29848462432287e-07
3.85858504861056e+02	-9.94089547402925e-09,-1.28941043681516e-07
3.88542363006427e+02	-9.94007581482819e-09,-1.28039821697234e-07
3.91244888861474e+02	-9.93924484526580e-09,-1.27144753215709e-07
3.93966212270386e+02	-9.93840241139000e-09,-1.26255795269595e-07
3.96706463980488e+02	-9.93754835720501e-09,-1.25372905185883e-07
3.99465775648529e+02	-9.93668252464583e-09,-1.24496040583871e-07
4.02244279846998e+02	-9.93580475355232e-09,-1.23625159373136e-07
4.05042110070503e+02	-9.93491488164314e-09,-1.22760219751534e-07
4.07859400742177e+02	-9.93401274448925e-09,-1.21901180203202e-07
4.10696287220143e+02	-9.93309817548730e-09,-1.21047999496587e-07
4.13552905804011e+02	-9.93217100583259e-09,-1.20200636682475e-07
4.16429393741432e+02	-9.93123106449180e-09,-1.19359051092046e-07
4.19325889234690e+02	-9.93027817817550e-09,-1.18523202334932e-07
4.22242531447340e+02	-9.92931217131025e-09,-1.17693050297301e-07
4.25179460510898e+02	-9.92833286601045e-09,-1.16868555139944e-07
4.28136817531570e+02	-9.92734008204998e-09,-1.16049677296379e-07
4.31114744597035e+02	-9.92633363683345e-09,-1.15236377470970e-07
4.34113384783269e+02	-9.92531334536716e-09,-1.14428616637059e-07
4.37132882161421e+02	-9.92427902022984e-09,-1.13626356035111e-07
4.40173381804733e+02	-9.92323047154302e-09,-1.12829557170871e-07
4.43235029795511e+02	-9.92216750694112e-09,-1.12038181813532e-07
4.46317973232145e+02	-9.92108993154127e-09,-1.11252191993925e-07
4.49422360236174e+02	-9.91999754791278e-09,-1.10471550002712e-07
4.52548339959406e+02	-9.91889015604638e-09,-1.09696218388599e-07
4.55696062591078e+02	-9.91776755332307e-09,-1.08926159956553e-07
4.58865679365080e+02	-9.91662953448270e-09,-1.08161337766045e-07
4.62057342567214e+02	-9.91547589159233e-09,-1.07401715129293e-07
4.65271205542515e+02	-9.91430641401414e-09,-1.06647255609523e-07
4.68507422702616e+02	-9.91312088837316e-09,-1.05897923019247e-07
4.71766149533168e+02	-9.91191909852457e-09,-1.05153681418541e-07
4.75047542601312e+02	-9.91070082552088e-09,-1.04414495113351e-07
4.78351759563197e+02	-9.90946584757856e-09,-1.03680328653797e-07
4.81678959171558e+02	-9.90821394004461e-09,-1.02951146832499e-07
4.85029301283344e+02	-9.90694487536261e-09,-1.02226914682913e-07
4.88402946867396e+02	-9.90565842303864e-09,-1.01507597477673e-07
4.91800058012181e+02	-9.90435434960675e-09,-1.00793160726953e-07
4.95220797933582e+02	-9.90303241859422e-09,-1.00083570176840e-07
4.98665330982737e+02	-9.90169239048649e-09,-9.93787918077105e-08
5.02133822653938e+02	-9.90033402269173e-09,-9.86787918326302e-08
5.05626439592579e+02	-9.89895706950519e-09,-9.79835366957581e-08
5.09143349603166e+02	-9.89756128207318e-09,-9.72929930707643e-08
5.12684721657376e+02	-9.89614640835676e-09,-9.66071278592593e-08
5.16250725902179e+02	-9.89471219309521e-09,-9.59259081892358e-08
5.19841533668009e+02	-9.89325837776901e-09,-9.52493014135199e-08
5.23457317476998e+02	-9.89178470056270e-09,-9.45772751082359e-08
5.27098251051265e+02	-9.89029089632739e-09,-9.39097970712807e-08
5.30764509321261e+02	-9.88877669654288e-09,-9.32468353208106e-08
5.34456268434175e+02	-9.88724182927965e-09,-9.25883580937389e-08
5.38173705762396e+02	-9.88568601916040e-09,-9.19343338442444e-08
5.41916999912037e+02	-9.88410898732137e-09,-9.12847312422915e-08
5.45686330731512e+02	-9.88251045137338e-09,-9.06395191721613e-08
5.49481879320182e+02	-9.88089012536255e-09,-8.99986667309928e-08
5.53303828037053e+02	-9.87924771973074e-09,-8.93621432273362e-08
5.57152360509539e+02	-9.87758294127572e-09,-8.87299181797165e-08
5.61027661642283e+02	-9.87589549311105e-09,-8.81019613152077e-08
5.64929917626039e+02	-9.87418507462567e-09,-8.74782425680181e-08
5.68859315946625e+02	-9.87245138144327e-09,-8.68587320780863e-08
5.72816045393923e+02	-9.87069410538130e-09,-8.62434001896873e-08
5.76800296070952e+02	-9.86891293440982e-09,-8.56322174500498e-08
5.80812259403004e+02	-9.86710755260994e-09,-8.50251546079839e-08
5.84852128146837e+02	-9.86527764013224e-09,-8.44221826125189e-08
5.88920096399941e+02	-9.86342287315462e-09,-8.38232726115518e-08
5.93016359609859e+02	-9.86154292384018e-09,-8.32283959505062e-08
5.97141114583579e+02	-9.85963746029474e-09,-8.26375241710016e-08
6.01294559496990e+02	-9.85770614652406e-09,-8.20506290095322e-08
6.05476893904404e+02	-9.85574864239096e-09,-8.14676823961571e-08
6.09688318748142e+02	-9.85376460357211e-09,-8.08886564531998e-08
6.13929036368192e+02	-9.85175368151465e-09,-8.03135234939582e-08
6.18199250511924e+02	-9.84971552339254e-09,-7.97422560214243e-08
6.22499166343886e+02	-9.84764977206280e-09,-7.91748267270142e-08
6.26828990455656e+02	-9.84555606602143e-09,-7.86112084893084e-08
6.31188930875773e+02	-9.84343403935925e-09,-7.80513743728011e-08
6.35579197079727e+02	-9.84128332171742e-09,-7.74952976266600e-08
6.40000000000024e+02	-9.83910353824294e-09,-7.69429516834962e-08
6.44451552036324e+02	-9.83689430954382e-09,-7.63943101581433e-08
6.48934067065643e+02	-9.83465525164425e-09,-7.58493468464462e-08
6.53447760452628e+02	-9.83238597593943e-09,-7.53080357240604e-08
6.57992849059907e+02	-9.83008608915045e-09,-7.47703509452599e-08
6.62569551258507e+02	-9.82775519327893e-09,-7.42362668417554e-08
6.67178086938343e+02	-9.82539288556148e-09,-7.37057579215223e-08
6.71818677518788e+02	-9.82299875842422e-09,-7.31787988676372e-08
6.76491545959309e+02	-9.82057239943703e-09,-7.26553645371247e-08
6.81196916770176e+02	-9.81811339126781e-09,-7.21354299598138e-08
6.85935016023254e+02	-9.81562131163663e-09,-7.16189703372028e-08
6.90706071362860e+02	-9.81309573326980e-09,-7.11059610413348e-08
6.95510312016704e+02	-9.81053622385391e-09,-7.05963776136811e-08
7.00347968806900e+02	-9.80794234598982e-09,-7.00901957640355e-08
7.05219274161058e+02	-9.80531365714666e-09,-6.95873913694163e-08
7.10124462123448e+02	-9.80264970961571e-09,-6.90879404729785e-08
7.15063768366248e+02	-9.79995005046444e-09,-6.85918192829354e-08
7.20037430200866e+02	-9.79721422149044e-09,-6.80990041714876e-08
7.25045686589339e+02	-9.79444175917545e-09,-6.76094716737641e-08
7.30088778155819e+02	-9.79163219463940e-09,-6.71231984867690e-08
7.35166947198131e+02	-9.78878505359457e-09,-6.66401614683405e-08
7.40280437699413e+02	-9.78589985629979e-09,-6.61603376361162e-08
7.45429495339841e+02	-9.78297611751476e-09,-6.56837041665093e-08
7.50614367508432e+02	-9.78001334645449e-09,-6.52102383936928e-08
7.55835303314929e+02	-9.77701104674386e-09,-6.47399178085928e-08
7.61092553601771e+02	-9.77396871637242e-09,-6.42727200578906e-08
7.66386370956144e+02	-9.77088584764924e-09,-6.38086229430340e-08
7.71717009722117e+02	-9.76776192715811e-09,-6.33476044192568e-08
7.77084726012860e+02	-9.76459643571281e-09,-6.28896425946076e-08
7.82489777722954e+02	-9.76138884831280e-09,-6.24347157289873e-08
7.87932424540777e+02	-9.75813863409899e-09,-6.19828022331950e-08
7.93412927960983e+02	-9.75484525630999e-09,-6.15338806679829e-08
7.98931551297063e+02	-9.75150817223854e-09,-6.10879297431195e-08
8.04488559694002e+02	-9.74812683318833e-09,-6.06449283164621e-08
8.10084220141011e+02	-9.74470068443123e-09,-6.02048553930371e-08
8.15718801484360e+02	-9.74122916516484e-09,-5.97676901241293e-08
8.21392574440291e+02	-9.73771170847054e-09,-5.93334118063799e-08
8.27105811608028e+02	-9.73414774127193e-09,-5.89019998808925e-08
8.32858787482871e+02	-9.73053668429377e-09,-5.84734339323481e-08
8.38651778469386e+02	-9.72687795202150e-09,-5.80476936881284e-08
8.44485062894686e+02	-9.72317095266116e-09,-5.76247590174470e-08
8.50358921021801e+02	-9.71941508810001e-09,-5.72046099304902e-08
8.56273635063146e+02	-9.71560975386772e-09,-5.67872265775649e-08
8.62229489194076e+02	-9.71175433909815e-09,-5.63725892482555e-08
8.68226769566545e+02	-9.70784822649190e-09,-5.59606783705893e-08
8.74265764322848e+02	-9.70389079227947e-09,-5.55514745102094e-08
8.80346763609472e+02	-9.69988140618519e-09,-5.51449583695571e-08
8.86470059591028e+02	-9.69581943139202e-09,-5.47411107870609e-08
8.92635946464296e+02	-9.69170422450704e-09,-5.43399127363356e-08
8.98844720472355e+02	-9.68753513552786e-09,-5.39413453253879e-08
9.05096679918818e+02	-9.68331150780993e-09,-5.35453897958312e-08
9.11392125182163e+02	-9.67903267803481e-09,-5.31520275221081e-08
9.17731358730167e+02	-9.67469797617934e-09,-5.27612400107213e-08
9.24114685134435e+02	-9.67030672548593e-09,-5.23730088994721e-08
9.30542411085037e+02	-9.66585824243383e-09,-5.19873159567075e-08
9.37014845405239e+02	-9.66135183671157e-09,-5.16041430805749e-08
9.43532299066344e+02	-9.65678681119055e-09,-5.12234722982851e-08
9.50095085202631e+02	-9.65216246189981e-09,-5.08452857653830e-08
9.56703519126400e+02	-9.64747807800202e-09,-5.04695657650263e-08
9.63357918343123e+02	-9.64273294177089e-09,-5.00962947072726e-08
9.70058602566695e+02	-9.63792632856977e-09,-4.97254551283733e-08
9.76805893734798e+02	-9.63305750683182e-09,-4.93570296900767e-08
9.83600116024369e+02	-9.62812573804143e-09,-4.89910011789376e-08
9.90441595867171e+02	-9.62313027671737e-09,-4.86273525056359e-08
9.97330661965481e+02	-9.61807037039733e-09,-4.82660667043020e-08
1.00426764530788e+03	-9.61294525962415e-09,-4.79071269318502e-08
1.01125287918517e+03	-9.60775417793371e-09,-4.75505164673206e-08
1.01828669920634e+03	-9.60249635184454e-09,-4.71962187112274e-08
1.02536944331476e+03	-9.59717100084924e-09,-4.68442171849152e-08
1.03250145180437e+03	-9.59177733740773e-09,-4.64944955299241e-08
1.03968306733603e+03	-9.58631456694242e-09,-4.61470375073604e-08
1.04691463495400e+03	-9.58078188783533e-09,-4.58018269972762e-08
1.05419650210254e+03	-9.57517849142731e-09,-4.54588479980564e-08
1.06152901864253e+03	-9.56950356201924e-09,-4.51180846258123e-08
1.06891253686836e+03	-9.56375627687553e-09,-4.47795211137837e-08
1.07634741152480e+03	-9.55793580622979e-09,-4.44431418117479e-08
1.08383399982408e+03	-9.55204131329275e-09,-4.41089311854354e-08
1.09137266146303e+03	-9.54607195426266e-09,-4.37768738159543e-08
1.09896375864037e+03	-9.54002687833806e-09,-4.34469543992210e-08
1.10660765607411e+03	-9.53390522773302e-09,-4.31191577453978e-08
1.11430472101909e+03	-9.52770613769510e-09,-4.27934687783391e-08
1.12205532328457e+03	-9.52142873652585e-09,-4.24698725350430e-08
1.12985983525209e+03	-9.51507214560404e-09,-4.21483541651114e-08
1.13771863189326e+03	-9.50863547941182e-09,-4.18288989302161e-08
1.14563209078785e+03	-9.50211784556359e-09,-4.15114922035729e-08
1.15360059214191e+03	-9.49551834483800e-09,-4.11961194694215e-08
1.16162451880602e+03	-9.48883607121288e-09,-4.08827663225133e-08
1.16970425629368e+03	-9.48207011190334e-09,-4.05714184676054e-08
1.17784019279989e+03	-9.47521954740309e-09,-4.02620617189614e-08
1.18603271921973e+03	-9.46828345152896e-09,-3.99546819998597e-08
1.19428222916717e+03	-9.46126089146894e-09,-3.96492653421073e-08
1.20258911899399e+03	-9.45415092783351e-09,-3.93457978855608e-08
1.21095378780882e+03	-9.44695261471064e-09,-3.90442658776542e-08
1.21937663749629e+03	-9.43966499972432e-09,-3.87446556729327e-08
1.22785807273639e+03	-9.43228712409686e-09,-3.84469537325932e-08
1.23639850102386e+03	-9.42481802271501e-09,-3.81511466240305e-08
1.24499833268778e+03	-9.41725672419987e-09,-3.78572210203911e-08
1.25365798091132e+03	-9.40960225098087e-09,-3.75651637001319e-08
1.26237786175155e+03	-9.40185361937380e-09,-3.72749615465852e-08
1.27115839415946e+03	-9.39400983966295e-09,-3.69866015475308e-08
1.28000000000006e+03	-9.38606991618759e-09,-3.67000707947726e-08
1.28890310407266e+03	-9.37803284743270e-09,-3.64153564837222e-08
1.29786813413129e+03	-9.36989762612418e-09,-3.61324459129876e-08
1.30689552090527e+03	-9.36166323932861e-09,-3.58513264839681e-08
1.31598569811982e+03	-9.35332866855757e-09,-3.55719857004543e-08
1.32513910251702e+03	-9.34489288987673e-09,-3.52944111682341e-08
1.33435617387669e+03	-9.33635487401974e-09,-3.50185905947039e-08
1.34363735503759e+03	-9.32771358650698e-09,-3.47445117884852e-08
1.35298309191863e+03	-9.31896798776939e-09,-3.44721626590461e-08
1.36239383354036e+03	-9.31011703327731e-09,-3.42015312163284e-08
1.37187003204652e+03	-9.30115967367458e-09,-3.39326055703798e-08
1.38141214272573e+03	-9.29209485491785e-09,-3.36653739309899e-08
1.39102062403342e+03	-9.28292151842137e-09,-3.33998246073325e-08
1.40069593761381e+03	-9.27363860120711e-09,-3.31359460076117e-08
1.41043854832213e+03	-9.26424503606062e-09,-3.28737266387123e-08
1.42024892424691e+03	-9.25473975169240e-09,-3.26131551058554e-08
1.43012753673251e+03	-9.24512167290509e-09,-3.23542201122579e-08
1.44007486040174e+03	-9.23538972076653e-09,-3.20969104587957e-08
1.45009137317869e+03	-9.22554281278870e-09,-3.18412150436721e-08
1.46017755631165e+03	-9.21557986311275e-09,-3.15871228620885e-08
1.47033389439627e+03	-9.20549978270012e-09,-3.13346230059205e-08
1.48056087539884e+03	-9.19530147952983e-09,-3.10837046633964e-08
1.49085899067969e+03	-9.18498385880219e-09,-3.08343571187792e-08
1.50122873501687e+03	-9.17454582314875e-09,-3.05865697520532e-08
1.51167060662987e+03	-9.16398627284880e-09,-3.03403320386115e-08
1.52218510720355e+03	-9.15330410605247e-09,-3.00956335489488e-08
1.53277274191230e+03	-9.14249821901035e-09,-2.98524639483553e-08
1.54343401944424e+03	-9.13156750630992e-09,-2.96108129966140e-08
1.55416945202573e+03	-9.12051086111873e-09,-2.93706705477005e-08
1.56497955544592e+03	-9.10932717543452e-09,-2.91320265494844e-08
1.57586484908157e+03	-9.09801534034219e-09,-2.88948710434339e-08
1.58682585592198e+03	-9.08657424627788e-09,-2.86591941643210e-08
1.59786310259414e+03	-9.07500278330009e-09,-2.84249861399299e-08
1.60897711938801e+03	-9.06329984136797e-09,-2.81922372907652e-08
1.62016844028203e+03	-9.05146431062683e-09,-2.79609380297631e-08
1.63143760296873e+03	-9.03949508170098e-09,-2.77310788620025e-08
1.64278514888059e+03	-9.02739104599381e-09,-2.75026503844178e-08
1.65421162321607e+03	-9.01515109599532e-09,-2.72756432855115e-08
1.66571757496575e+03	-9.00277412559715e-09,-2.70500483450684e-08
1.67730355693878e+03	-8.99025903041502e-09,-2.68258564338694e-08
1.68897012578938e+03	-8.97760470811872e-09,-2.66030585134049e-08
1.70071784204361e+03	-8.96481005876970e-09,-2.63816456355890e-08
1.71254727012630e+03	-8.95187398516630e-09,-2.61616089424729e-08
1.72445897838816e+03	-8.93879539319649e-09,-2.59429396659569e-08
1.73645353913310e+03	-8.92557319219847e-09,-2.57256291275026e-08
1.74853152864571e+03	-8.91220629532876e-09,-2.55096687378434e-08
1.76069352721896e+03	-8.89869361993816e-09,-2.52950499966934e-08
1.77294011918207e+03	-8.88503408795525e-09,-2.50817644924549e-08
1.78527189292860e+03	-8.87122662627780e-09,-2.48698039019242e-08
1.79768944094472e+03	-8.85727016717170e-09,-2.46591599899945e-08
1.81019335983765e+03	-8.84316364867777e-09,-2.44498246093574e-08
1.82278425036434e+03	-8.82890601502610e-09,-2.42417897002005e-08
1.83546271746035e+03	-8.81449621705823e-09,-2.40350472899031e-08
1.84822937026888e+03	-8.79993321265683e-09,-2.38295894927276e-08
1.86108482217009e+03	-8.78521596718309e-09,-2.36254085095086e-08
1.87402969081049e+03	-8.77034345392164e-09,-2.34224966273368e-08
1.88706459813270e+03	-8.75531465453301e-09,-2.32208462192398e-08
1.90019017040527e+03	-8.74012855951356e-09,-2.30204497438581e-08
1.91340703825281e+03	-8.72478416866281e-09,-2.28212997451165e-08
1.92671583668626e+03	-8.70928049155813e-09,-2.26233888518904e-08
1.94011720513340e+03	-8.69361654803662e-09,-2.24267097776668e-08
1.95361178746961e+03	-8.67779136868430e-09,-2.22312553202003e-08
1.96720023204875e+03	-8.66180399533220e-09,-2.20370183611623e-08
1.98088319173436e+03	-8.64565348155955e-09,-2.18439918657845e-08
1.99466132393098e+03	-8.62933889320377e-09,-2.16521688824964e-08
2.00853529061578e+03	-8.61285930887724e-09,-2.14615425425548e-08
2.02250575837034e+03	-8.59621382049056e-09,-2.12721060596675e-08
2.03657339841269e+03	-8.57940153378243e-09,-2.10838527296091e-08
2.05073888662953e+03	-8.56242156885571e-09,-2.08967759298284e-08
2.06500290360874e+03	-8.54527306071968e-09,-2.07108691190493e-08
2.07936613467207e+03	-8.52795515983826e-09,-2.05261258368619e-08
2.09382926990802e+03	-8.51046703268407e-09,-2.03425397033063e-08
2.10839300420509e+03	-8.49280786229794e-09,-2.01601044184460e-08
2.12305803728508e+03	-8.47497684885407e-09,-1.99788137619337e-08
2.13782507373673e+03	-8.45697321023010e-09,-1.97986615925663e-08
2.15269482304962e+03	-8.43879618258236e-09,-1.96196418478309e-08
2.16766799964818e+03	-8.42044502092569e-09,-1.94417485434399e-08
2.18274532292608e+03	-8.40191899971781e-09,-1.92649757728568e-08
2.19792751728076e+03	-8.38321741344790e-09,-1.90893177068102e-08
2.21321531214825e+03	-8.36433957722912e-09,-1.89147685927972e-08
2.22860944203819e+03	-8.34528482739479e-09,-1.87413227545759e-08
2.24411064656916e+03	-8.32605252209795e-09,-1.85689745916458e-08
2.25971967050419e+03	-8.30664204191400e-09,-1.83977185787168e-08
2.27543726378653e+03	-8.28705279044609e-09,-1.82275492651654e-08
2.29126418157573e+03	-8.26728419493291e-09,-1.80584612744796e-08
2.30720118428384e+03	-8.24733570685866e-09,-1.78904493036904e-08
2.32324903761205e+03	-8.22720680256461e-09,-1.77235081227902e-08
2.33940851258738e+03	-8.20689698386217e-09,-1.75576325741390e-08
2.35568038559980e+03	-8.18640577864692e-09,-1.73928175718567e-08
2.37206543843947e+03	-8.16573274151323e-09,-1.72290581012011e-08
2.38856445833435e+03	-8.14487745436913e-09,-1.70663492179338e-08
2.40517823798799e+03	-8.12383952705100e-09,-1.69046860476702e-08
2.42190757561765e+03	-8.10261859793761e-09,-1.67440637852165e-08
2.43875327499260e+03	-8.08121433456321e-09,-1.65844776938919e-08
2.45571614547280e+03	-8.05962643422905e-09,-1.64259231048358e-08
2.47279700204773e+03	-8.03785462461299e-09,-1.62683954163011e-08
2.48999666537558e+03	-8.01589866437683e-09,-1.61118900929314e-08
2.50731596182266e+03	-7.99375834377058e-09,-1.59564026650241e-08
2.52475572350313e+03	-7.97143348523355e-09,-1.58019287277777e-08
2.54231678831894e+03	-7.94892394399154e-09,-1.56484639405238e-08
2.56000000000013e+03	-7.92622960864967e-09,-1.54960040259438e-08
2.57780620814533e+03	-7.90335040178037e-09,-1.53445447692699e-08
2.59573626826261e+03	-7.88028628050605e-09,-1.51940820174702e-08
2.61379104181055e+03	-7.85703723707572e-09,-1.50446116784189e-08
2.63197139623967e+03	-7.83360329943537e-09,-1.48961297200494e-08
2.65027820503406e+03	-7.80998453179123e-09,-1.47486321694927e-08
2.66871234775341e+03	-7.78618103516548e-09,-1.46021151121996e-08
2.68727471007519e+03	-7.76219294794397e-09,-1.44565746910468e-08
2.70596618383727e+03	-7.73802044641520e-09,-1.43120071054276e-08
2.72478766708074e+03	-7.71366374530007e-09,-1.41684086103265e-08
2.74374006409305e+03	-7.68912309827184e-09,-1.40257755153779e-08
2.76282428545148e+03	-7.66439879846573e-09,-1.38841041839099e-08
2.78204124806685e+03	-7.63949117897745e-09,-1.37433910319711e-08
2.80139187522764e+03	-7.61440061335029e-09,-1.36036325273438e-08
2.82087709664427e+03	-7.58912751604993e-09,-1.34648251885400e-08
2.84049784849383e+03	-7.56367234292660e-09,-1.33269655837831e-08
2.86025507346503e+03	-7.53803559166381e-09,-1.31900503299748e-08
2.88014972080350e+03	-7.51221780221322e-09,-1.30540760916466e-08
2.90018274635740e+03	-7.48621955721487e-09,-1.29190395798966e-08
2.92035511262332e+03	-7.46004148240239e-09,-1.27849375513123e-08
2.94066778879257e+03	-7.43368424699236e-09,-1.26517668068791e-08
2.96112175079769e+03	-7.40714856405744e-09,-1.25195241908747e-08
2.98171798135941e+03	-7.38043519088252e-09,-1.23882065897503e-08
3.00245747003377e+03	-7.35354492930343e-09,-1.22578109309978e-08
3.02334121325976e+03	-7.32647862602747e-09,-1.21283341820049e-08
3.04437021440713e+03	-7.29923717293542e-09,-1.19997733488973e-08
3.06554548382462e+03	-7.27182150736421e-09,-1.18721254753683e-08
3.08686803888851e+03	-7.24423261236980e-09,-1.17453876414973e-08
3.10833890405149e+03	-7.21647151696985e-09,-1.16195569625566e-08
3.12995911089186e+03	-7.18853929636528e-09,-1.14946305878070e-08
3.15172969816316e+03	-7.16043707214062e-09,-1.13706056992837e-08
3.17365171184398e+03	-7.13216601244224e-09,-1.12474795105718e-08
3.19572620518830e+03	-7.10372733213425e-09,-1.11252492655721e-08
3.21795423877605e+03	-7.07512229293132e-09,-1.10039122372589e-08
3.24033688056409e+03	-7.04635220350813e-09,-1.08834657264285e-08
3.26287520593749e+03	-7.01741841958485e-09,-1.07639070604409e-08
3.28557029776121e+03	-6.98832234398827e-09,-1.06452335919535e-08
3.30842324643216e+03	-6.95906542668808e-09,-1.05274426976491e-08
3.33143514993153e+03	-6.92964916480793e-09,-1.04105317769574e-08
3.35460711387759e+03	-6.90007510261079e-09,-1.02944982507718e-08
3.37794025157879e+03	-6.87034483145837e-09,-1.01793395601613e-08
3.40143568408726e+03	-6.84045998974405e-09,-1.00650531650792e-08
3.42509454025263e+03	-6.81042226279908e-09,-9.95163654306778e-09
3.44891795677636e+03	-6.78023338277174e-09,-9.83908718796139e-09
3.47290707826623e+03	-6.74989512847911e-09,-9.72740260858789e-09
3.49706305729145e+03	-6.71940932523119e-09,-9.61658032746889e-09
3.52138705443794e+03	-6.68877784462712e-09,-9.50661787952030e-09
3.54588023836416e+03	-6.65800260432326e-09,-9.39751281075347e-09
3.57054378585724e+03	-6.62708556777295e-09,-9.28926267697803e-09
3.59537888188947e+03	-6.59602874393780e-09,-9.18186504250701e-09
3.62038671967532e+03	-6.56483418697020e-09,-9.07531747886532e-09
3.64556850072871e+03	-6.53350399586722e-09,-8.96961756350227e-09
3.67092543492072e+03	-6.50204031409548e-09,-8.86476287850907e-09
3.69645874053780e+03	-6.47044532918720e-09,-8.76075100934214e-09
3.72216964434020e+03	-6.43872127230722e-09,-8.65757954355310e-09
3.74805938162101e+03	-6.40687041779106e-09,-8.55524606952644e-09
3.77412919626543e+03	-6.37489508265404e-09,-8.45374817522553e-09
3.80038034081058e+03	-6.34279762607153e-09,-8.35308344694807e-09
3.82681407650566e+03	-6.31058044883032e-09,-8.25324946809184e-09
3.85343167337255e+03	-6.27824599275144e-09,-8.15424381793154e-09
3.88023441026684e+03	-6.24579674008431e-09,-8.05606407040770e-09
3.90722357493925e+03	-6.21323521287269e-09,-7.95870779292865e-09
3.93440046409753e+03	-6.18056397229234e-09,-7.86217254518620e-09
3.96176638346874e+03	-6.14778561796098e-09,-7.76645587798621e-09
3.98932264786198e+03	-6.11490278722052e-09,-7.67155533209473e-09
4.01707058123159e+03	-6.08191815439208e-09,-7.57746843710071e-09
4.04501151674072e+03	-6.04883443000405e-09,-7.48419271029614e-09
4.07314679682541e+03	-6.01565435999361e-09,-7.39172565557438e-09
4.10147777325910e+03	-5.98238072488210e-09,-7.30006476234783e-09
4.13000580721752e+03	-5.94901633892471e-09,-7.20920750448539e-09
4.15873226934416e+03	-5.91556404923491e-09,-7.11915133927088e-09
4.18765853981608e+03	-5.88202673488421e-09,-7.02989370638312e-09
4.21678600841022e+03	-5.84840730597774e-09,-6.94143202689850e-09
4.24611607457018e+03	-5.81470870270620e-09,-6.85376370231673e-09
4.27565014747350e+03	-5.78093389437479e-09,-6.76688611361082e-09
4.30538964609927e+03	-5.74708587840983e-09,-6.68079662030170e-09
4.33533599929639e+03	-5.71316767934359e-09,-6.59549255955853e-09
4.36549064585219e+03	-5.67918234777813e-09,-6.51097124532524e-09
4.39585503456155e+03	-5.64513295932878e-09,-6.42722996747406e-09
4.42643062429652e+03	-5.61102261354808e-09,-6.34426599098670e-09
4.45721888407641e+03	-5.57685443283090e-09,-6.26207655516385e-09
4.48822129313836e+03	-5.54263156130151e-09,-6.18065887286366e-09
4.51943934100841e+03	-5.50835716368349e-09,-6.10001012976965e-09
4.55087452757310e+03	-5.47403442415322e-09,-6.02012748368886e-09
4.58252836315148e+03	-5.43966654517793e-09,-5.94100806388057e-09
4.61440236856772e+03	-5.40525674633905e-09,-5.86264897041624e-09
4.64649807522413e+03	-5.37080826314194e-09,-5.78504727357108e-09
4.67881702517480e+03	-5.33632434581272e-09,-5.70820001324774e-09
4.71136077119964e+03	-5.30180825808329e-09,-5.63210419843259e-09
4.74413087687898e+03	-5.26726327596544e-09,-5.55675680668483e-09
4.77712891666873e+03	-5.23269268651505e-09,-5.48215478365895e-09
4.81035647597602e+03	-5.19809978658726e-09,-5.40829504266081e-09
4.84381515123534e+03	-5.16348788158379e-09,-5.33517446423757e-09
4.87750654998525e+03	-5.12886028419320e-09,-5.26278989580182e-09
4.91143229094564e+03	-5.09422031312533e-09,-5.19113815129003e-09
4.94559400409550e+03	-5.05957129184072e-09,-5.12021601085559e-09
4.97999333075120e+03	-5.02491654727628e-09,-5.05002022059654e-09
5.01463192364536e+03	-4.99025940856802e-09,-4.98054749231813e-09
5.04951144700630e+03	-4.95560320577202e-09,-4.91179450333021e-09
5.08463357663793e+03	-4.92095126858464e-09,-4.84375789627961e-09
5.12000000000031e+03	-4.88630692506308e-09,-4.77643427901739e-09
5.15561241629071e+03	-4.85167350034722e-09,-4.70982022450103e-09
5.19147253652526e+03	-4.81705431538379e-09,-4.64391227073133e-09
5.22758208362114e+03	-4.78245268565413e-09,-4.57870692072416e-09
5.26394279247938e+03	-4.74787191990623e-09,-4.51420064251666e-09
5.30055641006817e+03	-4.71331531889231e-09,-4.45038986920780e-09
5.33742469550686e+03	-4.67878617411300e-09,-4.38727099903321e-09
5.37454942015043e+03	-4.64428776656886e-09,-4.32484039547380e-09
5.41193236767459e+03	-4.60982336552058e-09,-4.26309438739801e-09
5.44957533416153e+03	-4.57539622725856e-09,-4.20202926923743e-09
5.48748012818615e+03	-4.54100959388308e-09,-4.14164130119523e-09
5.52564857090300e+03	-4.50666669209584e-09,-4.08192670948723e-09
5.56408249613375e+03	-4.47237073200390e-09,-4.02288168661500e-09
5.60278375045533e+03	-4.43812490593700e-09,-3.96450239167071e-09
5.64175419328859e+03	-4.40393238727900e-09,-3.90678495067307e-09
5.68099569698771e+03	-4.36979632931454e-09,-3.84972545693396e-09
5.72051014693011e+03	-4.33571986409167e-09,-3.79331997145516e-09
5.76029944160706e+03	-4.30170610130128e-09,-3.73756452335462e-09
5.80036549271484e+03	-4.26775812717420e-09,-3.68245511032158e-09
5.84071022524669e+03	-4.23387900339685e-09,-3.62798769910013e-09
5.88133557758518e+03	-4.20007176604602e-09,-3.57415822600023e-09
5.92224350159543e+03	-4.16633942454375e-09,-3.52096259743584e-09
5.96343596271886e+03	-4.13268496063284e-09,-3.46839669048917e-09
6.00491494006759e+03	-4.09911132737390e-09,-3.41645635350055e-09
6.04668242651957e+03	-4.06562144816436e-09,-3.36513740668299e-09
6.08874042881431e+03	-4.03221821578033e-09,-3.31443564276081e-09
6.13109096764929e+03	-3.99890449144173e-09,-3.26434682763146e-09
6.17373607777707e+03	-3.96568310390138e-09,-3.21486670104973e-09
6.21667780810302e+03	-3.93255684855859e-09,-3.16599097733360e-09
6.25991822178378e+03	-3.89952848659773e-09,-3.11771534609075e-09
6.30345939632636e+03	-3.86660074415225e-09,-3.07003547296508e-09
6.34730342368800e+03	-3.83377631149478e-09,-3.02294700040224e-09
6.39145241037665e+03	-3.80105784225342e-09,-2.97644554843325e-09
6.43590847755216e+03	-3.76844795265499e-09,-2.93052671547547e-09
6.48067376112824e+03	-3.73594922079530e-09,-2.88518607915000e-09
6.52575041187503e+03	-3.70356418593684e-09,-2.84041919711444e-09
6.57114059552248e+03	-3.67129534783440e-09,-2.79622160791040e-09
6.61684649286437e+03	-3.63914516608852e-09,-2.75258883182450e-09
6.66287029986312e+03	-3.60711605952729e-09,-2.70951637176233e-09
6.70921422775524e+03	-3.57521040561661e-09,-2.66699971413407e-09
6.75588050315764e+03	-3.54343053989902e-09,-2.62503432975119e-09
6.80287136817457e+03	-3.51177875546129e-09,-2.58361567473306e-09
6.85018908050532e+03	-3.48025730243093e-09,-2.54273919142271e-09
6.89783591355277e+03	-3.44886838750151e-09,-2.50240030931080e-09
6.94581415653252e+03	-3.41761417348703e-09,-2.46259444596679e-09
6.99412611458295e+03	-3.38649677890526e-09,-2.42331700797659e-09
7.04277410887593e+03	-3.35551827759000e-09,-2.38456339188561e-09
7.09176047672838e+03	-3.32468069833226e-09,-2.34632898514645e-09
7.14108757171453e+03	-3.29398602455027e-09,-2.30860916707034e-09
7.19075776377900e+03	-3.26343619398818e-09,-2.27139930978132e-09
7.24077343935071e+03	-3.23303309844337e-09,-2.23469477917251e-09
7.29113700145747e+03	-3.20277858352215e-09,-2.19849093586345e-09
7.34185086984150e+03	-3.17267444842370e-09,-2.16278313615779e-09
7.39291748107565e+03	-3.14272244575196e-09,-2.12756673300046e-09
7.44433928868046e+03	-3.11292428135540e-09,-2.09283707693340e-09
7.49611876324208e+03	-3.08328161419414e-09,-2.05858951704937e-09
7.54825839253092e+03	-3.05379605623439e-09,-2.02481940194263e-09
7.60076068162122e+03	-3.02446917236973e-09,-1.99152208065615e-09
7.65362815301138e+03	-2.99530248036893e-09,-1.95869290362429e-09
7.70686334674516e+03	-2.96629745085004e-09,-1.92632722361035e-09
7.76046882053374e+03	-2.93745550728020e-09,-1.89442039663841e-09
7.81444714987857e+03	-2.90877802600098e-09,-1.86296778291842e-09
7.86880092819513e+03	-2.88026633627863e-09,-1.83196474776427e-09
7.92353276693755e+03	-2.85192172037900e-09,-1.80140666250392e-09
7.97864529572403e+03	-2.82374541366650e-09,-1.77128890538108e-09
8.03414116246325e+03	-2.79573860472679e-09,-1.74160686244773e-09
8.09002303348151e+03	-2.76790243551262e-09,-1.71235592844705e-09
8.14629359365089e+03	-2.74023800151234e-09,-1.68353150768606e-09
8.20295554651826e+03	-2.71274635194060e-09,-1.65512901489744e-09
8.26001161443511e+03	-2.68542848995074e-09,-1.62714387609007e-09
8.31746453868839e+03	-2.65828537286826e-09,-1.59957152938771e-09
8.37531707963222e+03	-2.63131791244490e-09,-1.57240742585545e-09
8.43357201682050e+03	-2.60452697513273e-09,-1.54564703031334e-09
8.49223214914044e+03	-2.57791338237778e-09,-1.51928582213682e-09
8.55130029494706e+03	-2.55147791093247e-09,-1.49331929604362e-09
8.61077929219860e+03	-2.52522129318651e-09,-1.46774296286662e-09
8.67067199859285e+03	-2.49914421751540e-09,-1.44255235031230e-09
8.73098129170445e+03	-2.47324732864628e-09,-1.41774300370461e-09
8.79171006912318e+03	-2.44753122804019e-09,-1.39331048671365e-09
8.85286124859312e+03	-2.42199647429045e-09,-1.36925038206920e-09
8.91443776815290e+03	-2.39664358353638e-09,-1.34555829225844e-09
8.97644258627679e+03	-2.37147302989181e-09,-1.32222984020799e-09
9.03887868201690e+03	-2.34648524588785e-09,-1.29926066994968e-09
9.10174905514628e+03	-2.32168062292919e-09,-1.27664644727015e-09
9.16505672630304e+03	-2.29705951176351e-09,-1.25438286034380e-09
9.22880473713551e+03	-2.27262222296323e-09,-1.23246562034914e-09
9.29299615044834e+03	-2.24836902741907e-09,-1.21089046206827e-09
9.35763405034968e+03	-2.22430015684495e-09,-1.18965314446936e-09
9.42272154239935e+03	-2.20041580429343e-09,-1.16874945127209e-09
9.48826175375803e+03	-2.17671612468125e-09,-1.14817519149584e-09
9.55425783333754e+03	-2.15320123532436e-09,-1.12792619999068e-09
9.62071295195212e+03	-2.12987121648186e-09,-1.10799833795100e-09
9.68763030247075e+03	-2.10672611190828e-09,-1.08838749341179e-09
9.75501309997057e+03	-2.08376592941364e-09,-1.06908958172756e-09
9.82286458189136e+03	-2.06099064143074e-09,-1.05010054603381e-09
9.89118800819108e+03	-2.03840018558911e-09,-1.03141635769120e-09
9.95998666150247e+03	-2.01599446529513e-09,-1.01303301671234e-09
1.00292638472908e+04	-1.99377335031772e-09,-9.94946552171225e-10
1.00990228940127e+04	-1.97173667737914e-09,-9.77153022595505e-10
1.01692671532759e+04	-1.94988425075034e-09,-9.59648516341518e-10
1.02400000000007e+04	-1.92821584285035e-09,-9.42429151952257e-10
1.03112248325815e+04	-1.90673119484928e-09,-9.25491078498337e-10
1.03829450730506e+04	-1.88543001727432e-09,-9.08830475902089e-10
1.04551641672424e+04	-1.86431199061846e-09,-8.92443555244906e-10
1.05278855849588e+04	-1.84337676595118e-09,-8.76326559057967e-10
1.06011128201364e+04	-1.82262396553093e-09,-8.60475761596503e-10
1.06748493910138e+04	-1.80205318341881e-09,-8.44887469097753e-10
1.07490988403009e+04	-1.78166398609302e-09,-8.29558020022795e-10
1.08238647353493e+04	-1.76145591306371e-09,-8.14483785282411e-10
1.08991506683231e+04	-1.74142847748773e-09,-7.99661168447204e-10
1.09749602563724e+04	-1.72158116678303e-09,-7.85086605942135e-10
1.10512971418061e+04	-1.70191344324213e-09,-7.70756567225719e-10
1.11281649922676e+04	-1.68242474464440e-09,-7.56667554954064e-10
1.12055675009107e+04	-1.66311448486681e-09,-7.42816105130010e-10
1.12835083865773e+04	-1.64398205449268e-09,-7.29198787237562e-10
1.13619913939755e+04	-1.62502682141816e-09,-7.15812204361884e-10
1.14410202938603e+04	-1.60624813145614e-09,-7.02652993295076e-10
1.15205988832142e+04	-1.58764530893717e-09,-6.89717824627995e-10
1.16007309854298e+04	-1.56921765730716e-09,-6.77003402828363e-10
1.16814204504935e+04	-1.55096445972157e-09,-6.64506466305431e-10
1.17626711551704e+04	-1.53288497963571e-09,-6.52223787461446e-10
1.18444870031910e+04	-1.51497846139098e-09,-6.40152172730204e-10
1.19268719254378e+04	-1.49724413079676e-09,-6.28288462602947e-10
1.20098298801353e+04	-1.47968119570766e-09,-6.16629531641881e-10
1.20933648530392e+04	-1.46228884659588e-09,-6.05172288481584e-10
1.21774808576287e+04	-1.44506625711856e-09,-5.93913675818591e-10
1.22621819352987e+04	-1.42801258467979e-09,-5.82850670389429e-10
1.23474721555542e+04	-1.41112697098706e-09,-5.71980282937382e-10
1.24333556162061e+04	-1.39440854260211e-09,-5.61299558168273e-10
1.25198364435677e+04	-1.37785641148575e-09,-5.50805574695537e-10
1.26069187926528e+04	-1.36146967553673e-09,-5.40495444974878e-10
1.26946068473761e+04	-1.34524741912427e-09,-5.30366315228786e-10
1.27829048207534e+04	-1.32918871361430e-09,-5.20415365361206e-10
1.28718169551044e+04	-1.31329261788906e-09,-5.10639808862623e-10
1.29613475222566e+04	-1.29755817886007e-09,-5.01036892705874e-10
1.30515008237502e+04	-1.28198443197433e-09,-4.91603897232942e-10
1.31422811910451e+04	-1.26657040171351e-09,-4.82338136033024e-10
1.32336929857288e+04	-1.25131510208620e-09,-4.73236955812156e-10
1.33257405997263e+04	-1.23621753711297e-09,-4.64297736254653e-10
1.34184284555106e+04	-1.22127670130424e-09,-4.55517889876670e-10
1.35117610063154e+04	-1.20649158013085e-09,-4.46894861872123e-10
1.36057427363492e+04	-1.19186115048721e-09,-4.38426129951265e-10
1.37003781610108e+04	-1.17738438114707e-09,-4.30109204172175e-10
1.37956718271056e+04	-1.16306023321171e-09,-4.21941626765422e-10
1.38916283130651e+04	-1.14888766055067e-09,-4.13920971952185e-10
1.39882522291660e+04	-1.13486561023478e-09,-4.06044845756056e-10
1.40855482177520e+04	-1.12099302296167e-09,-3.98310885808818e-10
1.41835209534569e+04	-1.10726883347348e-09,-3.90716761150426e-10
1.42821751434292e+04	-1.09369197096704e-09,-3.83260172023454e-10
1.43815155275581e+04	-1.08026135949618e-09,-3.75938849662240e-10
1.44815468787015e+04	-1.06697591836652e-09,-3.68750556076995e-10
1.45822740029151e+04	-1.05383456252233e-09,-3.61693083833089e-10
1.46837017396831e+04	-1.04083620292588e-09,-3.54764255825764e-10
1.47858349621514e+04	-1.02797974692894e-09,-3.47961925050502e-10
1.48886785773610e+04	-1.01526409863663e-09,-3.41283974369272e-10
1.49922375264843e+04	-1.00268815926364e-09,-3.34728316272882e-10
1.50965167850620e+04	-9.90250827482741e-10,-3.28292892639654e-10
1.52015213632425e+04	-9.77950999765684e-10,-3.21975674490631e-10
1.53072563060229e+04	-9.65787570716534e-10,-3.15774661741539e-10
1.54137266934904e+04	-9.53759433397425e-10,-3.09687882951692e-10
1.55209376410676e+04	-9.41865479646814e-10,-3.03713395070057e-10
1.56288942997572e+04	-9.30104600390267e-10,-2.97849283178670e-10
1.57376018563904e+04	-9.18475685943825e-10,-2.92093660233594e-10
1.58470655338752e+04	-9.06977626310009e-10,-2.86444666803606e-10
1.59572905914482e+04	-8.95609311466515e-10,-2.80900470806811e-10
1.60682823249266e+04	-8.84369631647657e-10,-2.75459267245336e-10
1.61800460669631e+04	-8.73257477618633e-10,-2.70119277938312e-10
1.62925871873019e+04	-8.62271740942660e-10,-2.64878751253279e-10
1.64059110930366e+04	-8.51411314241069e-10,-2.59735961836216e-10
1.65200232288703e+04	-8.40675091446403e-10,-2.54689210340327e-10
1.66349290773769e+04	-8.30061968048628e-10,-2.49736823153766e-10
1.67506341592646e+04	-8.19570841334493e-10,-2.44877152126430e-10
1.68671440336411e+04	-8.09200610620151e-10,-2.40108574295991e-10
1.69844642982810e+04	-7.98950177477099e-10,-2.35429491613298e-10
1.71026005898942e+04	-7.88818445951525e-10,-2.30838330667292e-10
1.72215585843973e+04	-7.78804322777154e-10,-2.26333542409575e-10
1.73413439971858e+04	-7.68906717581661e-10,-2.21913601878759e-10
1.74619625834090e+04	-7.59124543086755e-10,-2.17577007924722e-10
1.75834201382465e+04	-7.49456715302007e-10,-2.13322282932907e-10
1.77057224971864e+04	-7.39902153712523e-10,-2.09147972548761e-10
1.78288755363059e+04	-7.30459781460545e-10,-2.05052645402461e-10
1.79528851725537e+04	-7.21128525521070e-10,-2.01034892833999e-10
1.80777573640339e+04	-7.11907316871584e-10,-1.97093328618781e-10
1.82034981102927e+04	-7.02795090656002e-10,-1.93226588693798e-10
1.83301134526062e+04	-6.93790786342903e-10,-1.89433330884498e-10
1.84576094742712e+04	-6.84893347878159e-10,-1.85712234632456e-10
1.85859923008968e+04	-6.76101723832047e-10,-1.82062000723912e-10
1.87152681006995e+04	-6.67414867540944e-10,-1.78481351019293e-10
1.88454430847988e+04	-6.58831737243697e-10,-1.74969028183788e-10
1.89765235075162e+04	-6.50351296212759e-10,-1.71523795419067e-10
1.91085156666752e+04	-6.41972512880194e-10,-1.68144436196211e-10
1.92414259039044e+04	-6.33694360958636e-10,-1.64829753989951e-10
1.93752606049416e+04	-6.25515819557310e-10,-1.61578572014261e-10
1.95100261999413e+04	-6.17435873293192e-10,-1.58389732959400e-10
1.96457291637829e+04	-6.09453512397418e-10,-1.55262098730443e-10
1.97823760163823e+04	-6.01567732817030e-10,-1.52194550187392e-10
1.99199733230051e+04	-5.93777536312153e-10,-1.49185986886903e-10
2.00585276945817e+04	-5.86081930548693e-10,-1.46235326825702e-10
2.01980457880255e+04	-5.78479929186653e-10,-1.43341506185732e-10
2.03385343065520e+04	-5.70970551964164e-10,-1.40503479081094e-10
2.04800000000015e+04	-5.63552824777307e-10,-1.37720217306825e-10
2.06224496651631e+04	-5.56225779755837e-10,-1.34990710089551e-10
2.07658901461013e+04	-5.48988455334883e-10,-1.32313963840083e-10
2.09103283344849e+04	-5.41839896322723e-10,-1.29689001907962e-10
2.10557711699178e+04	-5.34779153964722e-10,-1.27114864338023e-10
2.12022256402730e+04	-5.27805286003512e-10,-1.24590607628993e-10
2.13496987820278e+04	-5.20917356735521e-10,-1.22115304494176e-10
2.14981976806020e+04	-5.14114437063913e-10,-1.19688043624226e-10
2.16477294706987e+04	-5.07395604548043e-10,-1.17307929452080e-10
2.17983013366464e+04	-5.00759943449509e-10,-1.14974081920033e-10
2.19499205127449e+04	-4.94206544774867e-10,-1.12685636249014e-10
2.21025942836123e+04	-4.87734506315126e-10,-1.10441742710071e-10
2.22563299845353e+04	-4.81342932682065e-10,-1.08241566398086e-10
2.24111350018216e+04	-4.75030935341488e-10,-1.06084287007743e-10
2.25670167731547e+04	-4.68797632643468e-10,-1.03969098611763e-10
2.27239827879512e+04	-4.62642149849678e-10,-1.01895209441430e-10
2.28820405877208e+04	-4.56563619157883e-10,-9.98618416694019e-11
2.30411977664286e+04	-4.50561179723658e-10,-9.78682311948470e-11
2.32014619708597e+04	-4.44633977679418e-10,-9.59136274308882e-11
2.33628409009871e+04	-4.38781166150841e-10,-9.39972930943848e-11
2.35253423103411e+04	-4.33001905270731e-10,-9.21185039980466e-11
2.36889740063821e+04	-4.27295362190427e-10,-9.02765488448933e-11
2.38537438508758e+04	-4.21660711088796e-10,-8.84707290250604e-11
2.40196597602707e+04	-4.16097133178908e-10,-8.67003584149558e-11
2.41867297060786e+04	-4.10603816712445e-10,-8.49647631787689e-11
2.43549617152576e+04	-4.05179956981905e-10,-8.32632815723324e-11
2.45243638705975e+04	-3.99824756320697e-10,-8.15952637493381e-11
2.46949443111087e+04	-3.94537424101153e-10,-7.99600715699016e-11
2.48667112324125e+04	-3.89317176730551e-10,-7.83570784114766e-11
2.50396728871355e+04	-3.84163237645201e-10,-7.67856689821126e-11
2.52138375853058e+04	-3.79074837302648e-10,-7.52452391360520e-11
2.53892136947524e+04	-3.74051213172071e-10,-7.37351956916607e-11
2.55658096415070e+04	-3.69091609722916e-10,-7.22549562516845e-11
2.57436339102090e+04	-3.64195278411839e-10,-7.08039490258252e-11
2.59226950445133e+04	-3.59361477668004e-10,-6.93816126556261e-11
2.61030016475005e+04	-3.54589472876800e-10,-6.79873960416581e-11
2.62845623820903e+04	-3.49878536362026e-10,-6.66207581729969e-11
2.64673859714579e+04	-3.45227947366599e-10,-6.52811679589791e-11
2.66514811994529e+04	-3.40636992031841e-10,-6.39681040632264e-11
2.68368569110214e+04	-3.36104963375397e-10,-6.26810547399246e-11
2.70235220126310e+04	-3.31631161267819e-10,-6.14195176723465e-11
2.72114854726987e+04	-3.27214892407898e-10,-6.01829998136021e-11
2.74007563220217e+04	-3.22855470296748e-10,-5.89710172296041e-11
2.75913436542115e+04	-3.18552215210736e-10,-5.77830949442335e-11
2.77832566261305e+04	-3.14304454173264e-10,-5.66187667866892e-11
2.79765044583322e+04	-3.10111520925477e-10,-5.54775752410075e-11
2.81710964355041e+04	-3.05972755895922e-10,-5.43590712977330e-11
2.83670419069139e+04	-3.01887506169211e-10,-5.32628143077265e-11
2.85643502868585e+04	-2.97855125453732e-10,-5.21883718380918e-11
2.87630310551164e+04	-2.93874974048436e-10,-5.11353195302035e-11
2.89630937574032e+04	-2.89946418808757e-10,-5.01032409598189e-11
2.91645480058303e+04	-2.86068833111693e-10,-4.90917274992560e-11
2.93674034793664e+04	-2.82241596820086e-10,-4.81003781816178e-11
2.95716699243030e+04	-2.78464096246148e-10,-4.71287995670460e-11
2.97773571547223e+04	-2.74735724114254e-10,-4.61766056109835e-11
2.99844750529688e+04	-2.71055879523060e-10,-4.52434175344281e-11
3.01930335701241e+04	-2.67423967906949e-10,-4.43288636961560e-11
3.04030427264853e+04	-2.63839400996873e-10,-4.34325794668977e-11
3.06145126120459e+04	-2.60301596780594e-10,-4.25542071054444e-11
3.08274533869811e+04	-2.56809979462380e-10,-4.16933956366665e-11
3.10418752821354e+04	-2.53363979422167e-10,-4.08498007314227e-11
3.12577885995147e+04	-2.49963033174236e-10,-4.00230845883415e-11
3.14752037127810e+04	-2.46606583325414e-10,-3.92129158174513e-11
3.16941310677506e+04	-2.43294078532849e-10,-3.84189693256431e-11
3.19145811828966e+04	-2.40024973461368e-10,-3.76409262039406e-11
3.21365646498535e+04	-2.36798728740461e-10,-3.68784736165612e-11
3.23600921339265e+04	-2.33614810920903e-10,-3.61313046917441e-11
3.25851743746041e+04	-2.30472692431056e-10,-3.53991184143267e-11
3.28118221860735e+04	-2.27371851532851e-10,-3.46816195200478e-11
3.30400464577409e+04	-2.24311772277507e-10,-3.39785183915566e-11
3.32698581547541e+04	-2.21291944460980e-10,-3.32895309561079e-11
3.35012683185294e+04	-2.18311863579187e-10,-3.26143785849209e-11
3.37342880672825e+04	-2.15371030783009e-10,-3.19527879941831e-11
3.39689285965622e+04	-2.12468952833112e-10,-3.13044911476765e-11
3.42052011797887e+04	-2.09605142054590e-10,-3.06692251610065e-11
3.44431171687949e+04	-2.06779116291465e-10,-3.00467322074140e-11
3.46826879943719e+04	-2.03990398861054e-10,-2.94367594251467e-11
3.49239251668183e+04	-2.01238518508223e-10,-2.88390588263739e-11
3.51668402764932e+04	-1.98523009359551e-10,-2.82533872076198e-11
3.54114449943730e+04	-1.95843410877414e-10,-2.76795060616983e-11
3.56577510726121e+04	-1.93199267814022e-10,-2.71171814911273e-11
3.59057703451077e+04	-1.90590130165397e-10,-2.65661841230031e-11
3.61555147280681e+04	-1.88015553125342e-10,-2.60262890253149e-11
3.64069962205857e+04	-1.85475097039392e-10,-2.54972756246786e-11
3.66602269052127e+04	-1.82968327358771e-10,-2.49789276254718e-11
3.69152189485426e+04	-1.80494814594366e-10,-2.44710329303484e-11
3.71719846017939e+04	-1.78054134270744e-10,-2.39733835621150e-11
3.74305362013993e+04	-1.75645866880205e-10,-2.34857755869484e-11
3.76908861695980e+04	-1.73269597836900e-10,-2.30080090389355e-11
3.79530470150327e+04	-1.70924917431023e-10,-2.25398878459170e-11
3.82170313333507e+04	-1.68611420783088e-10,-2.20812197566145e-11
3.84828518078091e+04	-1.66328707798294e-10,-2.16318162690239e-11
3.87505212098836e+04	-1.64076383121014e-10,-2.11914925600549e-11
3.90200523998829e+04	-1.61854056089383e-10,-2.07600674163994e-11
3.92914583275660e+04	-1.59661340690033e-10,-2.03373631666096e-11
3.95647520327649e+04	-1.57497855512954e-10,-1.99232056143678e-11
3.98399466460105e+04	-1.55363223706508e-10,-1.95174239729301e-11
4.01170553891638e+04	-1.53257072932605e-10,-1.91198508007262e-11
4.03960915760513e+04	-1.51179035322037e-10,-1.87303219380973e-11
4.06770686131043e+04	-1.49128747429993e-10,-1.83486764451547e-11
4.09600000000034e+04	-1.47105850191758e-10,-1.79747565407425e-11
4.12448993303266e+04	-1.45109988878597e-10,-1.76084075424859e-11
4.15317802922030e+04	-1.43140813053845e-10,-1.72494778079096e-11
4.18206566689701e+04	-1.41197976529195e-10,-1.68978186766082e-11
4.21115423398359e+04	-1.39281137321205e-10,-1.65532844134534e-11
4.24044512805463e+04	-1.37389957608022e-10,-1.62157321528203e-11
4.26993975640559e+04	-1.35524103686326e-10,-1.58850218438174e-11
4.29963953612044e+04	-1.33683245928513e-10,-1.55610161965039e-11
4.32954589413977e+04	-1.31867058740112e-10,-1.52435806290792e-11
4.35966026732932e+04	-1.30075220517438e-10,-1.49325832160268e-11
4.38998410254902e+04	-1.28307413605502e-10,-1.46278946372007e-11
4.42051885672250e+04	-1.26563324256164e-10,-1.43293881278353e-11
4.45126599690710e+04	-1.24842642586550e-10,-1.40369394294661e-11
4.48222700036436e+04	-1.23145062537724e-10,-1.37504267417454e-11
4.51340335463097e+04	-1.21470281833628e-10,-1.34697306751387e-11
4.54479655759027e+04	-1.19818001940289e-10,-1.31947342044866e-11
4.57640811754419e+04	-1.18187928025300e-10,-1.29253226234184e-11
4.60823955328575e+04	-1.16579768917576e-10,-1.26613834996032e-11
4.64029239417198e+04	-1.14993237067389e-10,-1.24028066308242e-11
4.67256818019745e+04	-1.13428048506681e-10,-1.21494840018629e-11
4.70506846206825e+04	-1.11883922809672e-10,-1.19013097421790e-11
4.73779480127645e+04	-1.10360583053743e-10,-1.16581800843729e-11
4.77074877017519e+04	-1.08857755780618e-10,-1.14199933234180e-11
4.80000000000000e+04	-1.07549264466154e-10,-1.12139658083640e-11
