Freq.	V(vout)
2.00000000000000e+01	9.99958341246162e-01,-2.00001919928903e-03
2.01391110011344e+01	9.99958285405070e-01,-2.01393032047932e-03
2.02791895958006e+01	9.99958228784473e-01,-2.02793819880629e-03
2.04202425141439e+01	9.99958171373489e-01,-2.04204350721939e-03
2.05622765331213e+01	9.99958113161083e-01,-2.05624692334776e-03
2.07052984768276e+01	9.99958054136070e-01,-2.07054912953276e-03
2.08493152168224e+01	9.99957994287105e-01,-2.08495081286073e-03
2.09943336724614e+01	9.99957933602687e-01,-2.09945266519596e-03
2.11403608112276e+01	9.99957872071153e-01,-2.11405538321389e-03
2.12874036490672e+01	9.99957809680680e-01,-2.12875966843458e-03
2.14354692507259e+01	9.99957746419275e-01,-2.14356622725637e-03
2.15845647300886e+01	9.99957682274783e-01,-2.15847577098975e-03
2.17346972505212e+01	9.99957617234875e-01,-2.17348901589156e-03
2.18858740252148e+01	9.99957551287052e-01,-2.18860668319935e-03
2.20381023175322e+01	9.99957484418642e-01,-2.20382949916597e-03
2.21913894413569e+01	9.99957416616791e-01,-2.21915819509446e-03
2.23457427614444e+01	9.99957347868472e-01,-2.23459350737312e-03
2.25011696937762e+01	9.99957278160472e-01,-2.25013617751087e-03
2.26576777059160e+01	9.99957207479394e-01,-2.26578695217287e-03
2.28152743173685e+01	9.99957135811656e-01,-2.28154658321627e-03
2.29739670999407e+01	9.99957063143483e-01,-2.29741582772639e-03
2.31337636781058e+01	9.99956989460911e-01,-2.31339544805298e-03
2.32946717293691e+01	9.99956914749781e-01,-2.32948621184685e-03
2.34566989846376e+01	9.99956838995733e-01,-2.34568889209669e-03
2.36198532285906e+01	9.99956762184209e-01,-2.36200426716617e-03
2.37841423000545e+01	9.99956684300449e-01,-2.37843312083129e-03
2.39495740923786e+01	9.99956605329484e-01,-2.39497624231799e-03
2.41161565538152e+01	9.99956525256139e-01,-2.41163442634006e-03
2.42838976879010e+01	9.99956444065024e-01,-2.42840847313719e-03
2.44528055538414e+01	9.99956361740537e-01,-2.44529918851347e-03
2.46228882668984e+01	9.99956278266857e-01,-2.46230738387599e-03
2.47941539987798e+01	9.99956193627942e-01,-2.47943387627378e-03
2.49666109780323e+01	9.99956107807526e-01,-2.49667948843705e-03
2.51402674904366e+01	9.99956020789117e-01,-2.51404504881663e-03
2.53151318794057e+01	9.99955932555992e-01,-2.53153139162375e-03
2.54912125463853e+01	9.99955843091194e-01,-2.54913935687004e-03
2.56685179512581e+01	9.99955752377531e-01,-2.56686979040784e-03
2.58470566127499e+01	9.99955660397568e-01,-2.58472354397078e-03
2.60268371088387e+01	9.99955567133631e-01,-2.60270147521468e-03
2.62078680771673e+01	9.99955472567795e-01,-2.62080444775863e-03
2.63901582154580e+01	9.99955376681888e-01,-2.63903333122649e-03
2.65737162819303e+01	9.99955279457482e-01,-2.65738900128856e-03
2.67585510957223e+01	9.99955180875893e-01,-2.67587233970363e-03
2.69446715373139e+01	9.99955080918177e-01,-2.69448423436124e-03
2.71320865489535e+01	9.99954979565123e-01,-2.71322557932430e-03
2.73208051350880e+01	9.99954876797254e-01,-2.73209727487197e-03
2.75108363627950e+01	9.99954772594821e-01,-2.75110022754287e-03
2.77021893622186e+01	9.99954666937798e-01,-2.77023535017850e-03
2.78948733270082e+01	9.99954559805881e-01,-2.78950356196712e-03
2.80888975147600e+01	9.99954451178481e-01,-2.80890578848775e-03
2.82842712474620e+01	9.99954341034724e-01,-2.82844296175462e-03
2.84810039119415e+01	9.99954229353442e-01,-2.84811602026187e-03
2.86791049603166e+01	9.99954116113172e-01,-2.86792590902854e-03
2.88785839104500e+01	9.99954001292154e-01,-2.88787357964391e-03
2.90794503464063e+01	9.99953884868321e-01,-2.90795999031314e-03
2.92817139189126e+01	9.99953766819299e-01,-2.92818610590321e-03
2.94853843458221e+01	9.99953647122403e-01,-2.94855289798922e-03
2.96904714125811e+01	9.99953525754630e-01,-2.96906134490095e-03
2.98969849726989e+01	9.99953402692656e-01,-2.98971243176982e-03
3.01049349482215e+01	9.99953277912831e-01,-3.01050715057608e-03
3.03143313302081e+01	9.99953151391177e-01,-3.03144650019643e-03
3.05251841792113e+01	9.99953023103379e-01,-3.05253148645188e-03
3.07375036257604e+01	9.99952893024785e-01,-3.07376312215598e-03
3.09512998708479e+01	9.99952761130395e-01,-3.09514242716342e-03
3.11665831864201e+01	9.99952627394863e-01,-3.11667042841891e-03
3.13833639158702e+01	9.99952491792489e-01,-3.13834816000639e-03
3.16016524745352e+01	9.99952354297215e-01,-3.16017666319867e-03
3.18214593501969e+01	9.99952214882616e-01,-3.18215698650728e-03
3.20427951035850e+01	9.99952073521902e-01,-3.20429018573281e-03
3.22656703688852e+01	9.99951930187907e-01,-3.22657732401548e-03
3.24900958542496e+01	9.99951784853086e-01,-3.24901947188611e-03
3.27160823423114e+01	9.99951637489509e-01,-3.27161770731746e-03
3.29436406907031e+01	9.99951488068858e-01,-3.29437311577590e-03
3.31727818325778e+01	9.99951336562418e-01,-3.31728679027342e-03
3.34035167771350e+01	9.99951182941073e-01,-3.34035983142004e-03
3.36358566101488e+01	9.99951027175303e-01,-3.36359334747657e-03
3.38698124945013e+01	9.99950869235173e-01,-3.38698845440770e-03
3.41053956707185e+01	9.99950709090332e-01,-3.41054627593555e-03
3.43426174575103e+01	9.99950546710005e-01,-3.43426794359345e-03
3.45814892523148e+01	9.99950382062987e-01,-3.45815459678020e-03
3.48220225318452e+01	9.99950215117637e-01,-3.48220738281470e-03
3.50642288526416e+01	9.99950045841874e-01,-3.50642745699091e-03
3.53081198516264e+01	9.99949874203168e-01,-3.53081598263320e-03
3.55537072466630e+01	9.99949700168535e-01,-3.55537413115211e-03
3.58010028371191e+01	9.99949523704531e-01,-3.58010308210049e-03
3.60500185044334e+01	9.99949344777245e-01,-3.60500402322999e-03
3.63007662126867e+01	9.99949163352293e-01,-3.63007815054800e-03
3.65532580091762e+01	9.99948979394809e-01,-3.65532666837494e-03
3.68075060249952e+01	9.99948792869444e-01,-3.68075078940194e-03
3.70635224756151e+01	9.99948603740353e-01,-3.70635173474896e-03
3.73213196614725e+01	9.99948411971192e-01,-3.73213073402331e-03
3.75809099685607e+01	9.99948217525108e-01,-3.75808902537849e-03
3.78423058690241e+01	9.99948020364734e-01,-3.78422785557356e-03
3.81055199217578e+01	9.99947820452184e-01,-3.81054848003282e-03
3.83705647730108e+01	9.99947617749041e-01,-3.83705216290596e-03
3.86374531569941e+01	9.99947412216350e-01,-3.86374017712861e-03
3.89061978964917e+01	9.99947203814617e-01,-3.89061380448332e-03
3.91768119034774e+01	9.99946992503792e-01,-3.91767433566089e-03
3.94493081797347e+01	9.99946778243270e-01,-3.94492307032223e-03
3.97236998174817e+01	9.99946560991876e-01,-3.97236131716061e-03
4.00000000000003e+01	9.99946340707862e-01,-3.99999039396427e-03
4.02782220022691e+01	9.99946117348896e-01,-4.02781162767957e-03
4.05583791916015e+01	9.99945890872058e-01,-4.05582635447449e-03
4.08404850282880e+01	9.99945661233825e-01,-4.08403591980264e-03
4.11245530662430e+01	9.99945428390070e-01,-4.11244167846765e-03
4.14105969536554e+01	9.99945192296048e-01,-4.14104499468801e-03
4.16986304336452e+01	9.99944952906390e-01,-4.16984724216243e-03
4.19886673449230e+01	9.99944710175094e-01,-4.19884980413555e-03
4.22807216224556e+01	9.99944464055516e-01,-4.22805407346418e-03
4.25748072981347e+01	9.99944214500360e-01,-4.25746145268395e-03
4.28709385014521e+01	9.99943961461671e-01,-4.28707335407643e-03
4.31691294601774e+01	9.99943704890824e-01,-4.31689119973675e-03
4.34693945010427e+01	9.99943444738517e-01,-4.34691642164163e-03
4.37717480504299e+01	9.99943180954756e-01,-4.37715046171791e-03
4.40762046350648e+01	9.99942913488854e-01,-4.40759477191156e-03
4.43827788827142e+01	9.99942642289413e-01,-4.43825081425715e-03
4.46914855228892e+01	9.99942367304319e-01,-4.46912006094775e-03
4.50023393875528e+01	9.99942088480730e-01,-4.50020399440547e-03
4.53153554118323e+01	9.99941805765068e-01,-4.53150410735226e-03
4.56305486347374e+01	9.99941519103006e-01,-4.56302190288140e-03
4.59479341998818e+01	9.99941228439458e-01,-4.59475889452938e-03
4.62675273562119e+01	9.99940933718571e-01,-4.62671660634827e-03
4.65893434587387e+01	9.99940634883711e-01,-4.65889657297862e-03
4.69133979692756e+01	9.99940331877454e-01,-4.69130033972287e-03
4.72397064571817e+01	9.99940024641575e-01,-4.72392946261924e-03
4.75682846001093e+01	9.99939713117036e-01,-4.75678550851614e-03
4.78991481847576e+01	9.99939397243974e-01,-4.78987005514708e-03
4.82323131076309e+01	9.99939076961693e-01,-4.82318469120612e-03
4.85677953758023e+01	9.99938752208647e-01,-4.85673101642380e-03
4.89056111076832e+01	9.99938422922432e-01,-4.89051064164366e-03
4.92457765337971e+01	9.99938089039775e-01,-4.92452518889917e-03
4.95883079975600e+01	9.99937750496518e-01,-4.95877629149134e-03
4.99332219560650e+01	9.99937407227606e-01,-4.99326559406675e-03
5.02805349808736e+01	9.99937059167080e-01,-5.02799475269611e-03
5.06302637588117e+01	9.99936706248058e-01,-5.06296543495349e-03
5.09824250927710e+01	9.99936348402724e-01,-5.09817931999594e-03
5.13370359025167e+01	9.99935985562316e-01,-5.13363809864371e-03
5.16941132255002e+01	9.99935617657114e-01,-5.16934347346110e-03
5.20536742176779e+01	9.99935244616424e-01,-5.20529715883774e-03
5.24157361543351e+01	9.99934866368563e-01,-5.24150088107050e-03
5.27803164309163e+01	9.99934482840851e-01,-5.27795637844595e-03
5.31474325638610e+01	9.99934093959593e-01,-5.31466540132342e-03
5.35171021914451e+01	9.99933699650063e-01,-5.35162971221853e-03
5.38893430746282e+01	9.99933299836495e-01,-5.38885108588739e-03
5.42641730979075e+01	9.99932894442064e-01,-5.42633130941136e-03
5.46416102701764e+01	9.99932483388873e-01,-5.46407218228235e-03
5.50216727255904e+01	9.99932066597938e-01,-5.50207551648875e-03
5.54043787244376e+01	9.99931643989174e-01,-5.54034313660191e-03
5.57897466540169e+01	9.99931215481376e-01,-5.57887687986324e-03
5.61777950295205e+01	9.99930780992207e-01,-5.61767859627194e-03
5.65685424949245e+01	9.99930340438180e-01,-5.65675014867320e-03
5.69620078238835e+01	9.99929893734645e-01,-5.69609341284719e-03
5.73582099206338e+01	9.99929440795769e-01,-5.73571027759850e-03
5.77571678209005e+01	9.99928981534520e-01,-5.77560264484630e-03
5.81589006928131e+01	9.99928515862654e-01,-5.81577242971504e-03
5.85634278378257e+01	9.99928043690694e-01,-5.85622156062581e-03
5.89707686916448e+01	9.99927564927914e-01,-5.89695197938834e-03
5.93809428251627e+01	9.99927079482323e-01,-5.93796564129359e-03
5.97939699453983e+01	9.99926587260645e-01,-5.97926451520699e-03
6.02098698964434e+01	9.99926088168303e-01,-6.02085058366235e-03
6.06286626604167e+01	9.99925582109401e-01,-6.06272584295631e-03
6.10503683584231e+01	9.99925068986703e-01,-6.10489230324360e-03
6.14750072515213e+01	9.99924548701617e-01,-6.14735198863279e-03
6.19025997416964e+01	9.99924021154174e-01,-6.19010693728278e-03
6.23331663728408e+01	9.99923486243012e-01,-6.23315920149993e-03
6.27667278317409e+01	9.99922943865352e-01,-6.27651084783586e-03
6.32033049490710e+01	9.99922393916983e-01,-6.32016395718590e-03
6.36429187003943e+01	9.99921836292239e-01,-6.36412062488823e-03
6.40855902071706e+01	9.99921270883979e-01,-6.40838296082369e-03
6.45313407377709e+01	9.99920697583566e-01,-6.45295308951625e-03
6.49801917084997e+01	9.99920116280849e-01,-6.49783315023422e-03
6.54321646846233e+01	9.99919526864138e-01,-6.54302529709205e-03
6.58872813814067e+01	9.99918929220186e-01,-6.58853169915298e-03
6.63455636651562e+01	9.99918323234166e-01,-6.63435454053222e-03
6.68070335542704e+01	9.99917708789645e-01,-6.68049602050092e-03
6.72717132202981e+01	9.99917085768570e-01,-6.72695835359087e-03
6.77396249890031e+01	9.99916454051237e-01,-6.77374376969986e-03
6.82107913414375e+01	9.99915813516273e-01,-6.82085451419776e-03
6.86852349150212e+01	9.99915164040613e-01,-6.86829284803336e-03
6.91629785046302e+01	9.99914505499472e-01,-6.91606104784190e-03
6.96440450636909e+01	9.99913837766325e-01,-6.96416140605337e-03
7.01284577052838e+01	9.99913160712881e-01,-7.01259623100147e-03
7.06162397032534e+01	9.99912474209059e-01,-7.06136784703342e-03
7.11074144933266e+01	9.99911778122964e-01,-7.11047859462039e-03
7.16020056742388e+01	9.99911072320858e-01,-7.15993083046881e-03
7.21000370088674e+01	9.99910356667140e-01,-7.20972692763232e-03
7.26015324253739e+01	9.99909631024314e-01,-7.25986927562457e-03
7.31065160183531e+01	9.99908895252966e-01,-7.31036028053271e-03
7.36150120499911e+01	9.99908149211740e-01,-7.36120236513169e-03
7.41270449512307e+01	9.99907392757302e-01,-7.41239796899935e-03
7.46426393229457e+01	9.99906625744323e-01,-7.46394954863226e-03
7.51618199371220e+01	9.99905848025443e-01,-7.51585957756231e-03
7.56846117380488e+01	9.99905059451247e-01,-7.56813054647419e-03
7.62110398435161e+01	9.99904259870236e-01,-7.62076496332358e-03
7.67411295460223e+01	9.99903449128795e-01,-7.67376535345614e-03
7.72749063139888e+01	9.99902627071168e-01,-7.72713425972738e-03
7.78123957929840e+01	9.99901793539424e-01,-7.78087424262323e-03
7.83536238069553e+01	9.99900948373430e-01,-7.83498788038154e-03
7.88986163594699e+01	9.99900091410816e-01,-7.88947776911429e-03
7.94473996349641e+01	9.99899222486951e-01,-7.94434652293070e-03
8.00000000000012e+01	9.99898341434902e-01,-7.99959677406117e-03
8.05564440045387e+01	9.99897448085410e-01,-8.05523117298199e-03
8.11167583832036e+01	9.99896542266854e-01,-8.11125238854097e-03
8.16809700565767e+01	9.99895623805218e-01,-8.16766310808385e-03
8.22491061324866e+01	9.99894692524058e-01,-8.22446603758160e-03
8.28211939073115e+01	9.99893748244469e-01,-8.28166390175860e-03
8.33972608672910e+01	9.99892790785049e-01,-8.33925944422159e-03
8.39773346898467e+01	9.99891819961866e-01,-8.39725542758959e-03
8.45614432449118e+01	9.99890835588421e-01,-8.45565463362463e-03
8.51496145962701e+01	9.99889837475613e-01,-8.51445986336338e-03
8.57418770029048e+01	9.99888825431705e-01,-8.57367393724969e-03
8.63382589203556e+01	9.99887799262282e-01,-8.63329969526793e-03
8.69387890020860e+01	9.99886758770218e-01,-8.69333999707732e-03
8.75434961008606e+01	9.99885703755638e-01,-8.75379772214714e-03
8.81524092701303e+01	9.99884634015876e-01,-8.81467576989282e-03
8.87655577654290e+01	9.99883549345440e-01,-8.87597705981289e-03
8.93829710457790e+01	9.99882449535972e-01,-8.93770453162701e-03
9.00046787751062e+01	9.99881334376207e-01,-8.99986114541475e-03
9.06307108236654e+01	9.99880203651931e-01,-9.06244988175541e-03
9.12610972694754e+01	9.99879057145943e-01,-9.12547374186868e-03
9.18958683997643e+01	9.99877894638013e-01,-9.18893574775632e-03
9.25350547124245e+01	9.99876715904837e-01,-9.25283894234480e-03
9.31786869174780e+01	9.99875520719997e-01,-9.31718638962877e-03
9.38267959385519e+01	9.99874308853916e-01,-9.38198117481560e-03
9.44794129143640e+01	9.99873080073813e-01,-9.44722640447085e-03
9.51365692002193e+01	9.99871834143664e-01,-9.51292520666471e-03
9.57982963695159e+01	9.99870570824148e-01,-9.57908073111938e-03
9.64646262152625e+01	9.99869289872609e-01,-9.64569614935747e-03
9.71355907516054e+01	9.99867991043003e-01,-9.71277465485141e-03
9.78112222153672e+01	9.99866674085857e-01,-9.78031946317375e-03
9.84915530675950e+01	9.99865338748217e-01,-9.84833381214857e-03
9.91766159951206e+01	9.99863984773600e-01,-9.91682096200384e-03
9.98664439121307e+01	9.99862611901945e-01,-9.98578419552477e-03
1.00561069961748e+02	9.99861219869566e-01,-1.00552268182082e-02
1.01260527517624e+02	9.99859808409096e-01,-1.01251521584181e-02
1.01964850185543e+02	9.99858377249441e-01,-1.01955635675419e-02
1.02674071805034e+02	9.99856926115726e-01,-1.02664644201479e-02
1.03388226451001e+02	9.99855454729239e-01,-1.03378581141440e-02
1.04107348435357e+02	9.99853962807384e-01,-1.04097480709372e-02
1.04831472308671e+02	9.99852450063622e-01,-1.04821377355939e-02
1.05560632861833e+02	9.99850916207418e-01,-1.05550305770021e-02
1.06294865127723e+02	9.99849360944184e-01,-1.06284300880337e-02
1.07034204382891e+02	9.99847783975225e-01,-1.07023397857083e-02
1.07778686149257e+02	9.99846184997678e-01,-1.07767632113585e-02
1.08528346195816e+02	9.99844563704459e-01,-1.08517039307954e-02
1.09283220540354e+02	9.99842919784198e-01,-1.09271655344758e-02
1.10043345451182e+02	9.99841252921185e-01,-1.10031516376704e-02
1.10808757448876e+02	9.99839562795306e-01,-1.10796658806330e-02
1.11579493308035e+02	9.99837849081983e-01,-1.11567119287709e-02
1.12355590059042e+02	9.99836111452112e-01,-1.12342934728161e-02
1.13137084989850e+02	9.99834349571998e-01,-1.13124142289983e-02
1.13924015647768e+02	9.99832563103295e-01,-1.13910779392184e-02
1.14716419841268e+02	9.99830751702936e-01,-1.14702883712230e-02
1.15514335641802e+02	9.99828915023072e-01,-1.15500493187810e-02
1.16317801385627e+02	9.99827052711003e-01,-1.16303646018604e-02
1.17126855675652e+02	9.99825164409109e-01,-1.17112380668065e-02
1.17941537383290e+02	9.99823249754786e-01,-1.17926735865213e-02
1.18761885650326e+02	9.99821308380372e-01,-1.18746750606444e-02
1.19587939890797e+02	9.99819339913079e-01,-1.19572464157345e-02
1.20419739792888e+02	9.99817343974920e-01,-1.20403916054522e-02
1.21257325320834e+02	9.99815320182640e-01,-1.21241146107446e-02
1.22100736716847e+02	9.99813268147637e-01,-1.22084194400302e-02
1.22950014503043e+02	9.99811187475894e-01,-1.22933101293853e-02
1.23805199483394e+02	9.99809077767898e-01,-1.23787907427322e-02
1.24666332745682e+02	9.99806938618567e-01,-1.24648653720276e-02
1.25533455663483e+02	9.99804769617169e-01,-1.25515381374532e-02
1.26406609898143e+02	9.99802570347250e-01,-1.26388131876066e-02
1.27285837400790e+02	9.99800340386546e-01,-1.27266946996939e-02
1.28171180414342e+02	9.99798079306906e-01,-1.28151868797240e-02
1.29062681475543e+02	9.99795786674214e-01,-1.29042939627031e-02
1.29960383417000e+02	9.99793462048297e-01,-1.29940202128311e-02
1.30864329369248e+02	9.99791104982849e-01,-1.30843699236994e-02
1.31774562762814e+02	9.99788715025341e-01,-1.31753474184894e-02
1.32691127330313e+02	9.99786291716936e-01,-1.32669570501727e-02
1.33614067108542e+02	9.99783834592401e-01,-1.33592032017123e-02
1.34543426440597e+02	9.99781343180017e-01,-1.34520902862655e-02
1.35479249978007e+02	9.99778817001491e-01,-1.35456227473876e-02
1.36421582682876e+02	9.99776255571861e-01,-1.36398050592368e-02
1.37370469830043e+02	9.99773658399406e-01,-1.37346417267814e-02
1.38325957009261e+02	9.99771024985553e-01,-1.38301372860067e-02
1.39288090127383e+02	9.99768354824777e-01,-1.39262963041248e-02
1.40256915410569e+02	9.99765647404508e-01,-1.40231233797848e-02
1.41232479406508e+02	9.99762902205032e-01,-1.41206231432841e-02
1.42214828986654e+02	9.99760118699394e-01,-1.42188002567823e-02
1.43204011348479e+02	9.99757296353289e-01,-1.43176594145147e-02
1.44200074017736e+02	9.99754434624972e-01,-1.44172053430085e-02
1.45203064850749e+02	9.99751532965144e-01,-1.45174428013000e-02
1.46213032036707e+02	9.99748590816851e-01,-1.46183765811527e-02
1.47230024099983e+02	9.99745607615380e-01,-1.47200115072769e-02
1.48254089902463e+02	9.99742582788146e-01,-1.48223524375517e-02
1.49285278645892e+02	9.99739515754587e-01,-1.49254042632464e-02
1.50323639874245e+02	9.99736405926048e-01,-1.50291719092453e-02
1.51369223476099e+02	9.99733252705675e-01,-1.51336603342725e-02
1.52422079687033e+02	9.99730055488295e-01,-1.52388745311186e-02
1.53482259092046e+02	9.99726813660304e-01,-1.53448195268690e-02
1.54549812627979e+02	9.99723526599547e-01,-1.54515003831329e-02
1.55624791585969e+02	9.99720193675202e-01,-1.55589221962747e-02
1.56707247613912e+02	9.99716814247657e-01,-1.56670900976459e-02
1.57797232718941e+02	9.99713387668390e-01,-1.57760092538190e-02
1.58894799269929e+02	9.99709913279842e-01,-1.58856848668222e-02
1.60000000000004e+02	9.99706390415295e-01,-1.59961221743765e-02
1.61112888009079e+02	9.99702818398742e-01,-1.61073264501335e-02
1.62233516766408e+02	9.99699196544760e-01,-1.62193030039144e-02
1.63361940113155e+02	9.99695524158375e-01,-1.63320571819515e-02
1.64498212264974e+02	9.99691800534935e-01,-1.64455943671300e-02
1.65642387814624e+02	9.99688024959972e-01,-1.65599199792320e-02
1.66794521734583e+02	9.99684196709065e-01,-1.66750394751818e-02
1.67954669379695e+02	9.99680315047704e-01,-1.67909583492922e-02
1.69122886489825e+02	9.99676379231147e-01,-1.69076821335132e-02
1.70299229192542e+02	9.99672388504282e-01,-1.70252163976813e-02
1.71483754005811e+02	9.99668342101478e-01,-1.71435667497706e-02
1.72676517840712e+02	9.99664239246442e-01,-1.72627388361456e-02
1.73877578004173e+02	9.99660079152070e-01,-1.73827383418152e-02
1.75086992201722e+02	9.99655861020298e-01,-1.75035709906883e-02
1.76304818540262e+02	9.99651584041947e-01,-1.76252425458309e-02
1.77531115530859e+02	9.99647247396571e-01,-1.77477588097246e-02
1.78765942091559e+02	9.99642850252298e-01,-1.78711256245269e-02
1.80009357550214e+02	9.99638391765676e-01,-1.79953488723330e-02
1.81261421647332e+02	9.99633871081506e-01,-1.81204344754383e-02
1.82522194538952e+02	9.99629287332686e-01,-1.82463883966036e-02
1.83791736799530e+02	9.99624639640037e-01,-1.83732166393214e-02
1.85070109424850e+02	9.99619927112144e-01,-1.85009252480832e-02
1.86357373834957e+02	9.99615148845179e-01,-1.86295203086490e-02
1.87653591877105e+02	9.99610303922736e-01,-1.87590079483181e-02
1.88958825828729e+02	9.99605391415648e-01,-1.88893943362016e-02
1.90273138400440e+02	9.99600410381816e-01,-1.90206856834959e-02
1.91596592739033e+02	9.99595359866029e-01,-1.91528882437587e-02
1.92929252430526e+02	9.99590238899777e-01,-1.92860083131853e-02
1.94271181503212e+02	9.99585046501074e-01,-1.94200522308881e-02
1.95622444430736e+02	9.99579781674264e-01,-1.95550263791757e-02
1.96983106135191e+02	9.99574443409838e-01,-1.96909371838354e-02
1.98353231990243e+02	9.99569030684234e-01,-1.98277911144161e-02
1.99732887824263e+02	9.99563542459649e-01,-1.99655946845129e-02
2.01122139923497e+02	9.99557977683839e-01,-2.01043544520543e-02
2.02521055035250e+02	9.99552335289918e-01,-2.02440770195890e-02
2.03929700371087e+02	9.99546614196153e-01,-2.03847690345765e-02
2.05348143610070e+02	9.99540813305764e-01,-2.05264371896777e-02
2.06776452902004e+02	9.99534931506710e-01,-2.06690882230477e-02
2.08214696870715e+02	9.99528967671480e-01,-2.08127289186301e-02
2.09662944617343e+02	9.99522920656877e-01,-2.09573661064528e-02
2.11121265723668e+02	9.99516789303802e-01,-2.11030066629255e-02
2.12589730255447e+02	9.99510572437032e-01,-2.12496575111390e-02
2.14068408765783e+02	9.99504268864999e-01,-2.13973256211653e-02
2.15557372298516e+02	9.99497877379560e-01,-2.15460180103603e-02
2.17056692391633e+02	9.99491396755771e-01,-2.16957417436673e-02
2.18566441080709e+02	9.99484825751652e-01,-2.18465039339225e-02
2.20086690902365e+02	9.99478163107951e-01,-2.19983117421621e-02
2.21617514897754e+02	9.99471407547905e-01,-2.21511723779306e-02
2.23158986616071e+02	9.99464557776999e-01,-2.23050930995913e-02
2.24711180118085e+02	9.99457612482717e-01,-2.24600812146377e-02
2.26274169979701e+02	9.99450570334296e-01,-2.26161440800070e-02
2.27848031295537e+02	9.99443429982470e-01,-2.27732891023952e-02
2.29432839682538e+02	9.99436190059218e-01,-2.29315237385732e-02
2.31028671283605e+02	9.99428849177501e-01,-2.30908554957052e-02
2.32635602771256e+02	9.99421405931000e-01,-2.32512919316683e-02
2.34253711351306e+02	9.99413858893848e-01,-2.34128406553737e-02
2.35883074766582e+02	9.99406206620362e-01,-2.35755093270895e-02
2.37523771300654e+02	9.99398447644767e-01,-2.37393056587652e-02
2.39175879781596e+02	9.99390580480916e-01,-2.39042374143576e-02
2.40839479585777e+02	9.99382603622015e-01,-2.40703124101583e-02
2.42514650641670e+02	9.99374515540329e-01,-2.42375385151230e-02
2.44201473433696e+02	9.99366314686898e-01,-2.44059236512017e-02
2.45900029006089e+02	9.99357999491241e-01,-2.45754757936715e-02
2.47610398966789e+02	9.99349568361061e-01,-2.47462029714700e-02
2.49332665491367e+02	9.99341019681941e-01,-2.49181132675306e-02
2.51066911326967e+02	9.99332351817037e-01,-2.50912148191196e-02
2.52813219796288e+02	9.99323563106773e-01,-2.52655158181743e-02
2.54571674801581e+02	9.99314651868523e-01,-2.54410245116431e-02
2.56342360828686e+02	9.99305616396292e-01,-2.56177492018269e-02
2.58125362951087e+02	9.99296454960396e-01,-2.57956982467220e-02
2.59920766834002e+02	9.99287165807133e-01,-2.59748800603646e-02
2.61728658738497e+02	9.99277747158453e-01,-2.61553031131768e-02
2.63549125525631e+02	9.99268197211618e-01,-2.63369759323137e-02
2.65382254660629e+02	9.99258514138867e-01,-2.65199071020132e-02
2.67228134217086e+02	9.99248696087064e-01,-2.67041052639452e-02
2.69086852881196e+02	9.99238741177354e-01,-2.68895791175647e-02
2.70958499956016e+02	9.99228647504803e-01,-2.70763374204641e-02
2.72843165365754e+02	9.99218413138041e-01,-2.72643889887286e-02
2.74740939660089e+02	9.99208036118897e-01,-2.74537426972921e-02
2.76651914018525e+02	9.99197514462030e-01,-2.76444074802952e-02
2.78576180254768e+02	9.99186846154551e-01,-2.78363923314437e-02
2.80513830821139e+02	9.99176029155648e-01,-2.80297063043694e-02
2.82464958813018e+02	9.99165061396197e-01,-2.82243585129919e-02
2.84429657973310e+02	9.99153940778373e-01,-2.84203581318815e-02
2.86408022696959e+02	9.99142665175258e-01,-2.86177143966242e-02
2.88400148035474e+02	9.99131232430434e-01,-2.88164366041872e-02
2.90406129701500e+02	9.99119640357579e-01,-2.90165341132862e-02
2.92426064073417e+02	9.99107886740059e-01,-2.92180163447541e-02
2.94460048199969e+02	9.99095969330506e-01,-2.94208927819105e-02
2.96508179804927e+02	9.99083885850395e-01,-2.96251729709332e-02
2.98570557291787e+02	9.99071633989618e-01,-2.98308665212302e-02
3.00647279748492e+02	9.99059211406047e-01,-3.00379831058132e-02
3.02738446952199e+02	9.99046615725094e-01,-3.02465324616729e-02
3.04844159374069e+02	9.99033844539266e-01,-3.04565243901546e-02
3.06964518184094e+02	9.99020895407710e-01,-3.06679687573354e-02
3.09099625255960e+02	9.99007765855755e-01,-3.08808754944028e-02
3.11249583171940e+02	9.98994453374448e-01,-3.10952545980338e-02
3.13414495227826e+02	9.98980955420082e-01,-3.13111161307759e-02
3.15594465437884e+02	9.98967269413720e-01,-3.15284702214284e-02
3.17789598539861e+02	9.98953392740708e-01,-3.17473270654256e-02
3.20000000000009e+02	9.98939322750186e-01,-3.19676969252200e-02
3.22225776018160e+02	9.98925056754592e-01,-3.21895901306674e-02
3.24467033532819e+02	9.98910592029156e-01,-3.24130170794130e-02
3.26723880226312e+02	9.98895925811390e-01,-3.26379882372774e-02
3.28996424529951e+02	9.98881055300572e-01,-3.28645141386450e-02
3.31284775629251e+02	9.98865977657219e-01,-3.30926053868519e-02
3.33589043469169e+02	9.98850690002557e-01,-3.33222726545760e-02
3.35909338759392e+02	9.98835189417981e-01,-3.35535266842267e-02
3.38245772979652e+02	9.98819472944510e-01,-3.37863782883363e-02
3.40598458385085e+02	9.98803537582232e-01,-3.40208383499515e-02
3.42967508011624e+02	9.98787380289747e-01,-3.42569178230265e-02
3.45353035681427e+02	9.98770997983593e-01,-3.44946277328157e-02
3.47755156008349e+02	9.98754387537676e-01,-3.47339791762681e-02
3.50173984403447e+02	9.98737545782680e-01,-3.49749833224214e-02
3.52609637080526e+02	9.98720469505482e-01,-3.52176514127976e-02
3.55062231061721e+02	9.98703155448546e-01,-3.54619947617982e-02
3.57531884183121e+02	9.98685600309323e-01,-3.57080247571008e-02
3.60018715100430e+02	9.98667800739625e-01,-3.59557528600555e-02
3.62522843294667e+02	9.98649753345014e-01,-3.62051906060821e-02
3.65044389077907e+02	9.98631454684158e-01,-3.64563496050673e-02
3.67583473599063e+02	9.98612901268197e-01,-3.67092415417627e-02
3.70140218849704e+02	9.98594089560092e-01,-3.69638781761825e-02
3.72714747669917e+02	9.98575015973968e-01,-3.72202713440023e-02
3.75307183754213e+02	9.98555676874444e-01,-3.74784329569569e-02
3.77917651657462e+02	9.98536068575964e-01,-3.77383750032392e-02
3.80546276800883e+02	9.98516187342105e-01,-3.80001095478988e-02
3.83193185478069e+02	9.98496029384888e-01,-3.82636487332405e-02
3.85858504861056e+02	9.98475590864072e-01,-3.85290047792229e-02
3.88542363006427e+02	9.98454867886448e-01,-3.87961899838571e-02
3.91244888861474e+02	9.98433856505108e-01,-3.90652167236049e-02
3.93966212270386e+02	9.98412552718721e-01,-3.93360974537767e-02
3.96706463980488e+02	9.98390952470791e-01,-3.96088447089297e-02
3.99465775648529e+02	9.98369051648901e-01,-3.98834711032652e-02
4.02244279846998e+02	9.98346846083960e-01,-4.01599893310256e-02
4.05042110070503e+02	9.98324331549427e-01,-4.04384121668911e-02
4.07859400742177e+02	9.98301503760529e-01,-4.07187524663759e-02
4.10696287220143e+02	9.98278358373475e-01,-4.10010231662232e-02
4.13552905804011e+02	9.98254890984652e-01,-4.12852372848001e-02
4.16429393741432e+02	9.98231097129808e-01,-4.15714079224920e-02
4.19325889234690e+02	9.98206972283236e-01,-4.18595482620950e-02
4.22242531447340e+02	9.98182511856937e-01,-4.21496715692085e-02
4.25179460510898e+02	9.98157711199772e-01,-4.24417911926262e-02
4.28136817531570e+02	9.98132565596614e-01,-4.27359205647263e-02
4.31114744597035e+02	9.98107070267473e-01,-4.30320732018605e-02
4.34113384783269e+02	9.98081220366621e-01,-4.33302627047414e-02
4.37132882161421e+02	9.98055010981701e-01,-4.36305027588290e-02
4.40173381804733e+02	9.98028437132826e-01,-4.39328071347152e-02
4.43235029795511e+02	9.98001493771666e-01,-4.42371896885076e-02
4.46317973232145e+02	9.97974175780521e-01,-4.45436643622110e-02
4.49422360236174e+02	9.97946477971383e-01,-4.48522451841073e-02
4.52548339959406e+02	9.97918395084989e-01,-4.51629462691333e-02
4.55696062591078e+02	9.97889921789856e-01,-4.54757818192577e-02
4.58865679365080e+02	9.97861052681307e-01,-4.57907661238542e-02
4.62057342567214e+02	9.97831782280485e-01,-4.61079135600743e-02
4.65271205542515e+02	9.97802105033352e-01,-4.64272385932168e-02
4.68507422702616e+02	9.97772015309676e-01,-4.67487557770949e-02
4.71766149533168e+02	9.97741507402000e-01,-4.70724797544011e-02
4.75047542601312e+02	9.97710575524614e-01,-4.73984252570699e-02
4.78351759563197e+02	9.97679213812488e-01,-4.77266071066365e-02
4.81678959171558e+02	9.97647416320216e-01,-4.80570402145943e-02
4.85029301283344e+02	9.97615177020929e-01,-4.83897395827479e-02
4.88402946867396e+02	9.97582489805206e-01,-4.87247203035638e-02
4.91800058012181e+02	9.97549348479960e-01,-4.90619975605179e-02
4.95220797933582e+02	9.97515746767319e-01,-4.94015866284392e-02
4.98665330982737e+02	9.97481678303490e-01,-4.97435028738502e-02
5.02133822653938e+02	9.97447136637602e-01,-5.00877617553034e-02
5.05626439592579e+02	9.97412115230545e-01,-5.04343788237145e-02
5.09143349603166e+02	9.97376607453785e-01,-5.07833697226912e-02
5.12684721657376e+02	9.97340606588171e-01,-5.11347501888575e-02
5.16250725902179e+02	9.97304105822720e-01,-5.14885360521748e-02
5.19841533668009e+02	9.97267098253390e-01,-5.18447432362577e-02
5.23457317476998e+02	9.97229576881842e-01,-5.22033877586854e-02
5.27098251051265e+02	9.97191534614173e-01,-5.25644857313081e-02
5.30764509321261e+02	9.97152964259651e-01,-5.29280533605492e-02
5.34456268434175e+02	9.97113858529417e-01,-5.32941069477016e-02
5.38173705762396e+02	9.97074210035181e-01,-5.36626628892187e-02
5.41916999912037e+02	9.97034011287898e-01,-5.40337376770008e-02
5.45686330731512e+02	9.96993254696429e-01,-5.44073478986746e-02
5.49481879320182e+02	9.96951932566183e-01,-5.47835102378676e-02
5.53303828037053e+02	9.96910037097741e-01,-5.51622414744766e-02
5.57152360509539e+02	9.96867560385469e-01,-5.55435584849290e-02
5.61027661642283e+02	9.96824494416104e-01,-5.59274782424387e-02
5.64929917626039e+02	9.96780831067333e-01,-5.63140178172545e-02
5.68859315946625e+02	9.96736562106344e-01,-5.67031943769024e-02
5.72816045393923e+02	9.96691679188368e-01,-5.70950251864195e-02
5.76800296070952e+02	9.96646173855193e-01,-5.74895276085825e-02
5.80812259403004e+02	9.96600037533673e-01,-5.78867191041263e-02
5.84852128146837e+02	9.96553261534203e-01,-5.82866172319569e-02
5.88920096399941e+02	9.96505837049188e-01,-5.86892396493552e-02
5.93016359609859e+02	9.96457755151485e-01,-5.90946041121722e-02
5.97141114583579e+02	9.96409006792831e-01,-5.95027284750166e-02
6.01294559496990e+02	9.96359582802246e-01,-5.99136306914332e-02
6.05476893904404e+02	9.96309473884425e-01,-6.03273288140719e-02
6.09688318748142e+02	9.96258670618099e-01,-6.07438409948478e-02
6.13929036368192e+02	9.96207163454387e-01,-6.11631854850917e-02
6.18199250511924e+02	9.96154942715121e-01,-6.15853806356905e-02
6.22499166343886e+02	9.96101998591150e-01,-6.20104448972178e-02
6.26828990455656e+02	9.96048321140630e-01,-6.24383968200537e-02
6.31188930875773e+02	9.95993900287289e-01,-6.28692550544939e-02
6.35579197079727e+02	9.95938725818666e-01,-6.33030383508483e-02
6.40000000000024e+02	9.95882787384343e-01,-6.37397655595274e-02
6.44451552036324e+02	9.95826074494136e-01,-6.41794556311182e-02
6.48934067065643e+02	9.95768576516284e-01,-6.46221276164464e-02
6.53447760452628e+02	9.95710282675602e-01,-6.50678006666285e-02
6.57992849059907e+02	9.95651182051619e-01,-6.55164940331094e-02
6.62569551258507e+02	9.95591263576693e-01,-6.59682270676879e-02
6.67178086938343e+02	9.95530516034101e-01,-6.64230192225288e-02
6.71818677518788e+02	9.95468928056107e-01,-6.68808900501614e-02
6.76491545959309e+02	9.95406488122011e-01,-6.73418592034637e-02
6.81196916770176e+02	9.95343184556171e-01,-6.78059464356320e-02
6.85935016023254e+02	9.95279005526001e-01,-6.82731716001370e-02
6.90706071362860e+02	9.95213939039951e-01,-6.87435546506628e-02
6.95510312016704e+02	9.95147972945455e-01,-6.92171156410318e-02
7.00347968806900e+02	9.95081094926864e-01,-6.96938747251133e-02
7.05219274161058e+02	9.95013292503350e-01,-7.01738521567156e-02
7.10124462123448e+02	9.94944553026785e-01,-7.06570682894611e-02
7.15063768366248e+02	9.94874863679597e-01,-7.11435435766447e-02
7.20037430200866e+02	9.94804211472604e-01,-7.16332985710744e-02
7.25045686589339e+02	9.94732583242817e-01,-7.21263539248937e-02
7.30088778155819e+02	9.94659965651223e-01,-7.26227303893855e-02
7.35166947198131e+02	9.94586345180544e-01,-7.31224488147573e-02
7.40280437699413e+02	9.94511708132962e-01,-7.36255301499064e-02
7.45429495339841e+02	9.94436040627826e-01,-7.41319954421658e-02
7.50614367508432e+02	9.94359328599335e-01,-7.46418658370295e-02
7.55835303314929e+02	9.94281557794185e-01,-7.51551625778566e-02
7.61092553601771e+02	9.94202713769199e-01,-7.56719070055542e-02
7.66386370956144e+02	9.94122781888926e-01,-7.61921205582386e-02
7.71717009722117e+02	9.94041747323217e-01,-7.67158247708740e-02
7.77084726012860e+02	9.93959595044767e-01,-7.72430412748875e-02
7.82489777722954e+02	9.93876309826639e-01,-7.77737917977621e-02
7.87932424540777e+02	9.93791876239756e-01,-7.83080981626037e-02
7.93412927960983e+02	9.93706278650362e-01,-7.88459822876853e-02
7.98931551297063e+02	9.93619501217465e-01,-7.93874661859649e-02
8.04488559694002e+02	9.93531527890243e-01,-7.99325719645776e-02
8.10084220141011e+02	9.93442342405427e-01,-8.04813218243021e-02
8.15718801484360e+02	9.93351928284655e-01,-8.10337380589993e-02
8.21392574440291e+02	9.93260268831796e-01,-8.15898430550237e-02
8.27105811608028e+02	9.93167347130249e-01,-8.21496592906069e-02
8.32858787482871e+02	9.93073146040212e-01,-8.27132093352115e-02
8.38651778469386e+02	9.92977648195916e-01,-8.32805158488558e-02
8.44485062894686e+02	9.92880836002844e-01,-8.38516015814083e-02
8.50358921021801e+02	9.92782691634907e-01,-8.44264893718515e-02
8.56273635063146e+02	9.92683197031598e-01,-8.50052021475139e-02
8.62229489194076e+02	9.92582333895117e-01,-8.55877629232693e-02
8.68226769566545e+02	9.92480083687463e-01,-8.61741948007042e-02
8.74265764322848e+02	9.92376427627496e-01,-8.67645209672505e-02
8.80346763609472e+02	9.92271346687978e-01,-8.73587646952839e-02
8.86470059591028e+02	9.92164821592572e-01,-8.79569493411878e-02
8.92635946464296e+02	9.92056832812819e-01,-8.85590983443801e-02
8.98844720472355e+02	9.91947360565082e-01,-8.91652352263043e-02
9.05096679918818e+02	9.91836384807461e-01,-8.97753835893822e-02
9.11392125182163e+02	9.91723885236677e-01,-9.03895671159288e-02
9.17731358730167e+02	9.91609841284929e-01,-9.10078095670279e-02
9.24114685134435e+02	9.91494232116714e-01,-9.16301347813674e-02
9.30542411085037e+02	9.91377036625619e-01,-9.22565666740342e-02
9.37014845405239e+02	9.91258233431091e-01,-9.28871292352668e-02
9.43532299066344e+02	9.91137800875162e-01,-9.35218465291659e-02
9.50095085202631e+02	9.91015717019152e-01,-9.41607426923610e-02
9.56703519126400e+02	9.90891959640346e-01,-9.48038419326330e-02
9.63357918343123e+02	9.90766506228478e-01,-9.54511685274625e-02
9.70058602566695e+02	9.90639333982934e-01,-9.61027468226745e-02
9.76805893734798e+02	9.90510419808451e-01,-9.67586012307518e-02
9.83600116024369e+02	9.90379740312249e-01,-9.74187562293832e-02
9.90441595867171e+02	9.90247271800402e-01,-9.80832363598221e-02
9.97330661965481e+02	9.90112990274328e-01,-9.87520662252220e-02
1.00426764530788e+03	9.89976871427244e-01,-9.94252704889212e-02
1.01125287918517e+03	9.89838890640592e-01,-1.00102873872676e-01
1.01828669920634e+03	9.89699022980432e-01,-1.00784901154840e-01
1.02536944331476e+03	9.89557243193812e-01,-1.01471377168487e-01
1.03250145180437e+03	9.89413525705098e-01,-1.02162326799484e-01
1.03968306733603e+03	9.89267844612282e-01,-1.02857774984502e-01
1.04691463495400e+03	9.89120173683254e-01,-1.03557746708972e-01
1.05419650210254e+03	9.88970486352048e-01,-1.04262267004980e-01
1.06152901864253e+03	9.88818755715057e-01,-1.04971360949106e-01
1.06891253686836e+03	9.88664954527217e-01,-1.05685053660199e-01
1.07634741152480e+03	9.88509055198162e-01,-1.06403370297090e-01
1.08383399982408e+03	9.88351029788354e-01,-1.07126336056240e-01
1.09137266146303e+03	9.88190850005176e-01,-1.07853976169329e-01
1.09896375864037e+03	9.88028487199004e-01,-1.08586315900771e-01
1.10660765607411e+03	9.87863912359243e-01,-1.09323380545170e-01
1.11430472101909e+03	9.87697096110345e-01,-1.10065195424700e-01
1.12205532328457e+03	9.87528008707787e-01,-1.10811785886422e-01
1.12985983525209e+03	9.87356620034030e-01,-1.11563177299524e-01
1.13771863189326e+03	9.87182899594445e-01,-1.12319395052493e-01
1.14563209078785e+03	9.87006816513221e-01,-1.13080464550211e-01
1.15360059214191e+03	9.86828339529233e-01,-1.13846411210977e-01
1.16162451880602e+03	9.86647436991895e-01,-1.14617260463450e-01
1.16970425629368e+03	9.86464076856983e-01,-1.15393037743522e-01
1.17784019279989e+03	9.86278226682430e-01,-1.16173768491099e-01
1.18603271921973e+03	9.86089853624106e-01,-1.16959478146812e-01
1.19428222916717e+03	9.85898924431557e-01,-1.17750192148640e-01
1.20258911899399e+03	9.85705405443739e-01,-1.18545935928456e-01
1.21095378780882e+03	9.85509262584713e-01,-1.19346734908478e-01
1.21937663749629e+03	9.85310461359327e-01,-1.20152614497641e-01
1.22785807273639e+03	9.85108966848875e-01,-1.20963600087878e-01
1.23639850102386e+03	9.84904743706726e-01,-1.21779717050312e-01
1.24499833268778e+03	9.84697756153801e-01,-1.22600990731323e-01
1.25365798091132e+03	9.84487967974742e-01,-1.23427446448694e-01
1.26237786175155e+03	9.84275342512619e-01,-1.24259109487315e-01
1.27115839415946e+03	9.84059842665071e-01,-1.25096005095139e-01
1.28000000000006e+03	9.83841430879691e-01,-1.25938158478869e-01
1.28890310407266e+03	9.83620069149558e-01,-1.26785594799577e-01
1.29786813413129e+03	9.83395719008737e-01,-1.27638339168221e-01
1.30689552090527e+03	9.83168341527769e-01,-1.28496416641068e-01
1.31598569811982e+03	9.82937897309154e-01,-1.29359852214999e-01
1.32513910251702e+03	9.82704346482808e-01,-1.30228670822719e-01
1.33435617387669e+03	9.82467648701518e-01,-1.31102897327857e-01
1.34363735503759e+03	9.82227763136381e-01,-1.31982556519951e-01
1.35298309191863e+03	9.81984648472237e-01,-1.32867673109328e-01
1.36239383354036e+03	9.81738262903086e-01,-1.33758271721867e-01
1.37187003204652e+03	9.81488564127506e-01,-1.34654376893651e-01
1.38141214272573e+03	9.81235509344058e-01,-1.35556013065498e-01
1.39102062403342e+03	9.80979055246689e-01,-1.36463204577376e-01
1.40069593761381e+03	9.80719158020133e-01,-1.37375975662697e-01
1.41043854832213e+03	9.80455773335304e-01,-1.38294350442490e-01
1.42024892424691e+03	9.80188856344693e-01,-1.39218352919448e-01
1.43012753673251e+03	9.79918361677765e-01,-1.40148006971849e-01
1.44007486040174e+03	9.79644243436354e-01,-1.41083336347354e-01
1.45009137317869e+03	9.79366455190068e-01,-1.42024364656667e-01
1.46017755631165e+03	9.79084949971694e-01,-1.42971115367072e-01
1.47033389439627e+03	9.78799680272613e-01,-1.43923611795832e-01
1.48056087539884e+03	9.78510598038223e-01,-1.44881877103449e-01
1.49085899067969e+03	9.78217654663371e-01,-1.45845934286799e-01
1.50122873501687e+03	9.77920800987801e-01,-1.46815806172111e-01
1.51167060662987e+03	9.77619987291612e-01,-1.47791515407822e-01
1.52218510720355e+03	9.77315163290738e-01,-1.48773084457273e-01
1.53277274191230e+03	9.77006278132438e-01,-1.49760535591271e-01
1.54343401944424e+03	9.76693280390819e-01,-1.50753890880502e-01
1.55416945202573e+03	9.76376118062367e-01,-1.51753172187790e-01
1.56497955544592e+03	9.76054738561516e-01,-1.52758401160210e-01
1.57586484908157e+03	9.75729088716236e-01,-1.53769599221046e-01
1.58682585592198e+03	9.75399114763654e-01,-1.54786787561596e-01
1.59786310259414e+03	9.75064762345710e-01,-1.55809987132818e-01
1.60897711938801e+03	9.74725976504839e-01,-1.56839218636818e-01
1.62016844028203e+03	9.74382701679702e-01,-1.57874502518178e-01
1.63143760296873e+03	9.74034881700946e-01,-1.58915858955120e-01
1.64278514888059e+03	9.73682459787016e-01,-1.59963307850507e-01
1.65421162321607e+03	9.73325378540004e-01,-1.61016868822677e-01
1.66571757496575e+03	9.72963579941557e-01,-1.62076561196108e-01
1.67730355693878e+03	9.72597005348757e-01,-1.63142403991887e-01
1.68897012578938e+03	9.72225595490406e-01,-1.64214415918134e-01
1.70071784204361e+03	9.71849290462682e-01,-1.65292615360000e-01
1.71254727012630e+03	9.71468029725535e-01,-1.66377020369742e-01
1.72445897838816e+03	9.71081752098820e-01,-1.67467648656491e-01
1.73645353913310e+03	9.70690395758545e-01,-1.68564517575865e-01
1.74853152864571e+03	9.70293898233212e-01,-1.69667644119409e-01
1.76069352721896e+03	9.69892196400218e-01,-1.70777044903840e-01
1.77294011918207e+03	9.69485226482339e-01,-1.71892736160118e-01
1.78527189292860e+03	9.69072924044301e-01,-1.73014733722319e-01
1.79768944094472e+03	9.68655223989430e-01,-1.74143053016334e-01
1.81019335983765e+03	9.68232060556398e-01,-1.75277709048362e-01
1.82278425036434e+03	9.67803367316059e-01,-1.76418716393225e-01
1.83546271746035e+03	9.67369077168388e-01,-1.77566089182481e-01
1.84822937026888e+03	9.66929122339385e-01,-1.78719841092296e-01
1.86108482217009e+03	9.66483434378765e-01,-1.79879985331376e-01
1.87402969081049e+03	9.66031944156400e-01,-1.81046534628182e-01
1.88706459813270e+03	9.65574581860240e-01,-1.82219501218468e-01
1.90019017040527e+03	9.65111276993673e-01,-1.83398896832357e-01
1.91340703825281e+03	9.64641958373144e-01,-1.84584732681267e-01
1.92671583668626e+03	9.64166554125913e-01,-1.85777019444634e-01
1.94011720513340e+03	9.63684991687937e-01,-1.86975767256434e-01
1.95361178746961e+03	9.63197197801905e-01,-1.88180985691495e-01
1.96720023204875e+03	9.62703098515411e-01,-1.89392683751605e-01
1.98088319173436e+03	9.62202619179278e-01,-1.90610869851415e-01
1.99466132393098e+03	9.61695684446046e-01,-1.91835551804130e-01
2.00853529061578e+03	9.61182218268617e-01,-1.93066736806995e-01
2.02250575837034e+03	9.60662143899065e-01,-1.94304431426566e-01
2.03657339841269e+03	9.60135383887629e-01,-1.95548641583775e-01
2.05073888662953e+03	9.59601860081877e-01,-1.96799372538786e-01
2.06500290360874e+03	9.59061493626061e-01,-1.98056628875633e-01
2.07936613467207e+03	9.58514204960664e-01,-1.99320414486651e-01
2.09382926990802e+03	9.57959913822138e-01,-2.00590732556696e-01
2.10839300420509e+03	9.57398539242858e-01,-2.01867585547150e-01
2.12305803728508e+03	9.56829999551276e-01,-2.03150975179713e-01
2.13782507373673e+03	9.56254212372302e-01,-2.04440902419986e-01
2.15269482304962e+03	9.55671094627901e-01,-2.05737367460843e-01
2.16766799964818e+03	9.55080562537858e-01,-2.07040369705556e-01
2.18274532292608e+03	9.54482531621117e-01,-2.08349907750866e-01
2.19792751728076e+03	9.53876916696693e-01,-2.09665979369533e-01
2.21321531214825e+03	9.53263631885509e-01,-2.10988581492993e-01
2.22860944203819e+03	9.52642590612154e-01,-2.12317710193635e-01
2.24411064656916e+03	9.52013705606973e-01,-2.13653360666918e-01
2.25971967050419e+03	9.51376888908441e-01,-2.14995527213273e-01
2.27543726378653e+03	9.50732051865808e-01,-2.16344203219799e-01
2.29126418157573e+03	9.50079105142041e-01,-2.17699381141757e-01
2.30720118428384e+03	9.49417958717060e-01,-2.19061052483862e-01
2.32324903761205e+03	9.48748521891278e-01,-2.20429207781377e-01
2.33940851258738e+03	9.48070703289462e-01,-2.21803836580998e-01
2.35568038559980e+03	9.47384410864906e-01,-2.23184927421560e-01
2.37206543843947e+03	9.46689551903940e-01,-2.24572467814531e-01
2.38856445833435e+03	9.45986033030775e-01,-2.25966444224332e-01
2.40517823798799e+03	9.45273760212697e-01,-2.27366842048454e-01
2.42190757561765e+03	9.44552638765613e-01,-2.28773645597396e-01
2.43875327499260e+03	9.43822573359834e-01,-2.30186838074361e-01
2.45571614547280e+03	9.43083468026869e-01,-2.31606401555091e-01
2.47279700204773e+03	9.42335226165325e-01,-2.33032316966877e-01
2.48999666537558e+03	9.41577750548476e-01,-2.34464564068056e-01
2.50731596182266e+03	9.40810943331582e-01,-2.35903121427006e-01
2.52475572350313e+03	9.40034706059759e-01,-2.37347966401054e-01
2.54231678831894e+03	9.39248939676253e-01,-2.38799075115219e-01
2.56000000000013e+03	9.38453544531090e-01,-2.40256422440770e-01
2.57780620814533e+03	9.37648420390457e-01,-2.41719981973809e-01
2.59573626826261e+03	9.36833466445924e-01,-2.43189726013374e-01
2.61379104181055e+03	9.36008581324732e-01,-2.44665625539741e-01
2.63197139623967e+03	9.35173663100231e-01,-2.46147650192425e-01
2.65027820503406e+03	9.34328609302858e-01,-2.47635768248103e-01
2.66871234775341e+03	9.33473316931603e-01,-2.49129946598406e-01
2.68727471007519e+03	9.32607682465949e-01,-2.50630150727611e-01
2.70596618383727e+03	9.31731601878337e-01,-2.52136344690228e-01
2.72478766708074e+03	9.30844970647121e-01,-2.53648491088490e-01
2.74374006409305e+03	9.29947683770052e-01,-2.55166551049762e-01
2.76282428545148e+03	9.29039635778297e-01,-2.56690484203863e-01
2.78204124806685e+03	9.28120720750868e-01,-2.58220248660259e-01
2.80139187522764e+03	9.27190832330202e-01,-2.59755800985543e-01
2.82087709664427e+03	9.26249863737102e-01,-2.61297096180150e-01
2.84049784849383e+03	9.25297707787446e-01,-2.62844087655752e-01
2.86025507346503e+03	9.24334256908868e-01,-2.64396727212259e-01
2.88014972080350e+03	9.23359403158148e-01,-2.65954965014870e-01
2.90018274635740e+03	9.22373038239080e-01,-2.67518749571046e-01
2.92035511262332e+03	9.21375053521534e-01,-2.69088027707847e-01
2.94066778879257e+03	9.20365340059948e-01,-2.70662744548548e-01
2.96112175079769e+03	9.19343788613628e-01,-2.72242843490021e-01
2.98171798135941e+03	9.18310289667085e-01,-2.73828266179775e-01
3.00245747003377e+03	9.17264733451132e-01,-2.75418952493135e-01
3.02334121325976e+03	9.16207009964629e-01,-2.77014840510473e-01
3.04437021440713e+03	9.15137008996881e-01,-2.78615866494522e-01
3.06554548382462e+03	9.14054620150709e-01,-2.80221964867785e-01
3.08686803888851e+03	9.12959732866186e-01,-2.81833068190038e-01
3.10833890405149e+03	9.11852236445000e-01,-2.83449107135934e-01
3.12995911089186e+03	9.10732020075795e-01,-2.85070010472921e-01
3.15172969816316e+03	9.09598972859628e-01,-2.86695705038932e-01
3.17365171184398e+03	9.08452983836708e-01,-2.88326115720636e-01
3.19572620518830e+03	9.07293942013446e-01,-2.89961165431591e-01
3.21795423877605e+03	9.06121736390834e-01,-2.91600775091044e-01
3.24033688056409e+03	9.04936255992434e-01,-2.93244863602156e-01
3.26287520593749e+03	9.03737389894209e-01,-2.94893347831257e-01
3.28557029776121e+03	9.02525027254538e-01,-2.96546142586962e-01
3.30842324643216e+03	9.01299057345071e-01,-2.98203160599645e-01
3.33143514993153e+03	9.00059369582343e-01,-2.99864312501204e-01
3.35460711387759e+03	8.98805853560125e-01,-3.01529506805146e-01
3.37794025157879e+03	8.97538399082537e-01,-3.03198649887003e-01
3.40143568408726e+03	8.96256896197867e-01,-3.04871645965068e-01
3.42509454025263e+03	8.94961235233409e-01,-3.06548397081708e-01
3.44891795677636e+03	8.93651306830543e-01,-3.08228803084671e-01
3.47290707826623e+03	8.92327001981104e-01,-3.09912761609223e-01
3.49706305729145e+03	8.90988212064163e-01,-3.11600168060435e-01
3.52138705443794e+03	8.89634828884139e-01,-3.13290915596400e-01
3.54588023836416e+03	8.88266744708644e-01,-3.14984895111104e-01
3.57054378585724e+03	8.86883852308147e-01,-3.16681995218644e-01
3.59537888188947e+03	8.85486044995885e-01,-3.18382102237563e-01
3.62038671967532e+03	8.84073216668645e-01,-3.20085100175837e-01
3.64556850072871e+03	8.82645261848319e-01,-3.21790870716437e-01
3.67092543492072e+03	8.81202075724178e-01,-3.23499293203475e-01
3.69645874053780e+03	8.79743554196156e-01,-3.25210244629184e-01
3.72216964434020e+03	8.78269593918394e-01,-3.26923599621148e-01
3.74805938162101e+03	8.76780092343948e-01,-3.28639230430551e-01
3.77412919626543e+03	8.75274947770487e-01,-3.30357006921366e-01
3.80038034081058e+03	8.73754059385803e-01,-3.32076796559463e-01
3.82681407650566e+03	8.72217327315042e-01,-3.33798464403348e-01
3.85343167337255e+03	8.70664652668185e-01,-3.35521873095269e-01
3.88023441026684e+03	8.69095937588342e-01,-3.37246882853235e-01
3.90722357493925e+03	8.67511085300721e-01,-3.38973351463831e-01
3.93440046409753e+03	8.65910000162533e-01,-3.40701134276150e-01
3.96176638346874e+03	8.64292587713126e-01,-3.42430084196178e-01
3.98932264786198e+03	8.62658754725271e-01,-3.44160051682561e-01
4.01707058123159e+03	8.61008409256886e-01,-3.45890884743115e-01
4.04501151674072e+03	8.59341460703466e-01,-3.47622428932375e-01
4.07314679682541e+03	8.57657819851058e-01,-3.49354527350073e-01
4.10147777325910e+03	8.55957398930334e-01,-3.51087020641119e-01
4.13000580721752e+03	8.54240111670260e-01,-3.52819746995662e-01
4.15873226934416e+03	8.52505873353731e-01,-3.54552542151623e-01
4.18765853981608e+03	8.50754600872423e-01,-3.56285239397001e-01
4.21678600841022e+03	8.48986212783191e-01,-3.58017669574338e-01
4.24611607457018e+03	8.47200629364561e-01,-3.59749661085929e-01
4.27565014747350e+03	8.45397772673778e-01,-3.61481039900293e-01
4.30538964609927e+03	8.43577566604564e-01,-3.63211629560126e-01
4.33533599929639e+03	8.41739936944905e-01,-3.64941251191072e-01
4.36549064585219e+03	8.39884811435690e-01,-3.66669723512209e-01
4.39585503456155e+03	8.38012119829747e-01,-3.68396862847871e-01
4.42643062429652e+03	8.36121793950892e-01,-3.70122483140412e-01
4.45721888407641e+03	8.34213767753770e-01,-3.71846395964820e-01
4.48822129313836e+03	8.32287977383730e-01,-3.73568410544412e-01
4.51943934100841e+03	8.30344361237463e-01,-3.75288333768492e-01
4.55087452757310e+03	8.28382860023074e-01,-3.77005970210526e-01
4.58252836315148e+03	8.26403416821149e-01,-3.78721122148649e-01
4.61440236856772e+03	8.24405977146011e-01,-3.80433589587695e-01
4.64649807522413e+03	8.22390489006417e-01,-3.82143170281900e-01
4.67881702517480e+03	8.20356902967203e-01,-3.83849659760123e-01
4.71136077119964e+03	8.18305172210533e-01,-3.85552851352061e-01
4.74413087687898e+03	8.16235252597682e-01,-3.87252536216655e-01
4.77712891666873e+03	8.14147102730047e-01,-3.88948503371156e-01
4.81035647597602e+03	8.12040684010923e-01,-3.90640539722789e-01
4.84381515123534e+03	8.09915960706815e-01,-3.92328430101596e-01
4.87750654998525e+03	8.07772900008722e-01,-3.94011957295063e-01
4.91143229094564e+03	8.05611472093188e-01,-3.95690902084334e-01
4.94559400409550e+03	8.03431650183529e-01,-3.97365043282629e-01
4.97999333075120e+03	8.01233410610072e-01,-3.99034157774414e-01
5.01463192364536e+03	7.99016732870765e-01,-4.00698020557186e-01
5.04951144700630e+03	7.96781599691440e-01,-4.02356404784998e-01
5.08463357663793e+03	7.94527997084966e-01,-4.04009081812792e-01
5.12000000000031e+03	7.92255914411032e-01,-4.05655821243942e-01
5.15561241629071e+03	7.89965344434375e-01,-4.07296390978134e-01
5.19147253652526e+03	7.87656283383202e-01,-4.08930557262038e-01
5.22758208362114e+03	7.85328731006835e-01,-4.10558084741541e-01
5.26394279247938e+03	7.82982690632398e-01,-4.12178736515323e-01
5.30055641006817e+03	7.80618169221306e-01,-4.13792274190970e-01
5.33742469550686e+03	7.78235177424488e-01,-4.15398457942151e-01
5.37454942015043e+03	7.75833729637095e-01,-4.16997046568020e-01
5.41193236767459e+03	7.73413844052494e-01,-4.18587797554666e-01
5.44957533416153e+03	7.70975542714641e-01,-4.20170467137319e-01
5.48748012818615e+03	7.68518851570446e-01,-4.21744810365799e-01
5.52564857090300e+03	7.66043800520117e-01,-4.23310581170282e-01
5.56408249613375e+03	7.63550423467049e-01,-4.24867532429790e-01
5.60278375045533e+03	7.61038758366523e-01,-4.26415416042442e-01
5.64175419328859e+03	7.58508847272644e-01,-4.27953982996556e-01
5.68099569698771e+03	7.55960736384597e-01,-4.29482983444445e-01
5.72051014693011e+03	7.53394476091207e-01,-4.31002166777331e-01
5.76029944160706e+03	7.50810121014380e-01,-4.32511281702422e-01
5.80036549271484e+03	7.48207730050788e-01,-4.34010076321163e-01
5.84071022524669e+03	7.45587366412044e-01,-4.35498298209112e-01
5.88133557758518e+03	7.42949097663526e-01,-4.36975694497822e-01
5.92224350159543e+03	7.40292995761588e-01,-4.38442011958385e-01
5.96343596271886e+03	7.37619137088605e-01,-4.39896997085654e-01
6.00491494006759e+03	7.34927602486761e-01,-4.41340396184893e-01
6.04668242651957e+03	7.32218477289860e-01,-4.42771955459623e-01
6.08874042881431e+03	7.29491851353186e-01,-4.44191421100742e-01
6.13109096764929e+03	7.26747819081381e-01,-4.45598539376965e-01
6.17373607777707e+03	7.23986479454666e-01,-4.46993056727237e-01
6.21667780810302e+03	7.21207936052665e-01,-4.48374719853784e-01
6.25991822178378e+03	7.18412297076158e-01,-4.49743275816475e-01
6.30345939632636e+03	7.15599675366916e-01,-4.51098472128833e-01
6.34730342368800e+03	7.12770188425190e-01,-4.52440056854973e-01
6.39145241037665e+03	7.09923958425010e-01,-4.53767778707743e-01
6.43590847755216e+03	7.07061112226916e-01,-4.55081387147383e-01
6.48067376112824e+03	7.04181781388760e-01,-4.56380632482066e-01
6.52575041187503e+03	7.01286102173890e-01,-4.57665265968924e-01
6.57114059552248e+03	6.98374215556700e-01,-4.58935039915528e-01
6.61684649286437e+03	6.95446267226133e-01,-4.60189707783134e-01
6.66287029986312e+03	6.92502407586189e-01,-4.61429024289674e-01
6.70921422775524e+03	6.89542791754318e-01,-4.62652745514420e-01
6.75588050315764e+03	6.86567579556773e-01,-4.63860629002310e-01
6.80287136817457e+03	6.83576935521526e-01,-4.65052433869229e-01
6.85018908050532e+03	6.80571028868659e-01,-4.66227920908195e-01
6.89783591355277e+03	6.77550033497705e-01,-4.67386852695060e-01
6.94581415653252e+03	6.74514127972421e-01,-4.68528993694963e-01
6.99412611458295e+03	6.71463495502934e-01,-4.69654110369386e-01
7.04277410887593e+03	6.68398323924858e-01,-4.70761971282748e-01
7.09176047672838e+03	6.65318805675601e-01,-4.71852347209076e-01
7.14108757171453e+03	6.62225137768073e-01,-4.72925011239317e-01
7.19075776377900e+03	6.59117521761294e-01,-4.73979738887850e-01
7.24077343935071e+03	6.55996163728289e-01,-4.75016308199291e-01
7.29113700145747e+03	6.52861274221026e-01,-4.76034499854793e-01
7.34185086984150e+03	6.49713068232382e-01,-4.77034097277707e-01
7.39291748107565e+03	6.46551765155525e-01,-4.78014886739794e-01
7.44433928868046e+03	6.43377588739954e-01,-4.78976657465493e-01
7.49611876324208e+03	6.40190767045111e-01,-4.79919201737067e-01
7.54825839253092e+03	6.36991532390642e-01,-4.80842314997549e-01
7.60076068162122e+03	6.33780121304186e-01,-4.81745795954279e-01
7.65362815301138e+03	6.30556774465987e-01,-4.82629446680526e-01
7.70686334674516e+03	6.27321736650798e-01,-4.83493072716691e-01
7.76046882053374e+03	6.24075256666812e-01,-4.84336483169967e-01
7.81444714987857e+03	6.20817587291864e-01,-4.85159490813210e-01
7.86880092819513e+03	6.17548985206954e-01,-4.85961912183091e-01
7.92353276693755e+03	6.14269710926524e-01,-4.86743567675091e-01
7.97864529572403e+03	6.10980028726550e-01,-4.87504281639282e-01
8.03414116246325e+03	6.07680206569497e-01,-4.88243882472946e-01
8.09002303348151e+03	6.04370516026778e-01,-4.88962202712356e-01
8.14629359365089e+03	6.01051232198540e-01,-4.89659079122763e-01
8.20295554651826e+03	5.97722633630796e-01,-4.90334352786405e-01
8.26001161443511e+03	5.94385002230009e-01,-4.90987869188650e-01
8.31746453868839e+03	5.91038623175186e-01,-4.91619478302361e-01
8.37531707963222e+03	5.87683784827513e-01,-4.92229034670198e-01
8.43357201682050e+03	5.84320778637546e-01,-4.92816397484639e-01
8.49223214914044e+03	5.80949899050040e-01,-4.93381430665741e-01
8.55130029494706e+03	5.77571443406572e-01,-4.93924002937049e-01
8.61077929219860e+03	5.74185711845811e-01,-4.94443987898505e-01
8.67067199859285e+03	5.70793007201756e-01,-4.94941264097599e-01
8.73098129170445e+03	5.67393634899758e-01,-4.95415715097327e-01
8.79171006912318e+03	5.63987902850628e-01,-4.95867229542221e-01
8.85286124859312e+03	5.60576121342718e-01,-4.96295701221202e-01
8.91443776815290e+03	5.57158602932202e-01,-4.96701029128243e-01
8.97644258627679e+03	5.53735662331455e-01,-4.97083117519321e-01
9.03887868201690e+03	5.50307616295903e-01,-4.97441875968047e-01
9.10174905514628e+03	5.46874783509049e-01,-4.97777219416723e-01
9.16505672630304e+03	5.43437484466121e-01,-4.98089068225788e-01
9.22880473713551e+03	5.39996041356162e-01,-4.98377348219265e-01
9.29299615044834e+03	5.36550777942862e-01,-4.98641990728262e-01
9.35763405034968e+03	5.33102019444003e-01,-4.98882932629954e-01
9.42272154239935e+03	5.29650092409835e-01,-4.99100116384566e-01
9.48826175375803e+03	5.26195324600350e-01,-4.99293490069125e-01
9.55425783333754e+03	5.22738044861534e-01,-4.99463007407157e-01
9.62071295195212e+03	5.19278583000779e-01,-4.99608627795705e-01
9.68763030247075e+03	5.15817269661518e-01,-4.99730316329344e-01
9.75501309997057e+03	5.12354436197164e-01,-4.99828043820603e-01
9.82286458189136e+03	5.08890414544457e-01,-4.99901786816534e-01
9.89118800819108e+03	5.05425537096370e-01,-4.99951527612749e-01
9.95998666150247e+03	5.01960136574625e-01,-4.99977254264091e-01
1.00292638472908e+04	4.98494545901930e-01,-4.99978960591060e-01
1.00990228940127e+04	4.95029098074076e-01,-4.99956646183776e-01
1.01692671532759e+04	4.91564126031953e-01,-4.99910316402147e-01
1.02400000000007e+04	4.88099962533624e-01,-4.99839982372723e-01
1.03112248325815e+04	4.84636940026545e-01,-4.99745660982106e-01
1.03829450730506e+04	4.81175390520026e-01,-4.99627374867392e-01
1.04551641672424e+04	4.77715645458084e-01,-4.99485152402297e-01
1.05278855849588e+04	4.74258035592705e-01,-4.99319027681220e-01
1.06011128201364e+04	4.70802890857722e-01,-4.99129040498849e-01
1.06748493910138e+04	4.67350540243316e-01,-4.98915236327255e-01
1.07490988403009e+04	4.63901311671315e-01,-4.98677666289136e-01
1.08238647353493e+04	4.60455531871346e-01,-4.98416387128127e-01
1.08991506683231e+04	4.57013526257930e-01,-4.98131461176061e-01
1.09749602563724e+04	4.53575618808696e-01,-4.97822956316393e-01
1.10512971418061e+04	4.50142131943701e-01,-4.97490945945092e-01
1.11281649922676e+04	4.46713386406007e-01,-4.97135508928439e-01
1.12055675009107e+04	4.43289701143658e-01,-4.96756729557076e-01
1.12835083865773e+04	4.39871393192996e-01,-4.96354697498066e-01
1.13619913939755e+04	4.36458777563626e-01,-4.95929507742925e-01
1.14410202938603e+04	4.33052167124855e-01,-4.95481260553810e-01
1.15205988832142e+04	4.29651872493956e-01,-4.95010061405870e-01
1.16007309854298e+04	4.26258201926135e-01,-4.94516020927479e-01
1.16814204504935e+04	4.22871461206342e-01,-4.93999254837695e-01
1.17626711551704e+04	4.19491953543094e-01,-4.93459883880626e-01
1.18444870031910e+04	4.16119979464244e-01,-4.92898033757644e-01
1.19268719254378e+04	4.12755836714856e-01,-4.92313835056902e-01
1.20098298801353e+04	4.09399820157228e-01,-4.91707423180417e-01
1.20933648530392e+04	4.06052221673138e-01,-4.91078938268802e-01
1.21774808576287e+04	4.02713330068384e-01,-4.90428525123626e-01
1.22621819352987e+04	3.99383430979595e-01,-4.89756333127893e-01
1.23474721555542e+04	3.96062806783594e-01,-4.89062516163665e-01
1.24333556162061e+04	3.92751736509081e-01,-4.88347232528320e-01
1.25198364435677e+04	3.89450495750811e-01,-4.87610644848827e-01
1.26069187926528e+04	3.86159356586489e-01,-4.86852919993434e-01
1.26946068473761e+04	3.82878587496085e-01,-4.86074228982373e-01
1.27829048207534e+04	3.79608453283897e-01,-4.85274746896381e-01
1.28718169551044e+04	3.76349215003291e-01,-4.84454652783604e-01
1.29613475222566e+04	3.73101129884070e-01,-4.83614129565374e-01
1.30515008237502e+04	3.69864451262742e-01,-4.82753363939875e-01
1.31422811910451e+04	3.66639428515447e-01,-4.81872546285007e-01
1.32336929857288e+04	3.63426306993712e-01,-4.80971870559803e-01
1.33257405997263e+04	3.60225327963082e-01,-4.80051534204576e-01
1.34184284555106e+04	3.57036728544546e-01,-4.79111738040098e-01
1.35117610063154e+04	3.53860741658893e-01,-4.78152686165615e-01
1.36057427363492e+04	3.50697595973824e-01,-4.77174585856310e-01
1.37003781610108e+04	3.47547515854066e-01,-4.76177647459617e-01
1.37956718271056e+04	3.44410721314420e-01,-4.75162084290645e-01
1.38916283130651e+04	3.41287427975448e-01,-4.74128112527814e-01
1.39882522291660e+04	3.38177847022402e-01,-4.73075951106850e-01
1.40855482177520e+04	3.35082185166815e-01,-4.72005821615054e-01
1.41835209534569e+04	3.32000644610984e-01,-4.70917948185185e-01
1.42821751434292e+04	3.28933423015587e-01,-4.69812557388333e-01
1.43815155275581e+04	3.25880713469700e-01,-4.68689878127924e-01
1.44815468787015e+04	3.22842704464222e-01,-4.67550141532087e-01
1.45822740029151e+04	3.19819579867723e-01,-4.66393580847145e-01
1.46837017396831e+04	3.16811518905205e-01,-4.65220431330879e-01
1.47858349621514e+04	3.13818696139856e-01,-4.64030930145437e-01
1.48886785773610e+04	3.10841281457346e-01,-4.62825316251075e-01
1.49922375264843e+04	3.07879440052904e-01,-4.61603830300083e-01
1.50965167850620e+04	3.04933332421271e-01,-4.60366714530686e-01
1.52015213632425e+04	3.02003114349139e-01,-4.59114212661909e-01
1.53072563060229e+04	2.99088936910332e-01,-4.57846569788723e-01
1.54137266934904e+04	2.96190946463631e-01,-4.56564032277721e-01
1.55209376410676e+04	2.93309284653157e-01,-4.55266847663519e-01
1.56288942997572e+04	2.90444088411166e-01,-4.53955264546167e-01
1.57376018563904e+04	2.87595489963539e-01,-4.52629532488896e-01
1.58470655338752e+04	2.84763616837655e-01,-4.51289901916921e-01
1.59572905914482e+04	2.81948591872536e-01,-4.49936624017420e-01
1.60682823249266e+04	2.79150533231536e-01,-4.48569950640137e-01
1.61800460669631e+04	2.76369554417244e-01,-4.47190134199221e-01
1.62925871873019e+04	2.73605764288649e-01,-4.45797427576162e-01
1.64059110930366e+04	2.70859267080606e-01,-4.44392084023714e-01
1.65200232288703e+04	2.68130162425287e-01,-4.42974357071359e-01
1.66349290773769e+04	2.65418545375873e-01,-4.41544500431760e-01
1.67506341592646e+04	2.62724506432317e-01,-4.40102767908484e-01
1.68671440336411e+04	2.60048131568913e-01,-4.38649413305431e-01
1.69844642982810e+04	2.57389502264136e-01,-4.37184690337033e-01
1.71026005898942e+04	2.54748695531993e-01,-4.35708852540577e-01
1.72215585843973e+04	2.52125783955393e-01,-4.34222153189641e-01
1.73413439971858e+04	2.49520835721352e-01,-4.32724845208900e-01
1.74619625834090e+04	2.46933914657765e-01,-4.31217181090760e-01
1.75834201382465e+04	2.44365080271826e-01,-4.29699412813523e-01
1.77057224971864e+04	2.41814387790179e-01,-4.28171791760939e-01
1.78288755363059e+04	2.39281888200466e-01,-4.26634568643612e-01
1.79528851725537e+04	2.36767628294409e-01,-4.25087993421940e-01
1.80777573640339e+04	2.34271650712239e-01,-4.23532315230849e-01
1.82034981102927e+04	2.31793993988642e-01,-4.21967782305960e-01
1.83301134526062e+04	2.29334692599700e-01,-4.20394641911940e-01
1.84576094742712e+04	2.26893777011447e-01,-4.18813140271975e-01
1.85859923008968e+04	2.24471273729237e-01,-4.17223522499581e-01
1.87152681006995e+04	2.22067205348454e-01,-4.15626032531791e-01
1.88454430847988e+04	2.19681590606231e-01,-4.14020913064209e-01
1.89765235075162e+04	2.17314444434082e-01,-4.12408405487958e-01
1.91085156666752e+04	2.14965778011612e-01,-4.10788749828217e-01
1.92414259039044e+04	2.12635598820988e-01,-4.09162184684723e-01
1.93752606049416e+04	2.10323910702248e-01,-4.07528947174049e-01
1.95100261999413e+04	2.08030713909526e-01,-4.05889272873475e-01
1.96457291637829e+04	2.05756005167769e-01,-4.04243395766964e-01
1.97823760163823e+04	2.03499777730298e-01,-4.02591548192674e-01
1.99199733230051e+04	2.01262021436890e-01,-4.00933960792397e-01
2.00000000000000e+04	1.99976066481355e-01,-3.99972634683639e-01
