Freq.	V(vout)
2.00000000000000e+01	9.99711752932084e-01,-9.99693706660954e-03
2.01391110011344e+01	9.99710357578344e-01,-1.00664572124519e-02
2.02791895958006e+01	9.99708942750168e-01,-1.01364606139615e-02
2.04202425141439e+01	9.99707508175816e-01,-1.02069506262462e-02
2.05622765331213e+01	9.99706053579757e-01,-1.02779306276202e-02
2.07052984768276e+01	9.99704578682615e-01,-1.03494040197630e-02
2.08493152168224e+01	9.99703083201119e-01,-1.04213742278785e-02
2.09943336724614e+01	9.99701566848048e-01,-1.04938447008565e-02
2.11403608112276e+01	9.99700029332175e-01,-1.05668189114340e-02
2.12874036490672e+01	9.99698470358207e-01,-1.06403003563582e-02
2.14354692507259e+01	9.99696889626739e-01,-1.07142925565508e-02
2.15845647300886e+01	9.99695286834187e-01,-1.07887990572727e-02
2.17346972505212e+01	9.99693661672731e-01,-1.08638234282901e-02
2.18858740252148e+01	9.99692013830262e-01,-1.09393692640421e-02
2.20381023175322e+01	9.99690342990316e-01,-1.10154401838086e-02
2.21913894413569e+01	9.99688648832016e-01,-1.10920398318799e-02
2.23457427614444e+01	9.99686931030011e-01,-1.11691718777272e-02
2.25011696937762e+01	9.99685189254411e-01,-1.12468400161744e-02
2.26576777059160e+01	9.99683423170726e-01,-1.13250479675705e-02
2.28152743173685e+01	9.99681632439804e-01,-1.14037994779639e-02
2.29739670999407e+01	9.99679816717760e-01,-1.14830983192769e-02
2.31337636781058e+01	9.99677975655915e-01,-1.15629482894824e-02
2.32946717293691e+01	9.99676108900728e-01,-1.16433532127810e-02
2.34566989846376e+01	9.99674216093729e-01,-1.17243169397793e-02
2.36198532285906e+01	9.99672296871447e-01,-1.18058433476696e-02
2.37841423000545e+01	9.99670350865345e-01,-1.18879363404109e-02
2.39495740923786e+01	9.99668377701745e-01,-1.19705998489103e-02
2.41161565538152e+01	9.99666377001761e-01,-1.20538378312068e-02
2.42838976879010e+01	9.99664348381223e-01,-1.21376542726552e-02
2.44528055538414e+01	9.99662291450604e-01,-1.22220531861115e-02
2.46228882668984e+01	9.99660205814947e-01,-1.23070386121200e-02
2.47941539987798e+01	9.99658091073786e-01,-1.23926146191008e-02
2.49666109780323e+01	9.99655946821075e-01,-1.24787853035392e-02
2.51402674904366e+01	9.99653772645103e-01,-1.25655547901756e-02
2.53151318794057e+01	9.99651568128422e-01,-1.26529272321975e-02
2.54912125463853e+01	9.99649332847763e-01,-1.27409068114322e-02
2.56685179512581e+01	9.99647066373955e-01,-1.28294977385404e-02
2.58470566127499e+01	9.99644768271845e-01,-1.29187042532118e-02
2.60268371088387e+01	9.99642438100214e-01,-1.30085306243616e-02
2.62078680771673e+01	9.99640075411692e-01,-1.30989811503281e-02
2.63901582154580e+01	9.99637679752669e-01,-1.31900601590715e-02
2.65737162819303e+01	9.99635250663217e-01,-1.32817720083747e-02
2.67585510957223e+01	9.99632787676994e-01,-1.33741210860444e-02
2.69446715373139e+01	9.99630290321156e-01,-1.34671118101139e-02
2.71320865489535e+01	9.99627758116271e-01,-1.35607486290477e-02
2.73208051350880e+01	9.99625190576222e-01,-1.36550360219460e-02
2.75108363627950e+01	9.99622587208116e-01,-1.37499784987524e-02
2.77021893622186e+01	9.99619947512191e-01,-1.38455806004611e-02
2.78948733270082e+01	9.99617270981718e-01,-1.39418468993266e-02
2.80888975147600e+01	9.99614557102907e-01,-1.40387819990741e-02
2.82842712474620e+01	9.99611805354806e-01,-1.41363905351117e-02
2.84810039119415e+01	9.99609015209201e-01,-1.42346771747433e-02
2.86791049603166e+01	9.99606186130518e-01,-1.43336466173835e-02
2.88785839104500e+01	9.99603317575720e-01,-1.44333035947735e-02
2.90794503464063e+01	9.99600408994198e-01,-1.45336528711982e-02
2.92817139189126e+01	9.99597459827674e-01,-1.46346992437050e-02
2.94853843458221e+01	9.99594469510088e-01,-1.47364475423237e-02
2.96904714125811e+01	9.99591437467491e-01,-1.48389026302881e-02
2.98969849726989e+01	9.99588363117938e-01,-1.49420694042582e-02
3.01049349482215e+01	9.99585245871373e-01,-1.50459527945450e-02
3.03143313302081e+01	9.99582085129519e-01,-1.51505577653354e-02
3.05251841792113e+01	9.99578880285762e-01,-1.52558893149194e-02
3.07375036257604e+01	9.99575630725037e-01,-1.53619524759183e-02
3.09512998708479e+01	9.99572335823707e-01,-1.54687523155144e-02
3.11665831864201e+01	9.99568994949447e-01,-1.55762939356820e-02
3.13833639158702e+01	9.99565607461122e-01,-1.56845824734199e-02
3.16016524745352e+01	9.99562172708666e-01,-1.57936231009855e-02
3.18214593501969e+01	9.99558690032954e-01,-1.59034210261298e-02
3.20427951035850e+01	9.99555158765680e-01,-1.60139814923345e-02
3.22656703688852e+01	9.99551578229228e-01,-1.61253097790501e-02
3.24900958542496e+01	9.99547947736540e-01,-1.62374112019353e-02
3.27160823423114e+01	9.99544266590991e-01,-1.63502911130984e-02
3.29436406907031e+01	9.99540534086249e-01,-1.64639549013398e-02
3.31727818325778e+01	9.99536749506145e-01,-1.65784079923957e-02
3.34035167771350e+01	9.99532912124533e-01,-1.66936558491839e-02
3.36358566101488e+01	9.99529021205155e-01,-1.68097039720507e-02
3.38698124945013e+01	9.99525076001495e-01,-1.69265578990188e-02
3.41053956707185e+01	9.99521075756645e-01,-1.70442232060381e-02
3.43426174575103e+01	9.99517019703149e-01,-1.71627055072360e-02
3.45814892523148e+01	9.99512907062868e-01,-1.72820104551711e-02
3.48220225318452e+01	9.99508737046824e-01,-1.74021437410871e-02
3.50642288526416e+01	9.99504508855052e-01,-1.75231110951686e-02
3.53081198516264e+01	9.99500221676448e-01,-1.76449182867988e-02
3.55537072466630e+01	9.99495874688612e-01,-1.77675711248178e-02
3.58010028371191e+01	9.99491467057694e-01,-1.78910754577835e-02
3.60500185044334e+01	9.99486997938233e-01,-1.80154371742332e-02
3.63007662126867e+01	9.99482466472996e-01,-1.81406622029469e-02
3.65532580091762e+01	9.99477871792816e-01,-1.82667565132123e-02
3.68075060249952e+01	9.99473213016422e-01,-1.83937261150915e-02
3.70635224756151e+01	9.99468489250279e-01,-1.85215770596885e-02
3.73213196614725e+01	9.99463699588408e-01,-1.86503154394191e-02
3.75809099685607e+01	9.99458843112220e-01,-1.87799473882816e-02
3.78423058690241e+01	9.99453918890340e-01,-1.89104790821300e-02
3.81055199217578e+01	9.99448925978426e-01,-1.90419167389473e-02
3.83705647730108e+01	9.99443863418995e-01,-1.91742666191219e-02
3.86374531569941e+01	9.99438730241234e-01,-1.93075350257245e-02
3.89061978964917e+01	9.99433525460818e-01,-1.94417283047871e-02
3.91768119034774e+01	9.99428248079725e-01,-1.95768528455830e-02
3.94493081797347e+01	9.99422897086043e-01,-1.97129150809094e-02
3.97236998174817e+01	9.99417471453777e-01,-1.98499214873700e-02
4.00000000000003e+01	9.99411970142655e-01,-1.99878785856611e-02
4.02782220022691e+01	9.99406392097929e-01,-2.01267929408572e-02
4.05583791916015e+01	9.99400736250176e-01,-2.02666711627001e-02
4.08404850282880e+01	9.99395001515092e-01,-2.04075199058880e-02
4.11245530662430e+01	9.99389186793287e-01,-2.05493458703675e-02
4.14105969536554e+01	9.99383290970077e-01,-2.06921558016260e-02
4.16986304336452e+01	9.99377312915269e-01,-2.08359564909864e-02
4.19886673449230e+01	9.99371251482948e-01,-2.09807547759036e-02
4.22807216224556e+01	9.99365105511259e-01,-2.11265575402615e-02
4.25748072981347e+01	9.99358873822185e-01,-2.12733717146728e-02
4.28709385014521e+01	9.99352555221326e-01,-2.14212042767799e-02
4.31691294601774e+01	9.99346148497666e-01,-2.15700622515570e-02
4.34693945010427e+01	9.99339652423350e-01,-2.17199527116144e-02
4.37717480504299e+01	9.99333065753445e-01,-2.18708827775040e-02
4.40762046350648e+01	9.99326387225707e-01,-2.20228596180268e-02
4.43827788827142e+01	9.99319615560338e-01,-2.21758904505413e-02
4.46914855228892e+01	9.99312749459745e-01,-2.23299825412744e-02
4.50023393875528e+01	9.99305787608295e-01,-2.24851432056328e-02
4.53153554118323e+01	9.99298728672062e-01,-2.26413798085171e-02
4.56305486347374e+01	9.99291571298574e-01,-2.27986997646366e-02
4.59479341998818e+01	9.99284314116560e-01,-2.29571105388265e-02
4.62675273562119e+01	9.99276955735685e-01,-2.31166196463655e-02
4.65893434587387e+01	9.99269494746289e-01,-2.32772346532966e-02
4.69133979692756e+01	9.99261929719119e-01,-2.34389631767477e-02
4.72397064571817e+01	9.99254259205056e-01,-2.36018128852553e-02
4.75682846001093e+01	9.99246481734844e-01,-2.37657914990889e-02
4.78991481847576e+01	9.99238595818807e-01,-2.39309067905772e-02
4.82323131076309e+01	9.99230599946573e-01,-2.40971665844360e-02
4.85677953758023e+01	9.99222492586777e-01,-2.42645787580973e-02
4.89056111076832e+01	9.99214272186782e-01,-2.44331512420404e-02
4.92457765337971e+01	9.99205937172380e-01,-2.46028920201242e-02
4.95883079975600e+01	9.99197485947490e-01,-2.47738091299213e-02
4.99332219560650e+01	9.99188916893863e-01,-2.49459106630537e-02
5.02805349808736e+01	9.99180228370771e-01,-2.51192047655294e-02
5.06302637588117e+01	9.99171418714698e-01,-2.52936996380815e-02
5.09824250927710e+01	9.99162486239022e-01,-2.54694035365081e-02
5.13370359025167e+01	9.99153429233702e-01,-2.56463247720140e-02
5.16941132255002e+01	9.99144245964948e-01,-2.58244717115539e-02
5.20536742176779e+01	9.99134934674897e-01,-2.60038527781772e-02
5.24157361543351e+01	9.99125493581278e-01,-2.61844764513738e-02
5.27803164309163e+01	9.99115920877078e-01,-2.63663512674222e-02
5.31474325638610e+01	9.99106214730198e-01,-2.65494858197383e-02
5.35171021914451e+01	9.99096373283108e-01,-2.67338887592266e-02
5.38893430746282e+01	9.99086394652494e-01,-2.69195687946314e-02
5.42641730979075e+01	9.99076276928904e-01,-2.71065346928910e-02
5.46416102701764e+01	9.99066018176390e-01,-2.72947952794926e-02
5.50216727255904e+01	9.99055616432135e-01,-2.74843594388286e-02
5.54043787244376e+01	9.99045069706091e-01,-2.76752361145543e-02
5.57897466540169e+01	9.99034375980597e-01,-2.78674343099472e-02
5.61777950295205e+01	9.99023533210001e-01,-2.80609630882682e-02
5.65685424949245e+01	9.99012539320276e-01,-2.82558315731225e-02
5.69620078238835e+01	9.99001392208624e-01,-2.84520489488240e-02
5.73582099206338e+01	9.98990089743084e-01,-2.86496244607595e-02
5.77571678209005e+01	9.98978629762129e-01,-2.88485674157550e-02
5.81589006928131e+01	9.98967010074257e-01,-2.90488871824429e-02
5.85634278378257e+01	9.98955228457581e-01,-2.92505931916308e-02
5.89707686916448e+01	9.98943282659407e-01,-2.94536949366717e-02
5.93809428251627e+01	9.98931170395815e-01,-2.96582019738347e-02
5.97939699453983e+01	9.98918889351224e-01,-2.98641239226783e-02
6.02098698964434e+01	9.98906437177958e-01,-3.00714704664234e-02
6.06286626604167e+01	9.98893811495807e-01,-3.02802513523288e-02
6.10503683584231e+01	9.98881009891576e-01,-3.04904763920670e-02
6.14750072515213e+01	9.98868029918632e-01,-3.07021554621018e-02
6.19025997416964e+01	9.98854869096447e-01,-3.09152985040668e-02
6.23331663728408e+01	9.98841524910129e-01,-3.11299155251448e-02
6.27667278317409e+01	9.98827994809951e-01,-3.13460165984487e-02
6.32033049490710e+01	9.98814276210870e-01,-3.15636118634032e-02
6.36429187003943e+01	9.98800366492046e-01,-3.17827115261279e-02
6.40855902071706e+01	9.98786262996348e-01,-3.20033258598210e-02
6.45313407377709e+01	9.98771963029854e-01,-3.22254652051442e-02
6.49801917084997e+01	9.98757463861350e-01,-3.24491399706088e-02
6.54321646846233e+01	9.98742762721815e-01,-3.26743606329624e-02
6.58872813814067e+01	9.98727856803902e-01,-3.29011377375766e-02
6.63455636651562e+01	9.98712743261414e-01,-3.31294818988359e-02
6.68070335542704e+01	9.98697419208771e-01,-3.33594038005270e-02
6.72717132202981e+01	9.98681881720469e-01,-3.35909141962293e-02
6.77396249890031e+01	9.98666127830532e-01,-3.38240239097058e-02
6.82107913414375e+01	9.98650154531959e-01,-3.40587438352954e-02
6.86852349150212e+01	9.98633958776163e-01,-3.42950849383053e-02
6.91629785046302e+01	9.98617537472397e-01,-3.45330582554044e-02
6.96440450636909e+01	9.98600887487182e-01,-3.47726748950171e-02
7.01284577052838e+01	9.98584005643716e-01,-3.50139460377182e-02
7.06162397032534e+01	9.98566888721286e-01,-3.52568829366279e-02
7.11074144933266e+01	9.98549533454667e-01,-3.55014969178075e-02
7.16020056742388e+01	9.98531936533509e-01,-3.57477993806557e-02
7.21000370088674e+01	9.98514094601725e-01,-3.59958017983051e-02
7.26015324253739e+01	9.98496004256861e-01,-3.62455157180196e-02
7.31065160183531e+01	9.98477662049466e-01,-3.64969527615915e-02
7.36150120499911e+01	9.98459064482447e-01,-3.67501246257391e-02
7.41270449512307e+01	9.98440208010422e-01,-3.70050430825053e-02
7.46426393229457e+01	9.98421089039056e-01,-3.72617199796553e-02
7.51618199371220e+01	9.98401703924397e-01,-3.75201672410752e-02
7.56846117380488e+01	9.98382048972196e-01,-3.77803968671704e-02
7.62110398435161e+01	9.98362120437222e-01,-3.80424209352643e-02
7.67411295460223e+01	9.98341914522567e-01,-3.83062515999968e-02
7.72749063139888e+01	9.98321427378941e-01,-3.85719010937227e-02
7.78123957929840e+01	9.98300655103958e-01,-3.88393817269103e-02
7.83536238069553e+01	9.98279593741414e-01,-3.91087058885396e-02
7.88986163594699e+01	9.98258239280553e-01,-3.93798860465002e-02
7.94473996349641e+01	9.98236587655324e-01,-3.96529347479891e-02
8.00000000000012e+01	9.98214634743628e-01,-3.99278646199080e-02
8.05564440045387e+01	9.98192376366559e-01,-4.02046883692603e-02
8.11167583832036e+01	9.98169808287627e-01,-4.04834187835475e-02
8.16809700565767e+01	9.98146926211978e-01,-4.07640687311650e-02
8.22491061324866e+01	9.98123725785600e-01,-4.10466511617974e-02
8.28211939073115e+01	9.98100202594519e-01,-4.13311791068132e-02
8.33972608672910e+01	9.98076352163987e-01,-4.16176656796581e-02
8.39773346898467e+01	9.98052169957653e-01,-4.19061240762485e-02
8.45614432449118e+01	9.98027651376734e-01,-4.21965675753627e-02
8.51496145962701e+01	9.98002791759159e-01,-4.24890095390327e-02
8.57418770029048e+01	9.97977586378719e-01,-4.27834634129331e-02
8.63382589203556e+01	9.97952030444195e-01,-4.30799427267706e-02
8.69387890020860e+01	9.97926119098479e-01,-4.33784610946705e-02
8.75434961008606e+01	9.97899847417676e-01,-4.36790322155633e-02
8.81524092701303e+01	9.97873210410209e-01,-4.39816698735692e-02
8.87655577654290e+01	9.97846203015897e-01,-4.42863879383806e-02
8.93829710457790e+01	9.97818820105030e-01,-4.45932003656438e-02
9.00046787751062e+01	9.97791056477430e-01,-4.49021211973385e-02
9.06307108236654e+01	9.97762906861497e-01,-4.52131645621553e-02
9.12610972694754e+01	9.97734365913246e-01,-4.55263446758720e-02
9.18958683997643e+01	9.97705428215330e-01,-4.58416758417264e-02
9.25350547124245e+01	9.97676088276050e-01,-4.61591724507887e-02
9.31786869174780e+01	9.97646340528352e-01,-4.64788489823304e-02
9.38267959385519e+01	9.97616179328816e-01,-4.68007200041908e-02
9.44794129143640e+01	9.97585598956619e-01,-4.71248001731418e-02
9.51365692002193e+01	9.97554593612502e-01,-4.74511042352494e-02
9.57982963695159e+01	9.97523157417709e-01,-4.77796470262328e-02
9.64646262152625e+01	9.97491284412919e-01,-4.81104434718201e-02
9.71355907516054e+01	9.97458968557165e-01,-4.84435085881017e-02
9.78112222153672e+01	9.97426203726736e-01,-4.87788574818797e-02
9.84915530675950e+01	9.97392983714066e-01,-4.91165053510153e-02
9.91766159951206e+01	9.97359302226608e-01,-4.94564674847712e-02
9.98664439121307e+01	9.97325152885698e-01,-4.97987592641518e-02
1.00561069961748e+02	9.97290529225396e-01,-5.01433961622389e-02
1.01260527517624e+02	9.97255424691319e-01,-5.04903937445236e-02
1.01964850185543e+02	9.97219832639460e-01,-5.08397676692349e-02
1.02674071805034e+02	9.97183746334986e-01,-5.11915336876634e-02
1.03388226451001e+02	9.97147158951019e-01,-5.15457076444804e-02
1.04107348435357e+02	9.97110063567419e-01,-5.19023054780542e-02
1.04831472308671e+02	9.97072453169525e-01,-5.22613432207595e-02
1.05560632861833e+02	9.97034320646902e-01,-5.26228369992837e-02
1.06294865127723e+02	9.96995658792059e-01,-5.29868030349275e-02
1.07034204382891e+02	9.96956460299160e-01,-5.33532576439005e-02
1.07778686149257e+02	9.96916717762712e-01,-5.37222172376112e-02
1.08528346195816e+02	9.96876423676238e-01,-5.40936983229520e-02
1.09283220540354e+02	9.96835570430933e-01,-5.44677175025782e-02
1.10043345451182e+02	9.96794150314308e-01,-5.48442914751808e-02
1.10808757448876e+02	9.96752155508810e-01,-5.52234370357537e-02
1.11579493308035e+02	9.96709578090428e-01,-5.56051710758544e-02
1.12355590059042e+02	9.96666410027281e-01,-5.59895105838580e-02
1.13137084989850e+02	9.96622643178190e-01,-5.63764726452049e-02
1.13924015647768e+02	9.96578269291230e-01,-5.67660744426410e-02
1.14716419841268e+02	9.96533280002263e-01,-5.71583332564514e-02
1.15514335641802e+02	9.96487666833459e-01,-5.75532664646862e-02
1.16317801385627e+02	9.96441421191786e-01,-5.79508915433786e-02
1.17126855675652e+02	9.96394534367499e-01,-5.83512260667561e-02
1.17941537383290e+02	9.96346997532596e-01,-5.87542877074424e-02
1.18761885650326e+02	9.96298801739257e-01,-5.91600942366514e-02
1.19587939890797e+02	9.96249937918271e-01,-5.95686635243732e-02
1.20419739792888e+02	9.96200396877436e-01,-5.99800135395507e-02
1.21257325320834e+02	9.96150169299946e-01,-6.03941623502467e-02
1.22100736716847e+02	9.96099245742750e-01,-6.08111281238028e-02
1.22950014503043e+02	9.96047616634899e-01,-6.12309291269874e-02
1.23805199483394e+02	9.95995272275867e-01,-6.16535837261350e-02
1.24666332745682e+02	9.95942202833858e-01,-6.20791103872743e-02
1.25533455663483e+02	9.95888398344084e-01,-6.25075276762459e-02
1.26406609898143e+02	9.95833848707028e-01,-6.29388542588105e-02
1.27285837400790e+02	9.95778543686687e-01,-6.33731089007439e-02
1.28171180414342e+02	9.95722472908787e-01,-6.38103104679227e-02
1.29062681475543e+02	9.95665625858985e-01,-6.42504779263968e-02
1.29960383417000e+02	9.95607991881044e-01,-6.46936303424503e-02
1.30864329369248e+02	9.95549560174985e-01,-6.51397868826509e-02
1.31774562762814e+02	9.95490319795225e-01,-6.55889668138851e-02
1.32691127330313e+02	9.95430259648682e-01,-6.60411895033815e-02
1.33614067108542e+02	9.95369368492864e-01,-6.64964744187202e-02
1.34543426440597e+02	9.95307634933936e-01,-6.69548411278290e-02
1.35479249978007e+02	9.95245047424760e-01,-6.74163092989648e-02
1.36421582682876e+02	9.95181594262917e-01,-6.78808987006807e-02
1.37370469830043e+02	9.95117263588699e-01,-6.83486292017791e-02
1.38325957009261e+02	9.95052043383084e-01,-6.88195207712482e-02
1.39288090127383e+02	9.94985921465684e-01,-6.92935934781840e-02
1.40256915410569e+02	9.94918885492672e-01,-6.97708674916956e-02
1.41232479406508e+02	9.94850922954676e-01,-7.02513630807945e-02
1.42214828986654e+02	9.94782021174665e-01,-7.07351006142670e-02
1.43204011348479e+02	9.94712167305793e-01,-7.12221005605288e-02
1.44200074017736e+02	9.94641348329229e-01,-7.17123834874628e-02
1.45203064850749e+02	9.94569551051960e-01,-7.22059700622377e-02
1.46213032036707e+02	9.94496762104567e-01,-7.27028810511092e-02
1.47230024099983e+02	9.94422967938977e-01,-7.32031373192008e-02
1.48254089902463e+02	9.94348154826191e-01,-7.37067598302665e-02
1.49285278645892e+02	9.94272308853980e-01,-7.42137696464322e-02
1.50323639874245e+02	9.94195415924565e-01,-7.47241879279175e-02
1.51369223476099e+02	9.94117461752261e-01,-7.52380359327361e-02
1.52422079687033e+02	9.94038431861103e-01,-7.57553350163747e-02
1.53482259092046e+02	9.93958311582440e-01,-7.62761066314503e-02
1.54549812627979e+02	9.93877086052502e-01,-7.68003723273444e-02
1.55624791585969e+02	9.93794740209946e-01,-7.73281537498143e-02
1.56707247613912e+02	9.93711258793369e-01,-7.78594726405814e-02
1.57797232718941e+02	9.93626626338795e-01,-7.83943508368943e-02
1.58894799269929e+02	9.93540827177138e-01,-7.89328102710680e-02
1.60000000000004e+02	9.93453845431631e-01,-7.94748729699972e-02
1.61112888009079e+02	9.93365665015236e-01,-8.00205610546444e-02
1.62233516766408e+02	9.93276269628016e-01,-8.05698967395007e-02
1.63361940113155e+02	9.93185642754487e-01,-8.11229023320197e-02
1.64498212264974e+02	9.93093767660939e-01,-8.16796002320248e-02
1.65642387814624e+02	9.93000627392726e-01,-8.22400129310860e-02
1.66794521734583e+02	9.92906204771531e-01,-8.28041630118697e-02
1.67954669379695e+02	9.92810482392600e-01,-8.33720731474576e-02
1.69122886489825e+02	9.92713442621950e-01,-8.39437661006361e-02
1.70299229192542e+02	9.92615067593542e-01,-8.45192647231537e-02
1.71483754005811e+02	9.92515339206434e-01,-8.50985919549478e-02
1.72676517840712e+02	9.92414239121894e-01,-8.56817708233386e-02
1.73877578004173e+02	9.92311748760492e-01,-8.62688244421896e-02
1.75086992201722e+02	9.92207849299158e-01,-8.68597760110345e-02
1.76304818540262e+02	9.92102521668212e-01,-8.74546488141700e-02
1.77531115530859e+02	9.91995746548365e-01,-8.80534662197120e-02
1.78765942091559e+02	9.91887504367686e-01,-8.86562516786174e-02
1.80009357550214e+02	9.91777775298543e-01,-8.92630287236673e-02
1.81261421647332e+02	9.91666539254515e-01,-8.98738209684137e-02
1.82522194538952e+02	9.91553775887265e-01,-9.04886521060870e-02
1.83791736799530e+02	9.91439464583397e-01,-9.11075459084651e-02
1.85070109424850e+02	9.91323584461269e-01,-9.17305262247005e-02
1.86357373834957e+02	9.91206114367784e-01,-9.23576169801087e-02
1.87653591877105e+02	9.91087032875145e-01,-9.29888421749129e-02
1.88958825828729e+02	9.90966318277586e-01,-9.36242258829471e-02
1.90273138400440e+02	9.90843948588064e-01,-9.42637922503146e-02
1.91596592739033e+02	9.90719901534930e-01,-9.49075654940024e-02
1.92929252430526e+02	9.90594154558559e-01,-9.55555699004508e-02
1.94271181503212e+02	9.90466684807959e-01,-9.62078298240748e-02
1.95622444430736e+02	9.90337469137342e-01,-9.68643696857400e-02
1.96983106135191e+02	9.90206484102669e-01,-9.75252139711886e-02
1.98353231990243e+02	9.90073705958161e-01,-9.81903872294176e-02
1.99732887824263e+02	9.89939110652783e-01,-9.88599140710049e-02
2.01122139923497e+02	9.89802673826692e-01,-9.95338191663852e-02
2.02521055035250e+02	9.89664370807663e-01,-1.00212127244074e-01
2.03929700371087e+02	9.89524176607474e-01,-1.00894863088835e-01
2.05348143610070e+02	9.89382065918272e-01,-1.01582051539798e-01
2.06776452902004e+02	9.89238013108895e-01,-1.02273717488517e-01
2.08214696870715e+02	9.89091992221180e-01,-1.02969885876975e-01
2.09662944617343e+02	9.88943976966226e-01,-1.03670581695525e-01
2.11121265723668e+02	9.88793940720639e-01,-1.04375829980778e-01
2.12589730255447e+02	9.88641856522735e-01,-1.05085655813433e-01
2.14068408765783e+02	9.88487697068728e-01,-1.05800084316034e-01
2.15557372298516e+02	9.88331434708876e-01,-1.06519140650678e-01
2.17056692391633e+02	9.88173041443604e-01,-1.07242850016652e-01
2.18566441080709e+02	9.88012488919597e-01,-1.07971237648004e-01
2.20086690902365e+02	9.87849748425863e-01,-1.08704328811055e-01
2.21617514897754e+02	9.87684790889771e-01,-1.09442148801834e-01
2.23158986616071e+02	9.87517586873054e-01,-1.10184722943454e-01
2.24711180118085e+02	9.87348106567791e-01,-1.10932076583409e-01
2.26274169979701e+02	9.87176319792360e-01,-1.11684235090807e-01
2.27848031295537e+02	9.87002195987359e-01,-1.12441223853527e-01
2.29432839682538e+02	9.86825704211507e-01,-1.13203068275301e-01
2.31028671283605e+02	9.86646813137512e-01,-1.13969793772723e-01
2.32635602771256e+02	9.86465491047919e-01,-1.14741425772183e-01
2.34253711351306e+02	9.86281705830925e-01,-1.15517989706713e-01
2.35883074766582e+02	9.86095424976178e-01,-1.16299511012771e-01
2.37523771300654e+02	9.85906615570542e-01,-1.17086015126926e-01
2.39175879781596e+02	9.85715244293845e-01,-1.17877527482469e-01
2.40839479585777e+02	9.85521277414597e-01,-1.18674073505944e-01
2.42514650641670e+02	9.85324680785693e-01,-1.19475678613586e-01
2.44201473433696e+02	9.85125419840082e-01,-1.20282368207676e-01
2.45900029006089e+02	9.84923459586426e-01,-1.21094167672806e-01
2.47610398966789e+02	9.84718764604732e-01,-1.21911102372055e-01
2.49332665491367e+02	9.84511299041957e-01,-1.22733197643074e-01
2.51066911326967e+02	9.84301026607611e-01,-1.23560478794078e-01
2.52813219796288e+02	9.84087910569318e-01,-1.24392971099740e-01
2.54571674801581e+02	9.83871913748377e-01,-1.25230699796994e-01
2.56342360828686e+02	9.83652998515298e-01,-1.26073690080735e-01
2.58125362951087e+02	9.83431126785320e-01,-1.26921967099423e-01
2.59920766834002e+02	9.83206260013913e-01,-1.27775555950583e-01
2.61728658738497e+02	9.82978359192274e-01,-1.28634481676204e-01
2.63549125525631e+02	9.82747384842793e-01,-1.29498769258035e-01
2.65382254660629e+02	9.82513297014523e-01,-1.30368443612769e-01
2.67228134217086e+02	9.82276055278623e-01,-1.31243529587123e-01
2.69086852881196e+02	9.82035618723805e-01,-1.32124051952810e-01
2.70958499956016e+02	9.81791945951754e-01,-1.33010035401393e-01
2.72843165365754e+02	9.81544995072557e-01,-1.33901504539032e-01
2.74740939660089e+02	9.81294723700112e-01,-1.34798483881113e-01
2.76651914018525e+02	9.81041088947537e-01,-1.35700997846760e-01
2.78576180254768e+02	9.80784047422570e-01,-1.36609070753228e-01
2.80513830821139e+02	9.80523555222971e-01,-1.37522726810175e-01
2.82464958813018e+02	9.80259567931916e-01,-1.38441990113815e-01
2.84429657973310e+02	9.79992040613395e-01,-1.39366884640944e-01
2.86408022696959e+02	9.79720927807610e-01,-1.40297434242835e-01
2.88400148035474e+02	9.79446183526370e-01,-1.41233662639015e-01
2.90406129701500e+02	9.79167761248497e-01,-1.42175593410905e-01
2.92426064073417e+02	9.78885613915236e-01,-1.43123249995330e-01
2.94460048199969e+02	9.78599693925670e-01,-1.44076655677893e-01
2.96508179804927e+02	9.78309953132143e-01,-1.45035833586219e-01
2.98570557291787e+02	9.78016342835702e-01,-1.46000806683055e-01
3.00647279748492e+02	9.77718813781540e-01,-1.46971597759234e-01
3.02738446952199e+02	9.77417316154463e-01,-1.47948229426498e-01
3.04844159374069e+02	9.77111799574371e-01,-1.48930724110171e-01
3.06964518184094e+02	9.76802213091756e-01,-1.49919104041701e-01
3.09099625255960e+02	9.76488505183223e-01,-1.50913391251037e-01
3.11249583171940e+02	9.76170623747033e-01,-1.51913607558867e-01
3.13414495227826e+02	9.75848516098675e-01,-1.52919774568707e-01
3.15594465437884e+02	9.75522128966458e-01,-1.53931913658827e-01
3.17789598539861e+02	9.75191408487140e-01,-1.54950045974033e-01
3.20000000000009e+02	9.74856300201592e-01,-1.55974192417280e-01
3.22225776018160e+02	9.74516749050486e-01,-1.57004373641138e-01
3.24467033532819e+02	9.74172699370032e-01,-1.58040610039088e-01
3.26723880226312e+02	9.73824094887749e-01,-1.59082921736660e-01
3.28996424529951e+02	9.73470878718286e-01,-1.60131328582401e-01
3.31284775629251e+02	9.73112993359279e-01,-1.61185850138684e-01
3.33589043469169e+02	9.72750380687266e-01,-1.62246505672341e-01
3.35909338759392e+02	9.72382981953651e-01,-1.63313314145128e-01
3.38245772979652e+02	9.72010737780726e-01,-1.64386294204019e-01
3.40598458385085e+02	9.71633588157741e-01,-1.65465464171324e-01
3.42967508011624e+02	9.71251472437052e-01,-1.66550842034630e-01
3.45353035681427e+02	9.70864329330321e-01,-1.67642445436565e-01
3.47755156008349e+02	9.70472096904789e-01,-1.68740291664381e-01
3.50173984403447e+02	9.70074712579622e-01,-1.69844397639361e-01
3.52609637080526e+02	9.69672113122332e-01,-1.70954779906030e-01
3.55062231061721e+02	9.69264234645276e-01,-1.72071454621197e-01
3.57531884183121e+02	9.68851012602240e-01,-1.73194437542793e-01
3.60018715100430e+02	9.68432381785109e-01,-1.74323744018538e-01
3.62522843294667e+02	9.68008276320628e-01,-1.75459388974402e-01
3.65044389077907e+02	9.67578629667258e-01,-1.76601386902882e-01
3.67583473599063e+02	9.67143374612134e-01,-1.77749751851090e-01
3.70140218849704e+02	9.66702443268121e-01,-1.78904497408632e-01
3.72714747669917e+02	9.66255767070986e-01,-1.80065636695307e-01
3.75307183754213e+02	9.65803276776674e-01,-1.81233182348596e-01
3.77917651657462e+02	9.65344902458708e-01,-1.82407146510955e-01
3.80546276800883e+02	9.64880573505706e-01,-1.83587540816912e-01
3.83193185478069e+02	9.64410218619031e-01,-1.84774376379959e-01
3.85858504861056e+02	9.63933765810561e-01,-1.85967663779234e-01
3.88542363006427e+02	9.63451142400612e-01,-1.87167413046012e-01
3.91244888861474e+02	9.62962275015986e-01,-1.88373633649982e-01
3.93966212270386e+02	9.62467089588180e-01,-1.89586334485316e-01
3.96706463980488e+02	9.61965511351736e-01,-1.90805523856538e-01
3.99465775648529e+02	9.61457464842758e-01,-1.92031209464182e-01
4.02244279846998e+02	9.60942873897586e-01,-1.93263398390232e-01
4.05042110070503e+02	9.60421661651642e-01,-1.94502097083371e-01
4.07859400742177e+02	9.59893750538452e-01,-1.95747311343998e-01
4.10696287220143e+02	9.59359062288845e-01,-1.96999046309054e-01
4.13552905804011e+02	9.58817517930343e-01,-1.98257306436622e-01
4.16429393741432e+02	9.58269037786739e-01,-1.99522095490319e-01
4.19325889234690e+02	9.57713541477882e-01,-2.00793416523485e-01
4.22242531447340e+02	9.57150947919659e-01,-2.02071271863146e-01
4.25179460510898e+02	9.56581175324195e-01,-2.03355663093773e-01
4.28136817531570e+02	9.56004141200268e-01,-2.04646591040831e-01
4.31114744597035e+02	9.55419762353955e-01,-2.05944055754107e-01
4.34113384783269e+02	9.54827954889503e-01,-2.07248056490837e-01
4.37132882161421e+02	9.54228634210443e-01,-2.08558591698616e-01
4.40173381804733e+02	9.53621715020952e-01,-2.09875658998097e-01
4.43235029795511e+02	9.53007111327467e-01,-2.11199255165484e-01
4.46317973232145e+02	9.52384736440556e-01,-2.12529376114814e-01
4.49422360236174e+02	9.51754502977065e-01,-2.13866016880031e-01
4.52548339959406e+02	9.51116322862532e-01,-2.15209171596857e-01
4.55696062591078e+02	9.50470107333891e-01,-2.16558833484450e-01
4.58865679365080e+02	9.49815766942468e-01,-2.17914994826869e-01
4.62057342567214e+02	9.49153211557264e-01,-2.19277646954327e-01
4.65271205542515e+02	9.48482350368563e-01,-2.20646780224253e-01
4.68507422702616e+02	9.47803091891838e-01,-2.22022384002145e-01
4.71766149533168e+02	9.47115343971992e-01,-2.23404446642243e-01
4.75047542601312e+02	9.46419013787926e-01,-2.24792955467989e-01
4.78351759563197e+02	9.45714007857443e-01,-2.26187896752317e-01
4.81678959171558e+02	9.45000232042507e-01,-2.27589255697737e-01
4.85029301283344e+02	9.44277591554853e-01,-2.28997016416248e-01
4.88402946867396e+02	9.43545990961968e-01,-2.30411161909062e-01
4.91800058012181e+02	9.42805334193438e-01,-2.31831674046152e-01
4.95220797933582e+02	9.42055524547688e-01,-2.33258533545628e-01
4.98665330982737e+02	9.41296464699104e-01,-2.34691719952939e-01
5.02133822653938e+02	9.40528056705563e-01,-2.36131211619915e-01
5.05626439592579e+02	9.39750202016368e-01,-2.37576985683639e-01
5.09143349603166e+02	9.38962801480604e-01,-2.39029018045172e-01
5.12684721657376e+02	9.38165755355922e-01,-2.40487283348120e-01
5.16250725902179e+02	9.37358963317759e-01,-2.41951754957058e-01
5.19841533668009e+02	9.36542324469009e-01,-2.43422404935809e-01
5.23457317476998e+02	9.35715737350140e-01,-2.44899204025598e-01
5.27098251051265e+02	9.34879099949787e-01,-2.46382121623064e-01
5.30764509321261e+02	9.34032309715812e-01,-2.47871125758160e-01
5.34456268434175e+02	9.33175263566856e-01,-2.49366183071934e-01
5.38173705762396e+02	9.32307857904372e-01,-2.50867258794203e-01
5.41916999912037e+02	9.31429988625175e-01,-2.52374316721123e-01
5.45686330731512e+02	9.30541551134495e-01,-2.53887319192671e-01
5.49481879320182e+02	9.29642440359555e-01,-2.55406227070037e-01
5.53303828037053e+02	9.28732550763680e-01,-2.56930999712941e-01
5.57152360509539e+02	9.27811776360947e-01,-2.58461594956885e-01
5.61027661642283e+02	9.26880010731388e-01,-2.59997969090342e-01
5.64929917626039e+02	9.25937147036746e-01,-2.61540076831898e-01
5.68859315946625e+02	9.24983078036806e-01,-2.63087871307351e-01
5.72816045393923e+02	9.24017696106303e-01,-2.64641304026790e-01
5.76800296070952e+02	9.23040893252419e-01,-2.66200324861644e-01
5.80812259403004e+02	9.22052561132871e-01,-2.67764882021729e-01
5.84852128146837e+02	9.21052591074612e-01,-2.69334922032297e-01
5.88920096399941e+02	9.20040874093144e-01,-2.70910389711105e-01
5.93016359609859e+02	9.19017300912451e-01,-2.72491228145505e-01
5.97141114583579e+02	9.17981761985577e-01,-2.74077378669573e-01
6.01294559496990e+02	9.16934147515827e-01,-2.75668780841304e-01
6.05476893904404e+02	9.15874347478634e-01,-2.77265372419855e-01
6.09688318748142e+02	9.14802251644077e-01,-2.78867089342883e-01
6.13929036368192e+02	9.13717749600064e-01,-2.80473865703970e-01
6.18199250511924e+02	9.12620730776194e-01,-2.82085633730157e-01
6.22499166343886e+02	9.11511084468297e-01,-2.83702323759610e-01
6.26828990455656e+02	9.10388699863667e-01,-2.85323864219411e-01
6.31188930875773e+02	9.09253466066990e-01,-2.86950181603521e-01
6.35579197079727e+02	9.08105272126979e-01,-2.88581200450901e-01
6.40000000000024e+02	9.06944007063714e-01,-2.90216843323835e-01
6.44451552036324e+02	9.05769559896709e-01,-2.91857030786444e-01
6.48934067065643e+02	9.04581819673695e-01,-2.93501681383437e-01
6.53447760452628e+02	9.03380675500136e-01,-2.95150711619099e-01
6.57992849059907e+02	9.02166016569483e-01,-2.96804035936535e-01
6.62569551258507e+02	9.00937732194167e-01,-2.98461566697201e-01
6.67178086938343e+02	8.99695711837334e-01,-3.00123214160730e-01
6.71818677518788e+02	8.98439845145339e-01,-3.01788886465077e-01
6.76491545959309e+02	8.97170021980989e-01,-3.03458489607002e-01
6.81196916770176e+02	8.95886132457544e-01,-3.05131927422921e-01
6.85935016023254e+02	8.94588066973486e-01,-3.06809101570123e-01
6.90706071362860e+02	8.93275716248044e-01,-3.08489911508406e-01
6.95510312016704e+02	8.91948971357491e-01,-3.10174254482129e-01
7.00347968806900e+02	8.90607723772213e-01,-3.11862025502712e-01
7.05219274161058e+02	8.89251865394543e-01,-3.13553117331608e-01
7.10124462123448e+02	8.87881288597365e-01,-3.15247420463771e-01
7.15063768366248e+02	8.86495886263499e-01,-3.16944823111633e-01
7.20037430200866e+02	8.85095551825843e-01,-3.18645211189637e-01
7.25045686589339e+02	8.83680179308300e-01,-3.20348468299317e-01
7.30088778155819e+02	8.82249663367461e-01,-3.22054475714988e-01
7.35166947198131e+02	8.80803899335063e-01,-3.23763112370036e-01
7.40280437699413e+02	8.79342783261206e-01,-3.25474254843861e-01
7.45429495339841e+02	8.77866211958331e-01,-3.27187777349478e-01
7.50614367508432e+02	8.76374083045957e-01,-3.28903551721823e-01
7.55835303314929e+02	8.74866294996162e-01,-3.30621447406766e-01
7.61092553601771e+02	8.73342747179814e-01,-3.32341331450880e-01
7.66386370956144e+02	8.71803339913542e-01,-3.34063068491982e-01
7.71717009722117e+02	8.70247974507432e-01,-3.35786520750473e-01
7.77084726012860e+02	8.68676553313449e-01,-3.37511548021509e-01
7.82489777722954e+02	8.67088979774574e-01,-3.39238007668028e-01
7.87932424540777e+02	8.65485158474645e-01,-3.40965754614661e-01
7.93412927960983e+02	8.63864995188890e-01,-3.42694641342557e-01
7.98931551297063e+02	8.62228396935139e-01,-3.44424517885144e-01
8.04488559694002e+02	8.60575272025708e-01,-3.46155231824873e-01
8.10084220141011e+02	8.58905530119945e-01,-3.47886628290937e-01
8.15718801484360e+02	8.57219082277398e-01,-3.49618549958043e-01
8.21392574440291e+02	8.55515841011631e-01,-3.51350837046216e-01
8.27105811608028e+02	8.53795720344633e-01,-3.53083327321702e-01
8.32858787482871e+02	8.52058635861825e-01,-3.54815856098976e-01
8.38651778469386e+02	8.50304504767641e-01,-3.56548256243893e-01
8.44485062894686e+02	8.48533245941653e-01,-3.58280358178011e-01
8.50358921021801e+02	8.46744779995244e-01,-3.60011989884103e-01
8.56273635063146e+02	8.44939029328778e-01,-3.61742976912908e-01
8.62229489194076e+02	8.43115918189268e-01,-3.63473142391127e-01
8.68226769566545e+02	8.41275372728498e-01,-3.65202307030703e-01
8.74265764322848e+02	8.39417321061594e-01,-3.66930289139411e-01
8.80346763609472e+02	8.37541693326003e-01,-3.68656904632785e-01
8.86470059591028e+02	8.35648421740858e-01,-3.70381967047411e-01
8.92635946464296e+02	8.33737440666699e-01,-3.72105287555606e-01
8.98844720472355e+02	8.31808686665524e-01,-3.73826674981517e-01
9.05096679918818e+02	8.29862098561138e-01,-3.75545935818659e-01
9.11392125182163e+02	8.27897617499758e-01,-3.77262874248929e-01
9.17731358730167e+02	8.25915187010864e-01,-3.78977292163099e-01
9.24114685134435e+02	8.23914753068232e-01,-3.80688989182835e-01
9.30542411085037e+02	8.21896264151142e-01,-3.82397762684255e-01
9.37014845405239e+02	8.19859671305702e-01,-3.84103407823043e-01
9.43532299066344e+02	8.17804928206268e-01,-3.85805717561155e-01
9.50095085202631e+02	8.15731991216902e-01,-3.87504482695127e-01
9.56703519126400e+02	8.13640819452852e-01,-3.89199491886004e-01
9.63357918343123e+02	8.11531374841609e-01,-3.90890531690450e-01
9.70058602566695e+02	8.09403622185797e-01,-3.92577386595893e-01
9.76805893734798e+02	8.07257529222133e-01,-3.94259839052589e-01
9.83600116024369e+02	8.05093066684038e-01,-3.95937669512155e-01
9.90441595867171e+02	8.02910208362139e-01,-3.97610656465426e-01
9.97330661965481e+02	8.00708931164886e-01,-3.99278576482516e-01
1.00426764530788e+03	7.98489215178873e-01,-4.00941204254625e-01
1.01125287918517e+03	7.96251043728815e-01,-4.02598312637594e-01
1.01828669920634e+03	7.93994403437108e-01,-4.04249672697228e-01
1.02536944331476e+03	7.91719284282956e-01,-4.05895053756379e-01
1.03250145180437e+03	7.89425679660982e-01,-4.07534223443828e-01
1.03968306733603e+03	7.87113586439295e-01,-4.09166947744936e-01
1.04691463495400e+03	7.84783005016938e-01,-4.10792991054095e-01
1.05419650210254e+03	7.82433939380685e-01,-4.12412116228971e-01
1.06152901864253e+03	7.80066397161114e-01,-4.14024084646545e-01
1.06891253686836e+03	7.77680389687912e-01,-4.15628656260947e-01
1.07634741152480e+03	7.75275932044350e-01,-4.17225589663085e-01
1.08383399982408e+03	7.72853043120873e-01,-4.18814642142068e-01
1.09137266146303e+03	7.70411745667751e-01,-4.20395569748414e-01
1.09896375864037e+03	7.67952066346723e-01,-4.21968127359032e-01
1.10660765607411e+03	7.65474035781593e-01,-4.23532068743982e-01
1.11430472101909e+03	7.62977688607701e-01,-4.25087146634984e-01
1.12205532328457e+03	7.60463063520219e-01,-4.26633112795688e-01
1.12985983525209e+03	7.57930203321220e-01,-4.28169718093658e-01
1.13771863189326e+03	7.55379154965438e-01,-4.29696712574086e-01
1.14563209078785e+03	7.52809969604686e-01,-4.31213845535195e-01
1.15360059214191e+03	7.50222702630860e-01,-4.32720865605316e-01
1.16162451880602e+03	7.47617413717457e-01,-4.34217520821625e-01
1.16970425629368e+03	7.44994166859576e-01,-4.35703558710495e-01
1.17784019279989e+03	7.42353030412315e-01,-4.37178726369462e-01
1.18603271921973e+03	7.39694077127523e-01,-4.38642770550750e-01
1.19428222916717e+03	7.37017384188836e-01,-4.40095437746341e-01
1.20258911899399e+03	7.34323033244946e-01,-4.41536474274548e-01
1.21095378780882e+03	7.31611110441049e-01,-4.42965626368057e-01
1.21937663749629e+03	7.28881706448397e-01,-4.44382640263399e-01
1.22785807273639e+03	7.26134916491919e-01,-4.45787262291816e-01
1.23639850102386e+03	7.23370840375840e-01,-4.47179238971467e-01
1.24499833268778e+03	7.20589582507009e-01,-4.48558317100456e-01
1.25365798091132e+03	7.17791251917320e-01,-4.49924243853543e-01
1.26237786175155e+03	7.14975962281570e-01,-4.51276766875204e-01
1.27115839415946e+03	7.12143831935511e-01,-4.52615634378696e-01
1.28000000000006e+03	7.09294983890441e-01,-4.53940595243805e-01
1.28890310407266e+03	7.06429545845713e-01,-4.55251399116112e-01
1.29786813413129e+03	7.03547650198892e-01,-4.56547796507254e-01
1.30689552090527e+03	7.00649434053499e-01,-4.57829538896104e-01
1.31598569811982e+03	6.97735039224310e-01,-4.59096378830821e-01
1.32513910251702e+03	6.94804612240147e-01,-4.60348070031697e-01
1.33435617387669e+03	6.91858304344147e-01,-4.61584367494731e-01
1.34363735503759e+03	6.88896271491441e-01,-4.62805027595879e-01
1.35298309191863e+03	6.85918674344218e-01,-4.64009808195886e-01
1.36239383354036e+03	6.82925678264153e-01,-4.65198468745655e-01
1.37187003204652e+03	6.79917453302126e-01,-4.66370770392050e-01
1.38141214272573e+03	6.76894174185242e-01,-4.67526476084084e-01
1.39102062403342e+03	6.73856020301103e-01,-4.68665350679395e-01
1.40069593761381e+03	6.70803175679295e-01,-4.69787161050946e-01
1.41043854832213e+03	6.67735828970095e-01,-4.70891676193859e-01
1.42024892424691e+03	6.64654173420345e-01,-4.71978667332305e-01
1.43012753673251e+03	6.61558406846490e-01,-4.73047908026370e-01
1.44007486040174e+03	6.58448731604768e-01,-4.74099174278804e-01
1.45009137317869e+03	6.55325354558518e-01,-4.75132244641580e-01
1.46017755631165e+03	6.52188487042620e-01,-4.76146900322163e-01
1.47033389439627e+03	6.49038344825037e-01,-4.77142925289419e-01
1.48056087539884e+03	6.45875148065463e-01,-4.78120106379053e-01
1.49085899067969e+03	6.42699121271081e-01,-4.79078233398511e-01
1.50122873501687e+03	6.39510493249421e-01,-4.80017099231239e-01
1.51167060662987e+03	6.36309497058318e-01,-4.80936499940214e-01
1.52218510720355e+03	6.33096369953000e-01,-4.81836234870663e-01
1.53277274191230e+03	6.29871353330284e-01,-4.82716106751871e-01
1.54343401944424e+03	6.26634692669920e-01,-4.83575921797986e-01
1.55416945202573e+03	6.23386637473084e-01,-4.84415489807741e-01
1.56497955544592e+03	6.20127441198046e-01,-4.85234624262991e-01
1.57586484908157e+03	6.16857361193031e-01,-4.86033142425976e-01
1.58682585592198e+03	6.13576658626306e-01,-4.86810865435225e-01
1.59786310259414e+03	6.10285598413512e-01,-4.87567618400009e-01
1.60897711938801e+03	6.06984449142290e-01,-4.88303230493248e-01
1.62016844028203e+03	6.03673482994211e-01,-4.89017535042788e-01
1.63143760296873e+03	6.00352975664083e-01,-4.89710369620964e-01
1.64278514888059e+03	5.97023206276642e-01,-4.90381576132359e-01
1.65421162321607e+03	5.93684457300701e-01,-4.91031000899659e-01
1.66571757496575e+03	5.90337014460783e-01,-4.91658494747550e-01
1.67730355693878e+03	5.86981166646278e-01,-4.92263913084331e-01
1.68897012578938e+03	5.83617205818377e-01,-4.92847115982472e-01
1.70071784204361e+03	5.80245426914285e-01,-4.93407968254777e-01
1.71254727012630e+03	5.76866127749549e-01,-4.93946339530434e-01
1.72445897838816e+03	5.73479608917966e-01,-4.94462104327586e-01
1.73645353913310e+03	5.70086173689386e-01,-4.94955142123683e-01
1.74853152864571e+03	5.66686127905433e-01,-4.95425337423308e-01
1.76069352721896e+03	5.63279779873221e-01,-4.95872579823410e-01
1.77294011918207e+03	5.59867440257133e-01,-4.96296764075877e-01
1.78527189292860e+03	5.56449421968752e-01,-4.96697790147390e-01
1.79768944094472e+03	5.53026040055010e-01,-4.97075563276481e-01
1.81019335983765e+03	5.49597611584646e-01,-4.97429994027750e-01
1.82278425036434e+03	5.46164455533065e-01,-4.97760998343175e-01
1.83546271746035e+03	5.42726892665657e-01,-4.98068497590460e-01
1.84822937026888e+03	5.39285245419670e-01,-4.98352418607975e-01
1.86108482217009e+03	5.35839837784898e-01,-4.98612693748653e-01
1.87402969081049e+03	5.32390995182781e-01,-4.98849260916735e-01
1.88706459813270e+03	5.28939044344702e-01,-4.99062063605424e-01
1.90019017040527e+03	5.25484313189041e-01,-4.99251050929323e-01
1.91340703825281e+03	5.22027130697312e-01,-4.99416177654060e-01
1.92671583668626e+03	5.18567826789434e-01,-4.99557404222661e-01
1.94011720513340e+03	5.15106732198239e-01,-4.99674696778637e-01
1.95361178746961e+03	5.11644178343318e-01,-4.99768027185770e-01
1.96720023204875e+03	5.08180497204316e-01,-4.99837373044571e-01
1.98088319173436e+03	5.04716021193758e-01,-4.99882717705389e-01
1.99466132393098e+03	5.01251083029529e-01,-4.99904050278162e-01
2.00853529061578e+03	4.97786015607109e-01,-4.99901365638798e-01
2.02250575837034e+03	4.94321151871652e-01,-4.99874664432176e-01
2.03657339841269e+03	4.90856824690033e-01,-4.99823953071772e-01
2.05073888662953e+03	4.87393366722954e-01,-4.99749243735898e-01
2.06500290360874e+03	4.83931110297227e-01,-4.99650554360565e-01
2.07936613467207e+03	4.80470387278315e-01,-4.99527908628984e-01
2.09382926990802e+03	4.77011528943262e-01,-4.99381335957707e-01
2.10839300420509e+03	4.73554865854097e-01,-4.99210871479419e-01
2.12305803728508e+03	4.70100727731820e-01,-4.99016556022418e-01
2.13782507373673e+03	4.66649443331074e-01,-4.98798436086785e-01
2.15269482304962e+03	4.63201340315601e-01,-4.98556563817287e-01
2.16766799964818e+03	4.59756745134593e-01,-4.98290996972853e-01
2.18274532292608e+03	4.56315982899963e-01,-4.98001798893706e-01
2.19792751728076e+03	4.52879377264826e-01,-4.97689038463589e-01
2.21321531214825e+03	4.49447250303027e-01,-4.97352790070583e-01
2.22860944203819e+03	4.46019922390000e-01,-4.96993133563967e-01
2.24411064656916e+03	4.42597712084979e-01,-4.96610154208195e-01
2.25971967050419e+03	4.39180936014661e-01,-4.96203942633885e-01
2.27543726378653e+03	4.35769908758408e-01,-4.95774594785852e-01
2.29126418157573e+03	4.32364942735079e-01,-4.95322211868253e-01
2.30720118428384e+03	4.28966348091572e-01,-4.94846900286895e-01
2.32324903761205e+03	4.25574432593155e-01,-4.94348771588772e-01
2.33940851258738e+03	4.22189501515679e-01,-4.93827942398887e-01
2.35568038559980e+03	4.18811857539729e-01,-4.93284534354439e-01
2.37206543843947e+03	4.15441800646811e-01,-4.92718674036418e-01
2.38856445833435e+03	4.12079628017622e-01,-4.92130492898712e-01
2.40517823798799e+03	4.08725633932496e-01,-4.91520127194769e-01
2.42190757561765e+03	4.05380109674069e-01,-4.90887717901903e-01
2.43875327499260e+03	4.02043343432308e-01,-4.90233410643026e-01
2.45571614547280e+03	3.98715620211591e-01,-4.89557355607662e-01
2.47279700204773e+03	3.95397221740790e-01,-4.88859707467858e-01
2.48999666537558e+03	3.92088426385230e-01,-4.88140625295042e-01
2.50731596182266e+03	3.88789509061460e-01,-4.87400272473431e-01
2.52475572350313e+03	3.85500741154529e-01,-4.86638816611859e-01
2.54231678831894e+03	3.82222390437868e-01,-4.85856429453833e-01
2.56000000000013e+03	3.78954720995862e-01,-4.85053286785735e-01
2.57780620814533e+03	3.75697993148935e-01,-4.84229568344121e-01
2.59573626826261e+03	3.72452463381704e-01,-4.83385457720103e-01
2.61379104181055e+03	3.69218384273544e-01,-4.82521142263690e-01
2.63197139623967e+03	3.65996004432111e-01,-4.81636812986088e-01
2.65027820503406e+03	3.62785568429639e-01,-4.80732664460898e-01
2.66871234775341e+03	3.59587316742068e-01,-4.79808894724139e-01
2.68727471007519e+03	3.56401485691026e-01,-4.78865705173210e-01
2.70596618383727e+03	3.53228307388670e-01,-4.77903300464875e-01
2.72478766708074e+03	3.50068009685409e-01,-4.76921888412352e-01
2.74374006409305e+03	3.46920816120521e-01,-4.75921679881609e-01
2.76282428545148e+03	3.43786945875652e-01,-4.74902888686959e-01
2.78204124806685e+03	3.40666613731300e-01,-4.73865731485781e-01
2.80139187522764e+03	3.37560030025790e-01,-4.72810427673950e-01
2.82087709664427e+03	3.34467400617949e-01,-4.71737199278368e-01
2.84049784849383e+03	3.31388926851862e-01,-4.70646270851608e-01
2.86025507346503e+03	3.28324805524912e-01,-4.69537869365057e-01
2.88014972080350e+03	3.25275228858601e-01,-4.68412224102131e-01
2.90018274635740e+03	3.22240384472313e-01,-4.67269566551175e-01
2.92035511262332e+03	3.19220455359482e-01,-4.66110130299482e-01
2.94066778879257e+03	3.16215619867432e-01,-4.64934150925117e-01
2.96112175079769e+03	3.13226051679150e-01,-4.63741865891178e-01
2.98171798135941e+03	3.10251919798258e-01,-4.62533514439140e-01
3.00245747003377e+03	3.07293388536639e-01,-4.61309337482757e-01
3.02334121325976e+03	3.04350617504769e-01,-4.60069577502337e-01
3.04437021440713e+03	3.01423761604731e-01,-4.58814478439499e-01
3.06554548382462e+03	2.98512971025868e-01,-4.57544285592456e-01
3.08686803888851e+03	2.95618391243050e-01,-4.56259245511917e-01
3.10833890405149e+03	2.92740163017548e-01,-4.54959605897563e-01
3.12995911089186e+03	2.89878422400213e-01,-4.53645615495778e-01
3.15172969816316e+03	2.87033300737596e-01,-4.52317523997184e-01
3.17365171184398e+03	2.84204924680053e-01,-4.50975581936062e-01
3.19572620518830e+03	2.81393416192570e-01,-4.49620040590021e-01
3.21795423877605e+03	2.78598892567431e-01,-4.48251151881719e-01
3.24033688056409e+03	2.75821466440105e-01,-4.46869168279722e-01
3.26287520593749e+03	2.73061245806469e-01,-4.45474342702407e-01
3.28557029776121e+03	2.70318334042688e-01,-4.44066928422056e-01
3.30842324643216e+03	2.67592829927148e-01,-4.42647178970366e-01
3.33143514993153e+03	2.64884827664495e-01,-4.41215348045225e-01
3.35460711387759e+03	2.62194416911698e-01,-4.39771689418798e-01
3.37794025157879e+03	2.59521682806112e-01,-4.38316456846973e-01
3.40143568408726e+03	2.56866705995502e-01,-4.36849903980117e-01
3.42509454025263e+03	2.54229562669719e-01,-4.35372284275701e-01
3.44891795677636e+03	2.51610324594647e-01,-4.33883850911548e-01
3.47290707826623e+03	2.49009059147442e-01,-4.32384856701451e-01
3.49706305729145e+03	2.46425829353798e-01,-4.30875554011739e-01
3.52138705443794e+03	2.43860693926333e-01,-4.29356194680322e-01
3.54588023836416e+03	2.41313707305491e-01,-4.27827029935724e-01
3.57054378585724e+03	2.38784919701034e-01,-4.26288310319368e-01
3.59537888188947e+03	2.36274377135450e-01,-4.24740285608699e-01
3.62038671967532e+03	2.33782121488680e-01,-4.23183204742168e-01
3.64556850072871e+03	2.31308190544179e-01,-4.21617315745897e-01
3.67092543492072e+03	2.28852618036306e-01,-4.20042865662005e-01
3.69645874053780e+03	2.26415433698704e-01,-4.18460100479022e-01
3.72216964434020e+03	2.23996663314307e-01,-4.16869265063333e-01
3.74805938162101e+03	2.21596328766083e-01,-4.15270603092967e-01
3.77412919626543e+03	2.19214448088580e-01,-4.13664356993495e-01
3.80038034081058e+03	2.16851035521352e-01,-4.12050767874382e-01
3.82681407650566e+03	2.14506101562379e-01,-4.10430075468528e-01
3.85343167337255e+03	2.12179653022827e-01,-4.08802518072894e-01
3.88023441026684e+03	2.09871693082527e-01,-4.07168332491075e-01
3.90722357493925e+03	2.07582221346262e-01,-4.05527753977593e-01
3.93440046409753e+03	2.05311233900531e-01,-4.03881016184310e-01
3.96176638346874e+03	2.03058723371415e-01,-4.02228351108000e-01
3.98932264786198e+03	2.00824678982586e-01,-4.00569989040344e-01
4.01707058123159e+03	1.98609086614085e-01,-3.98906158519395e-01
4.04501151674072e+03	1.96411928861547e-01,-3.97237086282881e-01
4.07314679682541e+03	1.94233185095954e-01,-3.95562997223166e-01
4.10147777325910e+03	1.92072831523330e-01,-3.93884114344551e-01
4.13000580721752e+03	1.89930841245760e-01,-3.92200658721049e-01
4.15873226934416e+03	1.87807184321359e-01,-3.90512849457627e-01
4.18765853981608e+03	1.85701827825824e-01,-3.88820903651456e-01
4.21678600841022e+03	1.83614735913206e-01,-3.87125036356131e-01
4.24611607457018e+03	1.81545869877275e-01,-3.85425460547002e-01
4.27565014747350e+03	1.79495188212949e-01,-3.83722387088256e-01
4.30538964609927e+03	1.77462646677577e-01,-3.82016024701916e-01
4.33533599929639e+03	1.75448198352671e-01,-3.80306579937958e-01
4.36549064585219e+03	1.73451793705230e-01,-3.78594257146522e-01
4.39585503456155e+03	1.71473380649017e-01,-3.76879258451716e-01
4.42643062429652e+03	1.69512904606112e-01,-3.75161783726545e-01
4.45721888407641e+03	1.67570308567917e-01,-3.73442030569906e-01
4.48822129313836e+03	1.65645533156278e-01,-3.71720194284765e-01
4.51943934100841e+03	1.63738516683946e-01,-3.69996467858371e-01
4.55087452757310e+03	1.61849195215630e-01,-3.68271041943010e-01
4.58252836315148e+03	1.59977502628036e-01,-3.66544104839085e-01
4.61440236856772e+03	1.58123370669591e-01,-3.64815842479590e-01
4.64649807522413e+03	1.56286729020589e-01,-3.63086438415212e-01
4.67881702517480e+03	1.54467505352140e-01,-3.61356073801703e-01
4.71136077119964e+03	1.52665625385222e-01,-3.59624927388082e-01
4.74413087687898e+03	1.50881012948834e-01,-3.57893175506674e-01
4.77712891666873e+03	1.49113590038500e-01,-3.56160992063615e-01
4.81035647597602e+03	1.47363276873505e-01,-3.54428548531474e-01
4.84381515123534e+03	1.45629991954042e-01,-3.52696013942698e-01
4.87750654998525e+03	1.43913652117753e-01,-3.50963554884368e-01
4.91143229094564e+03	1.42214172595824e-01,-3.49231335494066e-01
4.94559400409550e+03	1.40531467068122e-01,-3.47499517457279e-01
4.97999333075120e+03	1.38865447718536e-01,-3.45768260005194e-01
5.01463192364536e+03	1.37216025289024e-01,-3.44037719914269e-01
5.04951144700630e+03	1.35583109133055e-01,-3.42308051506875e-01
5.08463357663793e+03	1.33966607269172e-01,-3.40579406652266e-01
5.12000000000031e+03	1.32366426432789e-01,-3.38851934769635e-01
5.15561241629071e+03	1.30782472128447e-01,-3.37125782831114e-01
5.19147253652526e+03	1.29214648680617e-01,-3.35401095366465e-01
5.22758208362114e+03	1.27662859284006e-01,-3.33678014468526e-01
5.26394279247938e+03	1.26127006053498e-01,-3.31956679799268e-01
5.30055641006817e+03	1.24606990072838e-01,-3.30237228597222e-01
5.33742469550686e+03	1.23102711443148e-01,-3.28519795685274e-01
5.37454942015043e+03	1.21614069330389e-01,-3.26804513479571e-01
5.41193236767459e+03	1.20140962011921e-01,-3.25091511999363e-01
5.44957533416153e+03	1.18683286923054e-01,-3.23380918876992e-01
5.48748012818615e+03	1.17240940701813e-01,-3.21672859369503e-01
5.52564857090300e+03	1.15813819233985e-01,-3.19967456370097e-01
5.56408249613375e+03	1.14401817696717e-01,-3.18264830420852e-01
5.60278375045533e+03	1.13004830601371e-01,-3.16565099726097e-01
5.64175419328859e+03	1.11622751836203e-01,-3.14868380165917e-01
5.68099569698771e+03	1.10255474707617e-01,-3.13174785310833e-01
5.72051014693011e+03	1.08902891981040e-01,-3.11484426436732e-01
5.76029944160706e+03	1.07564895920709e-01,-3.09797412540622e-01
5.80036549271484e+03	1.06241378329006e-01,-3.08113850356657e-01
5.84071022524669e+03	1.04932230585020e-01,-3.06433844372691e-01
5.88133557758518e+03	1.03637343682078e-01,-3.04757496847513e-01
5.92224350159543e+03	1.02356608264458e-01,-3.03084907828592e-01
5.96343596271886e+03	1.01089914663885e-01,-3.01416175169829e-01
6.00491494006759e+03	9.98371529346685e-02,-2.99751394550192e-01
6.04668242651957e+03	9.85982128882731e-02,-2.98090659492595e-01
6.08874042881431e+03	9.73729841272086e-02,-2.96434061383091e-01
6.13109096764929e+03	9.61613560782244e-02,-2.94781689490378e-01
6.17373607777707e+03	9.49632180243643e-02,-2.93133630985922e-01
6.21667780810302e+03	9.37784591366889e-02,-2.91489970964088e-01
6.25991822178378e+03	9.26069685052153e-02,-2.89850792462595e-01
6.30345939632636e+03	9.14486351688587e-02,-2.88216176483435e-01
6.34730342368800e+03	9.03033481447860e-02,-2.86586202013938e-01
6.39145241037665e+03	8.91709964569853e-02,-2.84960946048115e-01
6.43590847755216e+03	8.80514691644173e-02,-2.83340483608010e-01
6.48067376112824e+03	8.69446553879484e-02,-2.81724887765603e-01
6.52575041187503e+03	8.58504443368297e-02,-2.80114229664718e-01
6.57114059552248e+03	8.47687253347117e-02,-2.78508578542938e-01
6.61684649286437e+03	8.36993878444249e-02,-2.76908001754043e-01
6.66287029986312e+03	8.26423214926343e-02,-2.75312564790195e-01
6.70921422775524e+03	8.15974160932588e-02,-2.73722331304624e-01
6.75588050315764e+03	8.05645616707432e-02,-2.72137363134065e-01
6.80287136817457e+03	7.95436484824254e-02,-2.70557720321450e-01
6.85018908050532e+03	7.85345670400227e-02,-2.68983461138816e-01
6.89783591355277e+03	7.75372081309291e-02,-2.67414642109988e-01
6.94581415653252e+03	7.65514628386375e-02,-2.65851318033456e-01
6.99412611458295e+03	7.55772225623406e-02,-2.64293542005418e-01
7.04277410887593e+03	7.46143790362307e-02,-2.62741365442637e-01
7.09176047672838e+03	7.36628243481799e-02,-2.61194838105318e-01
7.14108757171453e+03	7.27224509574814e-02,-2.59654008120200e-01
7.19075776377900e+03	7.17931517123563e-02,-2.58118922003407e-01
7.24077343935071e+03	7.08748198666372e-02,-2.56589624683429e-01
7.29113700145747e+03	6.99673490959941e-02,-2.55066159523993e-01
7.34185086984150e+03	6.90706335137271e-02,-2.53548568346822e-01
7.39291748107565e+03	6.81845676855251e-02,-2.52036891454618e-01
7.44433928868046e+03	6.73090466443546e-02,-2.50531167653583e-01
7.49611876324208e+03	6.64439659040929e-02,-2.49031434276302e-01
7.54825839253092e+03	6.55892214733408e-02,-2.47537727204114e-01
7.60076068162122e+03	6.47447098680570e-02,-2.46050080889801e-01
7.65362815301138e+03	6.39103281241630e-02,-2.44568528379885e-01
7.70686334674516e+03	6.30859738093870e-02,-2.43093101336985e-01
7.76046882053374e+03	6.22715450348275e-02,-2.41623830061936e-01
7.81444714987857e+03	6.14669404658638e-02,-2.40160743515897e-01
7.86880092819513e+03	6.06720593323572e-02,-2.38703869342452e-01
7.92353276693755e+03	5.98868014391998e-02,-2.37253233889150e-01
7.97864529572403e+03	5.91110671754150e-02,-2.35808862229440e-01
8.03414116246325e+03	5.83447575235419e-02,-2.34370778184079e-01
8.09002303348151e+03	5.75877740682412e-02,-2.32939004342571e-01
8.14629359365089e+03	5.68400190045185e-02,-2.31513562084433e-01
8.20295554651826e+03	5.61013951456085e-02,-2.30094471600259e-01
8.26001161443511e+03	5.53718059304485e-02,-2.28681751912627e-01
8.31746453868839e+03	5.46511554306780e-02,-2.27275420896877e-01
8.37531707963222e+03	5.39393483572505e-02,-2.25875495301720e-01
8.43357201682050e+03	5.32362900667388e-02,-2.24481990769624e-01
8.49223214914044e+03	5.25418865672835e-02,-2.23094921857027e-01
8.55130029494706e+03	5.18560445239994e-02,-2.21714302054446e-01
8.61077929219860e+03	5.11786712642949e-02,-2.20340143806279e-01
8.67067199859285e+03	5.05096747825622e-02,-2.18972458530546e-01
8.73098129170445e+03	4.98489637448097e-02,-2.17611256638309e-01
8.79171006912318e+03	4.91964474927044e-02,-2.16256547553026e-01
8.85286124859312e+03	4.85520360474999e-02,-2.14908339729602e-01
8.91443776815290e+03	4.79156401134498e-02,-2.13566640673347e-01
8.97644258627679e+03	4.72871710812775e-02,-2.12231456958552e-01
9.03887868201690e+03	4.66665410307605e-02,-2.10902794247149e-01
9.10174905514628e+03	4.60536627336763e-02,-2.09580657306857e-01
9.16505672630304e+03	4.54484496559494e-02,-2.08265050029365e-01
9.22880473713551e+03	4.48508159599067e-02,-2.06955975448131e-01
9.29299615044834e+03	4.42606765058450e-02,-2.05653435756165e-01
9.35763405034968e+03	4.36779468538808e-02,-2.04357432323360e-01
9.42272154239935e+03	4.31025432651135e-02,-2.03067965713808e-01
9.48826175375803e+03	4.25343827025684e-02,-2.01785035702891e-01
9.55425783333754e+03	4.19733828322134e-02,-2.00508641294027e-01
9.62071295195212e+03	4.14194620235315e-02,-1.99238780735297e-01
9.68763030247075e+03	4.08725393497723e-02,-1.97975451535904e-01
9.75501309997057e+03	4.03325345880913e-02,-1.96718650482371e-01
9.82286458189136e+03	3.97993682196724e-02,-1.95468373654445e-01
9.89118800819108e+03	3.92729614293479e-02,-1.94224616440918e-01
9.95998666150247e+03	3.87532361050285e-02,-1.92987373555233e-01
1.00292638472908e+04	3.82401148372543e-02,-1.91756639050742e-01
1.00990228940127e+04	3.77335209182317e-02,-1.90532406335893e-01
1.01692671532759e+04	3.72333783408418e-02,-1.89314668189148e-01
1.02400000000007e+04	3.67396117974473e-02,-1.88103416773696e-01
1.03112248325815e+04	3.62521466785574e-02,-1.86898643651947e-01
1.03829450730506e+04	3.57709090711910e-02,-1.85700339799875e-01
1.04551641672424e+04	3.52958257574125e-02,-1.84508495621021e-01
1.05278855849588e+04	3.48268242122746e-02,-1.83323100960464e-01
1.06011128201364e+04	3.43638326020038e-02,-1.82144145118433e-01
1.06748493910138e+04	3.39067797817734e-02,-1.80971616863820e-01
1.07490988403009e+04	3.34555952935360e-02,-1.79805504447412e-01
1.08238647353493e+04	3.30102093636152e-02,-1.78645795614965e-01
1.08991506683231e+04	3.25705529001161e-02,-1.77492477620098e-01
1.09749602563724e+04	3.21365574904365e-02,-1.76345537236898e-01
1.10512971418061e+04	3.17081553984494e-02,-1.75204960772411e-01
1.11281649922676e+04	3.12852795615805e-02,-1.74070734078931e-01
1.12055675009107e+04	3.08678635880007e-02,-1.72942842566012e-01
1.12835083865773e+04	3.04558417533817e-02,-1.71821271212407e-01
1.13619913939755e+04	3.00491489979060e-02,-1.70706004577681e-01
1.14410202938603e+04	2.96477209228349e-02,-1.69597026813770e-01
1.15205988832142e+04	2.92514937873086e-02,-1.68494321676221e-01
1.16007309854298e+04	2.88604045048456e-02,-1.67397872535331e-01
1.16814204504935e+04	2.84743906397740e-02,-1.66307662387086e-01
1.17626711551704e+04	2.80933904037278e-02,-1.65223673863870e-01
1.18444870031910e+04	2.77173426519238e-02,-1.64145889245042e-01
1.19268719254378e+04	2.73461868794293e-02,-1.63074290467303e-01
1.20098298801353e+04	2.69798632173516e-02,-1.62008859134899e-01
1.20933648530392e+04	2.66183124289638e-02,-1.60949576529632e-01
1.21774808576287e+04	2.62614759057872e-02,-1.59896423620702e-01
1.22621819352987e+04	2.59092956635144e-02,-1.58849381074404e-01
1.23474721555542e+04	2.55617143381022e-02,-1.57808429263573e-01
1.24333556162061e+04	2.52186751815951e-02,-1.56773548276940e-01
1.25198364435677e+04	2.48801220579072e-02,-1.55744717928310e-01
1.26069187926528e+04	2.45459994387734e-02,-1.54721917765511e-01
1.26946068473761e+04	2.42162523994053e-02,-1.53705127079252e-01
1.27829048207534e+04	2.38908266142514e-02,-1.52694324911777e-01
1.28718169551044e+04	2.35696683527178e-02,-1.51689490065361e-01
1.29613475222566e+04	2.32527244747265e-02,-1.50690601110680e-01
1.30515008237502e+04	2.29399424264465e-02,-1.49697636394969e-01
1.31422811910451e+04	2.26312702358236e-02,-1.48710574050075e-01
1.32336929857288e+04	2.23266565081366e-02,-1.47729392000336e-01
1.33257405997263e+04	2.20260504215602e-02,-1.46754067970309e-01
1.34184284555106e+04	2.17294017226641e-02,-1.45784579492353e-01
1.35117610063154e+04	2.14366607219477e-02,-1.44820903914053e-01
1.36057427363492e+04	2.11477782892456e-02,-1.43863018405532e-01
1.37003781610108e+04	2.08627058492211e-02,-1.42910899966582e-01
1.37956718271056e+04	2.05813953768941e-02,-1.41964525433655e-01
1.38916283130651e+04	2.03037993929013e-02,-1.41023871486772e-01
1.39882522291660e+04	2.00298709590779e-02,-1.40088914656209e-01
1.40855482177520e+04	1.97595636738107e-02,-1.39159631329107e-01
1.41835209534569e+04	1.94928316673893e-02,-1.38235997755954e-01
1.42821751434292e+04	1.92296295975721e-02,-1.37317990056860e-01
1.43815155275581e+04	1.89699126447517e-02,-1.36405584227826e-01
1.44815468787015e+04	1.87136365075760e-02,-1.35498756146754e-01
1.45822740029151e+04	1.84607573982247e-02,-1.34597481579424e-01
1.46837017396831e+04	1.82112320377749e-02,-1.33701736185328e-01
1.47858349621514e+04	1.79650176517142e-02,-1.32811495523332e-01
1.48886785773610e+04	1.77220719652765e-02,-1.31926735057284e-01
1.49922375264843e+04	1.74823531988190e-02,-1.31047430161476e-01
1.50965167850620e+04	1.72458200633209e-02,-1.30173556125970e-01
1.52015213632425e+04	1.70124317557415e-02,-1.29305088161842e-01
1.53072563060229e+04	1.67821479544586e-02,-1.28442001406304e-01
1.54137266934904e+04	1.65549288147355e-02,-1.27584270927696e-01
1.55209376410676e+04	1.63307349641838e-02,-1.26731871730381e-01
1.56288942997572e+04	1.61095274981572e-02,-1.25884778759558e-01
1.57376018563904e+04	1.58912679752956e-02,-1.25042966905919e-01
1.58470655338752e+04	1.56759184130278e-02,-1.24206411010231e-01
1.59572905914482e+04	1.54634412830150e-02,-1.23375085867827e-01
1.60682823249266e+04	1.52537995067212e-02,-1.22548966232966e-01
1.61800460669631e+04	1.50469564509413e-02,-1.21728026823115e-01
1.62925871873019e+04	1.48428759233493e-02,-1.20912242323130e-01
1.64059110930366e+04	1.46415221681174e-02,-1.20101587389324e-01
1.65200232288703e+04	1.44428598614531e-02,-1.19296036653474e-01
1.66349290773769e+04	1.42468541072371e-02,-1.18495564726708e-01
1.67506341592646e+04	1.40534704326918e-02,-1.17700146203300e-01
1.68671440336411e+04	1.38626747839670e-02,-1.16909755664405e-01
1.69844642982810e+04	1.36744335219284e-02,-1.16124367681658e-01
1.71026005898942e+04	1.34887134177680e-02,-1.15343956820735e-01
1.72215585843973e+04	1.33054816487425e-02,-1.14568497644807e-01
1.73413439971858e+04	1.31247057939726e-02,-1.13797964717895e-01
1.74619625834090e+04	1.29463538301877e-02,-1.13032332608172e-01
1.75834201382465e+04	1.27703941275019e-02,-1.12271575891171e-01
1.77057224971864e+04	1.25967954452821e-02,-1.11515669152909e-01
1.78288755363059e+04	1.24255269279748e-02,-1.10764586992941e-01
1.79528851725537e+04	1.22565581009919e-02,-1.10018304027334e-01
1.80777573640339e+04	1.20898588665923e-02,-1.09276794891568e-01
1.82034981102927e+04	1.19253994998656e-02,-1.08540034243359e-01
1.83301134526062e+04	1.17631506446061e-02,-1.07807996765422e-01
1.84576094742712e+04	1.16030833093948e-02,-1.07080657168138e-01
1.85859923008968e+04	1.14451688635343e-02,-1.06357990192185e-01
1.87152681006995e+04	1.12893790331258e-02,-1.05639970611071e-01
1.88454430847988e+04	1.11356858971471e-02,-1.04926573233613e-01
1.89765235075162e+04	1.09840618835232e-02,-1.04217772906357e-01
1.91085156666752e+04	1.08344797652869e-02,-1.03513544515912e-01
1.92414259039044e+04	1.06869126567157e-02,-1.02813862991245e-01
1.93752606049416e+04	1.05413340095037e-02,-1.02118703305901e-01
1.95100261999413e+04	1.03977176090250e-02,-1.01428040480157e-01
1.96457291637829e+04	1.02560375705329e-02,-1.00741849583130e-01
1.97823760163823e+04	1.01162683354678e-02,-1.00060105734812e-01
1.99199733230051e+04	9.97838466775471e-03,-9.93827841080607e-02
2.00585276945817e+04	9.84236165011451e-03,-9.87098599305264e-02
2.01980457880255e+04	9.70817468048603e-03,-9.80413084865181e-02
2.03385343065520e+04	9.57579946835032e-03,-9.73771051188339e-02
2.04800000000015e+04	9.44521203123423e-03,-9.67172252305121e-02
2.06224496651631e+04	9.31638869112156e-03,-9.60616442865525e-02
2.07658901461013e+04	9.18930607093243e-03,-9.54103378155805e-02
2.09103283344849e+04	9.06394109109764e-03,-9.47632814114476e-02
2.10557711699178e+04	8.94027096605038e-03,-9.41204507348054e-02
2.12022256402730e+04	8.81827320084114e-03,-9.34818215146132e-02
2.13496987820278e+04	8.69792558772272e-03,-9.28473695496099e-02
2.14981976806020e+04	8.57920620284423e-03,-9.22170707097253e-02
2.16477294706987e+04	8.46209340284635e-03,-9.15909009374703e-02
2.17983013366464e+04	8.34656582163231e-03,-9.09688362492553e-02
2.19499205127449e+04	8.23260236707277e-03,-9.03508527366833e-02
2.21025942836123e+04	8.12018221776454e-03,-8.97369265677962e-02
2.22563299845353e+04	8.00928481984994e-03,-8.91270339882743e-02
2.24111350018216e+04	7.89988988381200e-03,-8.85211513226036e-02
2.25670167731547e+04	7.79197738134572e-03,-8.79192549751964e-02
2.27239827879512e+04	7.68552754225840e-03,-8.73213214314719e-02
2.28820405877208e+04	7.58052085136253e-03,-8.67273272589059e-02
2.30411977664286e+04	7.47693804542839e-03,-8.61372491080372e-02
2.32014619708597e+04	7.37476011016615e-03,-8.55510637134377e-02
2.33628409009871e+04	7.27396827722936e-03,-8.49687478946480e-02
2.35253423103411e+04	7.17454402125382e-03,-8.43902785570766e-02
2.36889740063821e+04	7.07646905691278e-03,-8.38156326928675e-02
2.38537438508758e+04	6.97972533602844e-03,-8.32447873817287e-02
2.40196597602707e+04	6.88429504469378e-03,-8.26777197917322e-02
2.41867297060786e+04	6.79016060039870e-03,-8.21144071800849e-02
2.43549617152576e+04	6.69730464925966e-03,-8.15548268938556e-02
2.45243638705975e+04	6.60571006320600e-03,-8.09989563706841e-02
2.46949443111087e+04	6.51535993721420e-03,-8.04467731394559e-02
2.48667112324125e+04	6.42623758659281e-03,-7.98982548209445e-02
2.50396728871355e+04	6.33832654427836e-03,-7.93533791284272e-02
2.52138375853058e+04	6.25161055815060e-03,-7.88121238682747e-02
2.53892136947524e+04	6.16607358841126e-03,-7.82744669405066e-02
2.55658096415070e+04	6.08169980494840e-03,-7.77403863393280e-02
2.57436339102090e+04	5.99847358474125e-03,-7.72098601536365e-02
2.59226950445133e+04	5.91637950932413e-03,-7.66828665674990e-02
2.61030016475005e+04	5.83540236224133e-03,-7.61593838606092e-02
2.62845623820903e+04	5.75552712651940e-03,-7.56393904087221e-02
2.64673859714579e+04	5.67673898223192e-03,-7.51228646840535e-02
2.66514811994529e+04	5.59902330400438e-03,-7.46097852556707e-02
2.68368569110214e+04	5.52236565862744e-03,-7.41001307898469e-02
2.70235220126310e+04	5.44675180262492e-03,-7.35938800504042e-02
2.72114854726987e+04	5.37216767989284e-03,-7.30910118990280e-02
2.74007563220217e+04	5.29859941937576e-03,-7.25915052955589e-02
2.75913436542115e+04	5.22603333271488e-03,-7.20953392982710e-02
2.77832566261305e+04	5.15445591197255e-03,-7.16024930641231e-02
2.79765044583322e+04	5.08385382736021e-03,-7.11129458489925e-02
2.81710964355041e+04	5.01421392499956e-03,-7.06266770078889e-02
2.83670419069139e+04	4.94552322469038e-03,-7.01436659951518e-02
2.85643502868585e+04	4.87776891774264e-03,-6.96638923646235e-02
2.87630310551164e+04	4.81093836479044e-03,-6.91873357698110e-02
2.89630937574032e+04	4.74501909365329e-03,-6.87139759640259e-02
2.91645480058303e+04	4.67999879721980e-03,-6.82437928005087e-02
2.93674034793664e+04	4.61586533135892e-03,-6.77767662325346e-02
2.95716699243030e+04	4.55260671284127e-03,-6.73128763135062e-02
2.97773571547223e+04	4.49021111729506e-03,-6.68521031970274e-02
2.99844750529688e+04	4.42866687718882e-03,-6.63944271369628e-02
3.01930335701241e+04	4.36796247982249e-03,-6.59398284874829e-02
3.04030427264853e+04	4.30808656536825e-03,-6.54882877030912e-02
3.06145126120459e+04	4.24902792490299e-03,-6.50397853386415e-02
3.08274533869811e+04	4.19077549848348e-03,-6.45943020493386e-02
3.10418752821354e+04	4.13331837323765e-03,-6.41518185907250e-02
3.12577885995147e+04	4.07664578148138e-03,-6.37123158186557e-02
3.14752037127810e+04	4.02074709886046e-03,-6.32757746892585e-02
3.16941310677506e+04	3.96561184250223e-03,-6.28421762588834e-02
3.19145811828966e+04	3.91122966919701e-03,-6.24115016840388e-02
3.21365646498535e+04	3.85759037360823e-03,-6.19837322213150e-02
3.23600921339265e+04	3.80468388649350e-03,-6.15588492272975e-02
3.25851743746041e+04	3.75250027294417e-03,-6.11368341584685e-02
3.28118221860735e+04	3.70102973065330e-03,-6.07176685710977e-02
3.30400464577409e+04	3.65026258821385e-03,-6.03013341211199e-02
3.32698581547541e+04	3.60018930341222e-03,-5.98878125640063e-02
3.35012683185294e+04	3.55080046156459e-03,-5.94770857546227e-02
3.37342880672825e+04	3.50208677386093e-03,-5.90691356470789e-02
3.39689285965622e+04	3.45403907573185e-03,-5.86639442945684e-02
3.42052011797887e+04	3.40664832524429e-03,-5.82614938491982e-02
3.44431171687949e+04	3.35990560150099e-03,-5.78617665618110e-02
3.46826879943719e+04	3.31380210306989e-03,-5.74647447817970e-02
3.49239251668183e+04	3.26832914642638e-03,-5.70704109568988e-02
3.51668402764932e+04	3.22347816443042e-03,-5.66787476330056e-02
3.54114449943730e+04	3.17924070479415e-03,-5.62897374539423e-02
3.56577510726121e+04	3.13560842859398e-03,-5.59033631612493e-02
3.59057703451077e+04	3.09257310878747e-03,-5.55196075939539e-02
3.61555147280681e+04	3.05012662875903e-03,-5.51384536883359e-02
3.64069962205857e+04	3.00826098086162e-03,-5.47598844776862e-02
3.66602269052127e+04	2.96696826500859e-03,-5.43838830920563e-02
3.69152189485426e+04	2.92624068725100e-03,-5.40104327580045e-02
3.71719846017939e+04	2.88607055839956e-03,-5.36395167983320e-02
3.74305362013993e+04	2.84645029264252e-03,-5.32711186318156e-02
3.76908861695980e+04	2.80737240619496e-03,-5.29052217729331e-02
3.79530470150327e+04	2.76882951595525e-03,-5.25418098315830e-02
3.82170313333507e+04	2.73081433818563e-03,-5.21808665127981e-02
3.84828518078091e+04	2.69331968720496e-03,-5.18223756164550e-02
3.87505212098836e+04	2.65633847410099e-03,-5.14663210369760e-02
3.90200523998829e+04	2.61986370545157e-03,-5.11126867630288e-02
3.92914583275660e+04	2.58388848206913e-03,-5.07614568772188e-02
3.95647520327649e+04	2.54840599776351e-03,-5.04126155557774e-02
3.98399466460105e+04	2.51340953810886e-03,-5.00661470682463e-02
4.01170553891638e+04	2.47889247923841e-03,-4.97220357771566e-02
4.03960915760513e+04	2.44484828664138e-03,-4.93802661377043e-02
4.06770686131043e+04	2.41127051399168e-03,-4.90408226974207e-02
4.09600000000034e+04	2.37815280197487e-03,-4.87036900958399e-02
4.12448993303266e+04	2.34548887714089e-03,-4.83688530641620e-02
4.15317802922030e+04	2.31327255076772e-03,-4.80362964249123e-02
4.18206566689701e+04	2.28149771773760e-03,-4.77060050915975e-02
4.21115423398359e+04	2.25015835543116e-03,-4.73779640683587e-02
4.24044512805463e+04	2.21924852262787e-03,-4.70521584496205e-02
4.26993975640559e+04	2.18876235844146e-03,-4.67285734197367e-02
4.29963953612044e+04	2.15869408123391e-03,-4.64071942526348e-02
4.32954589413977e+04	2.12903798757812e-03,-4.60880063114555e-02
4.35966026732932e+04	2.09978845121471e-03,-4.57709950481907e-02
4.38998410254902e+04	2.07093992202253e-03,-4.54561460033186e-02
4.41000000000000e+04	2.05222211685534e-03,-4.52506807134530e-02
