time	V(vout)
0.000000000000000e+00	0.000000e+00
9.142857249701465e-07	2.389239e-05
1.828571449940293e-06	8.477096e-05
2.742857174910440e-06	1.826357e-04
3.657142899880586e-06	3.174866e-04
4.571428624850732e-06	4.893237e-04
5.485714349820879e-06	6.981470e-04
6.400000074791024e-06	9.439565e-04
1.128281257479102e-05	2.668523e-03
1.616562507479103e-05	5.188866e-03
2.104843757479103e-05	8.554758e-03
2.593125007479103e-05	1.273733e-02
3.081406257479102e-05	1.770771e-02
3.569687507479102e-05	2.343706e-02
4.057968757479102e-05	2.989653e-02
4.546250007479102e-05	3.705730e-02
5.034531257479102e-05	4.489058e-02
5.522812507479101e-05	5.336759e-02
6.011093757479101e-05	6.245959e-02
6.499375007479101e-05	7.213788e-02
6.987656257479101e-05	8.237379e-02
7.475937507479102e-05	9.313870e-02
8.452500007479103e-05	1.161412e-01
8.940781257479103e-05	1.283218e-01
9.429062507479103e-05	1.409172e-01
9.917343757479104e-05	1.538990e-01
1.040562500747910e-04	1.672387e-01
1.089390625747910e-04	1.809075e-01
1.138218750747911e-04	1.948767e-01
1.187046875747911e-04	2.091172e-01
1.235875000747910e-04	2.235993e-01
1.284703125747911e-04	2.382928e-01
1.333531250747911e-04	2.531660e-01
1.382359375747911e-04	2.681859e-01
1.431187500747911e-04	2.833169e-01
1.480015625747911e-04	2.985203e-01
1.528843750747911e-04	3.137522e-01
1.577671875747911e-04	3.289627e-01
1.626500000747911e-04	3.440925e-01
1.675328125747911e-04	3.590711e-01
1.724156250747911e-04	3.738129e-01
1.772984375747911e-04	3.882146e-01
1.821812500747911e-04	4.021530e-01
1.870640625747911e-04	4.154853e-01
1.919468750747911e-04	4.280531e-01
1.968296875747911e-04	4.396927e-01
2.017125000747911e-04	4.502512e-01
2.065953125747911e-04	4.596067e-01
2.163609375747911e-04	4.744871e-01
2.212437500747911e-04	4.800608e-01
2.261265625747911e-04	4.845195e-01
2.310093750747911e-04	4.880078e-01
2.358921875747911e-04	4.906834e-01
2.407750000747912e-04	4.926985e-01
2.456578125747911e-04	4.941882e-01
2.505406250747911e-04	4.952654e-01
2.554234375747911e-04	4.960194e-01
2.603062500747911e-04	4.965189e-01
2.651890625747911e-04	4.968147e-01
2.700718750747911e-04	4.969442e-01
2.749546875747912e-04	4.969338e-01
2.798375000747912e-04	4.968024e-01
2.847203125747912e-04	4.965630e-01
2.896031250747912e-04	4.962243e-01
2.993687500747912e-04	4.952697e-01
3.140171875747912e-04	4.931759e-01
3.286656250747912e-04	4.902803e-01
3.384312500747912e-04	4.878782e-01
3.481968750747912e-04	4.850685e-01
3.579625000747912e-04	4.818169e-01
3.677281250747912e-04	4.780806e-01
3.774937500747912e-04	4.738079e-01
3.872593750747913e-04	4.689362e-01
3.970250000747913e-04	4.633908e-01
4.067906250747913e-04	4.570837e-01
4.165562500747913e-04	4.499114e-01
4.214390625747913e-04	4.459643e-01
4.263218750747913e-04	4.417549e-01
4.360875000747913e-04	4.324794e-01
4.409703125747913e-04	4.273761e-01
4.458531250747913e-04	4.219364e-01
4.507359375747913e-04	4.161402e-01
4.556187500747913e-04	4.099674e-01
4.605015625747913e-04	4.033978e-01
4.653843750747913e-04	3.964117e-01
4.702671875747913e-04	3.889900e-01
4.751500000747913e-04	3.811150e-01
4.800328125747913e-04	3.727704e-01
4.849156250747913e-04	3.639419e-01
4.897984375747913e-04	3.546173e-01
4.946812500747913e-04	3.447872e-01
4.995640625747914e-04	3.344447e-01
5.044468750747914e-04	3.235859e-01
5.093296875747914e-04	3.122099e-01
5.142125000747914e-04	3.003186e-01
5.190953125747914e-04	2.879169e-01
5.239781250747914e-04	2.750122e-01
5.288609375747914e-04	2.616145e-01
5.337437500747914e-04	2.477358e-01
5.386265625747914e-04	2.333902e-01
5.435093750747914e-04	2.185934e-01
5.483921875747914e-04	2.033625e-01
5.532750000747914e-04	1.877159e-01
5.581578125747914e-04	1.716728e-01
5.630406250747914e-04	1.552533e-01
5.679234375747914e-04	1.384781e-01
5.728062500747914e-04	1.213685e-01
5.776890625747914e-04	1.039460e-01
5.825718750747914e-04	8.623271e-02
5.923375000747914e-04	5.002230e-02
5.972203125747914e-04	3.157009e-02
6.021031250747914e-04	1.291668e-02
6.069859375747914e-04	-5.915246e-03
6.167515625747915e-04	-4.402363e-02
6.265171875747915e-04	-8.257271e-02
6.314000000747915e-04	-1.019554e-01
6.362828125747915e-04	-1.213796e-01
6.411656250747915e-04	-1.408224e-01
6.460484375747915e-04	-1.602604e-01
6.509312500747915e-04	-1.796700e-01
6.558140625747915e-04	-1.990272e-01
6.606968750747915e-04	-2.183069e-01
6.655796875747915e-04	-2.374825e-01
6.704625000747915e-04	-2.565255e-01
6.753453125747915e-04	-2.754039e-01
6.802281250747915e-04	-2.940809e-01
6.851109375747915e-04	-3.125127e-01
6.899937500747915e-04	-3.306457e-01
6.948765625747915e-04	-3.484123e-01
6.997593750747915e-04	-3.657269e-01
7.046421875747915e-04	-3.824812e-01
7.095250000747915e-04	-3.985403e-01
7.144078125747915e-04	-4.137424e-01
7.192906250747915e-04	-4.279041e-01
7.241734375747916e-04	-4.408347e-01
7.290562500747916e-04	-4.523595e-01
7.388218750747916e-04	-4.707484e-01
7.437046875747916e-04	-4.775862e-01
7.485875000747916e-04	-4.829758e-01
7.534703125747916e-04	-4.870908e-01
7.583531250747916e-04	-4.901350e-01
7.632359375747916e-04	-4.923135e-01
7.681187500747916e-04	-4.938118e-01
7.730015625747916e-04	-4.947853e-01
7.778843750747916e-04	-4.953564e-01
7.827671875747916e-04	-4.956177e-01
7.876500000747916e-04	-4.956374e-01
7.925328125747916e-04	-4.954640e-01
7.974156250747916e-04	-4.951313e-01
8.022984375747916e-04	-4.946629e-01
8.071812500747916e-04	-4.940742e-01
8.120640625747916e-04	-4.933755e-01
8.267125000747916e-04	-4.906685e-01
8.413609375747917e-04	-4.870616e-01
8.511265625747917e-04	-4.841313e-01
8.608921875747917e-04	-4.807434e-01
8.706578125747917e-04	-4.768544e-01
8.804234375747917e-04	-4.724103e-01
8.901890625747917e-04	-4.673457e-01
8.999546875747917e-04	-4.615822e-01
9.097203125747917e-04	-4.550273e-01
9.194859375747917e-04	-4.475732e-01
9.243687500747917e-04	-4.434708e-01
9.292515625747917e-04	-4.390959e-01
9.390171875747917e-04	-4.294564e-01
9.439000000747917e-04	-4.241536e-01
9.487828125747918e-04	-4.185025e-01
9.536656250747918e-04	-4.124828e-01
9.585484375747918e-04	-4.060744e-01
9.634312500747918e-04	-3.992572e-01
9.683140625747918e-04	-3.920119e-01
9.731968750747918e-04	-3.843203e-01
9.780796875747918e-04	-3.761654e-01
9.829625000747917e-04	-3.675320e-01
9.878453125747916e-04	-3.584072e-01
9.927281250747915e-04	-3.487803e-01
9.976109375747914e-04	-3.386434e-01
1.002493750074791e-03	-3.279914e-01
1.007376562574791e-03	-3.168222e-01
1.012259375074791e-03	-3.051366e-01
1.017142187574791e-03	-2.929383e-01
1.022025000074791e-03	-2.802338e-01
1.026907812574791e-03	-2.670319e-01
1.031790625074791e-03	-2.533440e-01
1.036673437574791e-03	-2.391834e-01
1.041556250074790e-03	-2.245651e-01
1.046439062574790e-03	-2.095057e-01
1.051321875074790e-03	-1.940231e-01
1.056204687574790e-03	-1.781362e-01
1.061087500074790e-03	-1.618648e-01
1.065970312574790e-03	-1.452294e-01
1.070853125074790e-03	-1.282510e-01
1.075735937574790e-03	-1.109511e-01
1.080618750074790e-03	-9.335146e-02
1.085501562574789e-03	-7.547423e-02
1.095267187574789e-03	-3.897632e-02
1.100150000074789e-03	-2.040068e-02
1.105032812574789e-03	-1.637429e-03
1.109915625074789e-03	1.729069e-02
1.119681250074789e-03	5.555044e-02
1.124564062574789e-03	7.483646e-02
1.129446875074789e-03	9.419610e-02
1.134329687574788e-03	1.136065e-01
1.139212500074788e-03	1.330446e-01
1.144095312574788e-03	1.524873e-01
1.148978125074788e-03	1.719111e-01
1.153860937574788e-03	1.912923e-01
1.158743750074788e-03	2.106060e-01
1.163626562574788e-03	2.298266e-01
1.168509375074788e-03	2.489262e-01
1.173392187574788e-03	2.678745e-01
1.178275000074788e-03	2.866369e-01
1.183157812574787e-03	3.051726e-01
1.188040625074787e-03	3.234324e-01
1.192923437574787e-03	3.413547e-01
1.197806250074787e-03	3.588617e-01
1.202689062574787e-03	3.758548e-01
1.207571875074787e-03	3.922099e-01
1.212454687574787e-03	4.077758e-01
1.217337500074787e-03	4.223766e-01
1.222220312574787e-03	4.358221e-01
1.227103125074786e-03	4.479279e-01
1.231985937574786e-03	4.585432e-01
1.241751562574786e-03	4.750329e-01
1.246634375074786e-03	4.809837e-01
1.251517187574786e-03	4.855850e-01
1.256400000074786e-03	4.890324e-01
1.261282812574786e-03	4.915335e-01
1.266165625074786e-03	4.932835e-01
1.271048437574786e-03	4.944504e-01
1.275931250074785e-03	4.951697e-01
1.280814062574785e-03	4.955455e-01
1.285696875074785e-03	4.956551e-01
1.290579687574785e-03	4.955541e-01
1.295462500074785e-03	4.952818e-01
1.300345312574785e-03	4.948654e-01
1.305228125074785e-03	4.943233e-01
1.310110937574785e-03	4.936677e-01
1.319876562574784e-03	4.920433e-01
1.334525000074784e-03	4.888588e-01
1.344290625074784e-03	4.862284e-01
1.354056250074784e-03	4.831648e-01
1.363821875074784e-03	4.796315e-01
1.373587500074783e-03	4.755822e-01
1.383353125074783e-03	4.709594e-01
1.393118750074783e-03	4.656939e-01
1.402884375074783e-03	4.597034e-01
1.412650000074783e-03	4.528908e-01
1.422415625074782e-03	4.451435e-01
1.427298437574782e-03	4.408797e-01
1.437064062574782e-03	4.314844e-01
1.441946875074782e-03	4.263154e-01
1.446829687574782e-03	4.208061e-01
1.451712500074782e-03	4.149362e-01
1.456595312574782e-03	4.086857e-01
1.461478125074781e-03	4.020343e-01
1.466360937574781e-03	3.949625e-01
1.471243750074781e-03	3.874516e-01
1.476126562574781e-03	3.794839e-01
1.481009375074781e-03	3.710437e-01
1.485892187574781e-03	3.621168e-01
1.490775000074781e-03	3.526919e-01
1.495657812574781e-03	3.427597e-01
1.500540625074781e-03	3.323142e-01
1.505423437574781e-03	3.213519e-01
1.510306250074780e-03	3.098726e-01
1.515189062574780e-03	2.978788e-01
1.520071875074780e-03	2.853758e-01
1.524954687574780e-03	2.723716e-01
1.529837500074780e-03	2.588767e-01
1.534720312574780e-03	2.449034e-01
1.539603125074780e-03	2.304663e-01
1.544485937574780e-03	2.155813e-01
1.549368750074780e-03	2.002657e-01
1.554251562574779e-03	1.845382e-01
1.559134375074779e-03	1.684182e-01
1.564017187574779e-03	1.519259e-01
1.568900000074779e-03	1.350822e-01
1.573782812574779e-03	1.179082e-01
1.578665625074779e-03	1.004259e-01
1.583548437574779e-03	8.265701e-02
1.593314062574779e-03	4.634897e-02
1.598196875074779e-03	2.785471e-02
1.603079687574778e-03	9.163786e-03
1.607962500074778e-03	-9.701114e-03
1.617728125074778e-03	-4.786178e-02
1.622610937574778e-03	-6.711194e-02
1.627493750074778e-03	-8.644487e-02
1.632376562574778e-03	-1.058377e-01
1.637259375074778e-03	-1.252675e-01
1.642142187574778e-03	-1.447111e-01
1.647025000074778e-03	-1.641454e-01
1.651907812574777e-03	-1.835465e-01
1.656790625074777e-03	-2.028902e-01
1.661673437574777e-03	-2.221512e-01
1.666556250074777e-03	-2.413027e-01
1.671439062574777e-03	-2.603154e-01
1.676321875074777e-03	-2.791567e-01
1.681204687574777e-03	-2.977884e-01
1.686087500074777e-03	-3.161652e-01
1.690970312574777e-03	-3.342308e-01
1.695853125074776e-03	-3.519145e-01
1.700735937574776e-03	-3.691266e-01
1.705618750074776e-03	-3.857535e-01
1.710501562574776e-03	-4.016550e-01
1.715384375074776e-03	-4.166642e-01
1.720267187574776e-03	-4.305947e-01
1.725150000074776e-03	-4.432571e-01
1.730032812574776e-03	-4.544833e-01
1.739798437574776e-03	-4.722384e-01
1.744681250074775e-03	-4.787752e-01
1.749564062574775e-03	-4.838945e-01
1.754446875074775e-03	-4.877785e-01
1.759329687574775e-03	-4.906336e-01
1.764212500074775e-03	-4.926621e-01
1.769095312574775e-03	-4.940442e-01
1.773978125074775e-03	-4.949283e-01
1.778860937574775e-03	-4.954309e-01
1.783743750074775e-03	-4.956392e-01
1.788626562574775e-03	-4.956169e-01
1.793509375074774e-03	-4.954093e-01
1.798392187574774e-03	-4.950479e-01
1.803275000074774e-03	-4.945543e-01
1.808157812574774e-03	-4.939430e-01
1.817923437574774e-03	-4.924005e-01
1.832571875074774e-03	-4.893353e-01
1.847220312574773e-03	-4.853563e-01
1.856985937574773e-03	-4.821560e-01
1.866751562574773e-03	-4.784733e-01
1.876517187574773e-03	-4.742585e-01
1.886282812574772e-03	-4.694507e-01
1.896048437574772e-03	-4.639770e-01
1.905814062574772e-03	-4.577508e-01
1.915579687574772e-03	-4.506703e-01
1.920462500074772e-03	-4.467737e-01
1.925345312574772e-03	-4.426182e-01
1.930228125074771e-03	-4.381867e-01
1.939993750074771e-03	-4.284227e-01
1.944876562574771e-03	-4.230520e-01
1.949759375074771e-03	-4.173287e-01
1.954642187574771e-03	-4.112329e-01
1.959525000074771e-03	-4.047443e-01
1.964407812574771e-03	-3.978429e-01
1.969290625074771e-03	-3.905098e-01
1.974173437574771e-03	-3.827269e-01
1.979056250074771e-03	-3.744774e-01
1.983939062574771e-03	-3.657467e-01
1.988821875074770e-03	-3.565223e-01
1.993704687574770e-03	-3.467939e-01
1.998587500074770e-03	-3.365543e-01
2.003470312574770e-03	-3.257989e-01
2.008353125074770e-03	-3.145263e-01
2.013235937574770e-03	-3.027378e-01
2.018118750074770e-03	-2.904377e-01
2.023001562574770e-03	-2.776329e-01
2.027884375074770e-03	-2.643328e-01
2.032767187574770e-03	-2.505493e-01
2.037650000074769e-03	-2.362958e-01
2.042532812574769e-03	-2.215879e-01
2.047415625074769e-03	-2.064424e-01
2.052298437574769e-03	-1.908774e-01
2.057181250074769e-03	-1.749121e-01
2.062064062574769e-03	-1.585662e-01
2.066946875074769e-03	-1.418605e-01
2.071829687574769e-03	-1.248160e-01
2.076712500074769e-03	-1.074544e-01
2.081595312574768e-03	-8.979751e-02
2.091360937574768e-03	-5.368653e-02
2.096243750074768e-03	-3.527729e-02
2.101126562574768e-03	-1.666231e-02
2.106009375074768e-03	2.135733e-03
2.110892187574768e-03	2.109409e-02
2.120657812574768e-03	5.940066e-02
2.125540625074768e-03	7.870322e-02
2.130423437574767e-03	9.807485e-02
2.135306250074767e-03	1.174926e-01
2.140189062574767e-03	1.369335e-01
2.145071875074767e-03	1.563743e-01
2.149954687574767e-03	1.757916e-01
2.154837500074767e-03	1.951612e-01
2.159720312574767e-03	2.144584e-01
2.164603125074767e-03	2.336571e-01
2.169485937574767e-03	2.527290e-01
2.174368750074766e-03	2.716431e-01
2.179251562574766e-03	2.903636e-01
2.184134375074766e-03	3.088484e-01
2.189017187574766e-03	3.270460e-01
2.193900000074766e-03	3.448921e-01
2.198782812574766e-03	3.623050e-01
2.203665625074766e-03	3.791813e-01
2.208548437574766e-03	3.953916e-01
2.213431250074766e-03	4.107792e-01
2.218314062574766e-03	4.251643e-01
2.223196875074765e-03	4.383559e-01
2.228079687574765e-03	4.501741e-01
2.232962500074765e-03	4.604783e-01
2.237845312574765e-03	4.691958e-01
2.242728125074765e-03	4.763392e-01
2.247610937574765e-03	4.820061e-01
2.252493750074765e-03	4.863602e-01
2.257376562574765e-03	4.896017e-01
2.262259375074765e-03	4.919377e-01
2.267142187574765e-03	4.935587e-01
2.272025000074764e-03	4.946263e-01
2.276907812574764e-03	4.952695e-01
2.281790625074764e-03	4.955867e-01
2.286673437574764e-03	4.956503e-01
2.291556250074764e-03	4.955123e-01
2.296439062574764e-03	4.952093e-01
2.301321875074764e-03	4.947666e-01
2.306204687574764e-03	4.942010e-01
2.311087500074764e-03	4.935237e-01
2.325735937574763e-03	4.908767e-01
2.340384375074763e-03	4.873309e-01
2.350150000074763e-03	4.844443e-01
2.359915625074763e-03	4.811039e-01
2.369681250074762e-03	4.772673e-01
2.379446875074762e-03	4.728815e-01
2.389212500074762e-03	4.678822e-01
2.398978125074762e-03	4.621925e-01
2.408743750074761e-03	4.557213e-01
2.418509375074761e-03	4.483625e-01
2.423392187574761e-03	4.443125e-01
2.428275000074761e-03	4.399936e-01
2.438040625074761e-03	4.304769e-01
2.442923437574761e-03	4.252414e-01
2.447806250074761e-03	4.196616e-01
2.452689062574761e-03	4.137172e-01
2.457571875074760e-03	4.073881e-01
2.462454687574760e-03	4.006542e-01
2.467337500074760e-03	3.934961e-01
2.472220312574760e-03	3.858951e-01
2.477103125074760e-03	3.778342e-01
2.481985937574760e-03	3.692976e-01
2.486868750074760e-03	3.602720e-01
2.491751562574760e-03	3.507463e-01
2.496634375074760e-03	3.407118e-01
2.501517187574760e-03	3.301632e-01
2.506400000074759e-03	3.190974e-01
2.511282812574759e-03	3.075149e-01
2.516165625074759e-03	2.954187e-01
2.521048437574759e-03	2.828148e-01
2.525931250074759e-03	2.697116e-01
2.530814062574759e-03	2.561199e-01
2.535696875074759e-03	2.420526e-01
2.540579687574759e-03	2.275246e-01
2.545462500074759e-03	2.125520e-01
2.550345312574758e-03	1.971526e-01
2.555228125074758e-03	1.813450e-01
2.560110937574758e-03	1.651489e-01
2.564993750074758e-03	1.485846e-01
2.569876562574758e-03	1.316731e-01
2.574759375074758e-03	1.144357e-01
2.579642187574758e-03	9.689431e-02
2.584525000074758e-03	7.907082e-02
2.594290625074758e-03	4.266694e-02
2.599173437574757e-03	2.413154e-02
2.604056250074757e-03	5.403996e-03
2.608939062574757e-03	-1.349297e-02
2.618704687574757e-03	-5.170409e-02
2.623587500074757e-03	-7.097263e-02
2.628470312574757e-03	-9.031938e-02
2.633353125074757e-03	-1.097214e-01
2.638235937574757e-03	-1.291558e-01
2.643118750074757e-03	-1.485995e-01
2.648001562574756e-03	-1.680290e-01
2.652884375074756e-03	-1.874206e-01
2.657767187574756e-03	-2.067499e-01
2.662650000074756e-03	-2.259912e-01
2.667532812574756e-03	-2.451174e-01
2.672415625074756e-03	-2.640986e-01
2.677298437574756e-03	-2.829011e-01
2.682181250074756e-03	-3.014858e-01
2.687064062574756e-03	-3.198052e-01
2.691946875074755e-03	-3.378007e-01
2.696829687574755e-03	-3.553979e-01
2.701712500074755e-03	-3.725029e-01
2.706595312574755e-03	-3.889968e-01
2.711478125074755e-03	-4.047340e-01
2.716360937574755e-03	-4.195427e-01
2.721243750074755e-03	-4.332346e-01
2.726126562574755e-03	-4.456219e-01
2.731009375074755e-03	-4.565448e-01
2.740775000074754e-03	-4.736663e-01
2.745657812574754e-03	-4.799072e-01
2.750540625074754e-03	-4.847637e-01
2.755423437574754e-03	-4.884252e-01
2.760306250074754e-03	-4.910992e-01
2.765189062574754e-03	-4.929850e-01
2.770071875074754e-03	-4.942566e-01
2.774954687574754e-03	-4.950562e-01
2.779837500074754e-03	-4.954938e-01
2.784720312574753e-03	-4.956515e-01
2.789603125074753e-03	-4.955890e-01
2.794485937574753e-03	-4.953485e-01
2.799368750074753e-03	-4.949592e-01
2.804251562574753e-03	-4.944412e-01
2.809134375074753e-03	-4.938075e-01
2.818900000074753e-03	-4.922239e-01
2.833548437574752e-03	-4.890991e-01
2.848196875074752e-03	-4.850567e-01
2.857962500074752e-03	-4.818102e-01
2.867728125074752e-03	-4.780767e-01
2.877493750074752e-03	-4.738055e-01
2.887259375074751e-03	-4.689346e-01
2.897025000074751e-03	-4.633898e-01
2.906790625074751e-03	-4.570830e-01
2.916556250074751e-03	-4.499109e-01
2.921439062574751e-03	-4.459638e-01
2.926321875074750e-03	-4.417545e-01
2.936087500074750e-03	-4.324791e-01
2.940970312574750e-03	-4.273758e-01
2.945853125074750e-03	-4.219361e-01
2.950735937574750e-03	-4.161400e-01
2.955618750074750e-03	-4.099672e-01
2.960501562574750e-03	-4.033976e-01
2.965384375074750e-03	-3.964115e-01
2.970267187574750e-03	-3.889898e-01
2.975150000074749e-03	-3.811148e-01
2.980032812574749e-03	-3.727702e-01
2.984915625074749e-03	-3.639417e-01
2.989798437574749e-03	-3.546172e-01
2.994681250074749e-03	-3.447871e-01
2.999564062574749e-03	-3.344446e-01
3.004446875074749e-03	-3.235858e-01
3.009329687574749e-03	-3.122098e-01
3.014212500074749e-03	-3.003185e-01
3.019095312574748e-03	-2.879168e-01
3.023978125074748e-03	-2.750121e-01
3.028860937574748e-03	-2.616144e-01
3.033743750074748e-03	-2.477357e-01
3.038626562574748e-03	-2.333901e-01
3.043509375074748e-03	-2.185933e-01
3.048392187574748e-03	-2.033624e-01
3.053275000074748e-03	-1.877158e-01
3.058157812574748e-03	-1.716727e-01
3.063040625074748e-03	-1.552532e-01
3.067923437574747e-03	-1.384780e-01
3.072806250074747e-03	-1.213684e-01
3.077689062574747e-03	-1.039460e-01
3.082571875074747e-03	-8.623263e-02
3.092337500074747e-03	-5.002222e-02
3.097220312574747e-03	-3.157002e-02
3.102103125074747e-03	-1.291662e-02
3.106985937574747e-03	5.915308e-03
3.116751562574746e-03	4.402369e-02
3.126517187574746e-03	8.257276e-02
3.131400000074746e-03	1.019554e-01
3.136282812574746e-03	1.213797e-01
3.141165625074746e-03	1.408224e-01
3.146048437574746e-03	1.602604e-01
3.150931250074746e-03	1.796701e-01
3.155814062574746e-03	1.990273e-01
3.160696875074745e-03	2.183069e-01
3.165579687574745e-03	2.374825e-01
3.170462500074745e-03	2.565255e-01
3.175345312574745e-03	2.754039e-01
3.180228125074745e-03	2.940809e-01
3.185110937574745e-03	3.125128e-01
3.189993750074745e-03	3.306457e-01
3.194876562574745e-03	3.484123e-01
3.199759375074745e-03	3.657270e-01
3.204642187574745e-03	3.824813e-01
3.209525000074744e-03	3.985404e-01
3.214407812574744e-03	4.137425e-01
3.219290625074744e-03	4.279041e-01
3.224173437574744e-03	4.408347e-01
3.229056250074744e-03	4.523596e-01
3.238821875074744e-03	4.707484e-01
3.243704687574744e-03	4.775863e-01
3.248587500074744e-03	4.829758e-01
3.253470312574743e-03	4.870908e-01
3.258353125074743e-03	4.901350e-01
3.263235937574743e-03	4.923135e-01
3.268118750074743e-03	4.938118e-01
3.273001562574743e-03	4.947853e-01
3.277884375074743e-03	4.953564e-01
3.282767187574743e-03	4.956177e-01
3.287650000074743e-03	4.956374e-01
3.292532812574743e-03	4.954640e-01
3.297415625074743e-03	4.951313e-01
3.302298437574742e-03	4.946629e-01
3.307181250074742e-03	4.940742e-01
3.312064062574742e-03	4.933755e-01
3.326712500074742e-03	4.906685e-01
3.341360937574742e-03	4.870616e-01
3.351126562574741e-03	4.841313e-01
3.360892187574741e-03	4.807434e-01
3.370657812574741e-03	4.768544e-01
3.380423437574741e-03	4.724103e-01
3.390189062574741e-03	4.673457e-01
3.399954687574740e-03	4.615822e-01
3.409720312574740e-03	4.550273e-01
3.419485937574740e-03	4.475732e-01
3.424368750074740e-03	4.434708e-01
3.429251562574740e-03	4.390959e-01
3.439017187574740e-03	4.294564e-01
3.443900000074739e-03	4.241536e-01
3.448782812574739e-03	4.185025e-01
3.453665625074739e-03	4.124828e-01
3.458548437574739e-03	4.060744e-01
3.463431250074739e-03	3.992572e-01
3.468314062574739e-03	3.920119e-01
3.473196875074739e-03	3.843203e-01
3.478079687574739e-03	3.761654e-01
3.482962500074739e-03	3.675320e-01
3.487845312574738e-03	3.584072e-01
3.492728125074738e-03	3.487803e-01
3.497610937574738e-03	3.386434e-01
3.502493750074738e-03	3.279914e-01
3.507376562574738e-03	3.168222e-01
3.512259375074738e-03	3.051366e-01
3.517142187574738e-03	2.929383e-01
3.522025000074738e-03	2.802338e-01
3.526907812574738e-03	2.670319e-01
3.531790625074738e-03	2.533440e-01
3.536673437574737e-03	2.391834e-01
3.541556250074737e-03	2.245651e-01
3.546439062574737e-03	2.095057e-01
3.551321875074737e-03	1.940231e-01
3.556204687574737e-03	1.781362e-01
3.561087500074737e-03	1.618648e-01
3.565970312574737e-03	1.452294e-01
3.570853125074737e-03	1.282510e-01
3.575735937574737e-03	1.109511e-01
3.580618750074737e-03	9.335146e-02
3.585501562574736e-03	7.547423e-02
3.595267187574736e-03	3.897632e-02
3.600150000074736e-03	2.040068e-02
3.605032812574736e-03	1.637429e-03
3.609915625074736e-03	-1.729069e-02
3.619681250074736e-03	-5.555044e-02
3.624564062574736e-03	-7.483646e-02
3.629446875074735e-03	-9.419610e-02
3.634329687574735e-03	-1.136065e-01
3.639212500074735e-03	-1.330446e-01
3.644095312574735e-03	-1.524873e-01
3.648978125074735e-03	-1.719111e-01
3.653860937574735e-03	-1.912923e-01
3.658743750074735e-03	-2.106060e-01
3.663626562574735e-03	-2.298266e-01
3.668509375074735e-03	-2.489262e-01
3.673392187574735e-03	-2.678745e-01
3.678275000074734e-03	-2.866369e-01
3.683157812574734e-03	-3.051726e-01
3.688040625074734e-03	-3.234324e-01
3.692923437574734e-03	-3.413547e-01
3.697806250074734e-03	-3.588617e-01
3.702689062574734e-03	-3.758548e-01
3.707571875074734e-03	-3.922099e-01
3.712454687574734e-03	-4.077758e-01
3.717337500074734e-03	-4.223766e-01
3.722220312574734e-03	-4.358221e-01
3.727103125074733e-03	-4.479279e-01
3.731985937574733e-03	-4.585432e-01
3.741751562574733e-03	-4.750329e-01
3.746634375074733e-03	-4.809837e-01
3.751517187574733e-03	-4.855850e-01
3.756400000074733e-03	-4.890324e-01
3.761282812574733e-03	-4.915335e-01
3.766165625074733e-03	-4.932835e-01
3.771048437574732e-03	-4.944504e-01
3.775931250074732e-03	-4.951697e-01
3.780814062574732e-03	-4.955455e-01
3.785696875074732e-03	-4.956551e-01
3.790579687574732e-03	-4.955541e-01
3.795462500074732e-03	-4.952818e-01
3.800345312574732e-03	-4.948654e-01
3.805228125074732e-03	-4.943233e-01
3.810110937574732e-03	-4.936677e-01
3.819876562574731e-03	-4.920433e-01
3.834525000074731e-03	-4.888588e-01
3.844290625074731e-03	-4.862284e-01
3.854056250074731e-03	-4.831648e-01
3.863821875074730e-03	-4.796315e-01
3.873587500074730e-03	-4.755822e-01
3.883353125074730e-03	-4.709594e-01
3.893118750074730e-03	-4.656939e-01
3.902884375074730e-03	-4.597034e-01
3.912650000074729e-03	-4.528908e-01
3.922415625074729e-03	-4.451435e-01
3.927298437574729e-03	-4.408797e-01
3.937064062574729e-03	-4.314844e-01
3.941946875074729e-03	-4.263154e-01
3.946829687574729e-03	-4.208061e-01
3.951712500074729e-03	-4.149362e-01
3.956595312574729e-03	-4.086857e-01
3.961478125074728e-03	-4.020343e-01
3.966360937574728e-03	-3.949625e-01
3.971243750074728e-03	-3.874516e-01
3.976126562574728e-03	-3.794839e-01
3.981009375074728e-03	-3.710437e-01
3.985892187574728e-03	-3.621168e-01
3.990775000074728e-03	-3.526919e-01
3.995657812574728e-03	-3.427597e-01
4.000540625074728e-03	-3.323142e-01
4.005423437574727e-03	-3.213519e-01
4.010306250074727e-03	-3.098726e-01
4.015189062574727e-03	-2.978788e-01
4.020071875074727e-03	-2.853758e-01
4.024954687574727e-03	-2.723716e-01
4.029837500074727e-03	-2.588767e-01
4.034720312574727e-03	-2.449034e-01
4.039603125074727e-03	-2.304663e-01
4.044485937574727e-03	-2.155813e-01
4.049368750074727e-03	-2.002657e-01
4.054251562574726e-03	-1.845382e-01
4.059134375074726e-03	-1.684182e-01
4.064017187574726e-03	-1.519259e-01
4.068900000074726e-03	-1.350822e-01
4.073782812574726e-03	-1.179082e-01
4.078665625074726e-03	-1.004259e-01
4.083548437574726e-03	-8.265701e-02
4.093314062574726e-03	-4.634897e-02
4.098196875074725e-03	-2.785471e-02
4.103079687574725e-03	-9.163786e-03
4.107962500074725e-03	9.701114e-03
4.117728125074725e-03	4.786178e-02
4.122610937574725e-03	6.711194e-02
4.127493750074725e-03	8.644487e-02
4.132376562574725e-03	1.058377e-01
4.137259375074725e-03	1.252675e-01
4.142142187574725e-03	1.447111e-01
4.147025000074724e-03	1.641454e-01
4.151907812574724e-03	1.835465e-01
4.156790625074724e-03	2.028902e-01
4.161673437574724e-03	2.221512e-01
4.166556250074724e-03	2.413027e-01
4.171439062574724e-03	2.603154e-01
4.176321875074724e-03	2.791567e-01
4.181204687574724e-03	2.977884e-01
4.186087500074724e-03	3.161652e-01
4.190970312574724e-03	3.342308e-01
4.195853125074723e-03	3.519145e-01
4.200735937574723e-03	3.691266e-01
4.205618750074723e-03	3.857535e-01
4.210501562574723e-03	4.016550e-01
4.215384375074723e-03	4.166642e-01
4.220267187574723e-03	4.305947e-01
4.225150000074723e-03	4.432571e-01
4.230032812574723e-03	4.544833e-01
4.239798437574722e-03	4.722384e-01
4.244681250074722e-03	4.787752e-01
4.249564062574722e-03	4.838945e-01
4.254446875074722e-03	4.877785e-01
4.259329687574722e-03	4.906336e-01
4.264212500074722e-03	4.926621e-01
4.269095312574722e-03	4.940442e-01
4.273978125074722e-03	4.949283e-01
4.278860937574722e-03	4.954309e-01
4.283743750074722e-03	4.956392e-01
4.288626562574721e-03	4.956169e-01
4.293509375074721e-03	4.954093e-01
4.298392187574721e-03	4.950479e-01
4.303275000074721e-03	4.945543e-01
4.308157812574721e-03	4.939430e-01
4.317923437574721e-03	4.924005e-01
4.332571875074720e-03	4.893353e-01
4.347220312574720e-03	4.853563e-01
4.356985937574720e-03	4.821560e-01
4.366751562574720e-03	4.784733e-01
4.376517187574720e-03	4.742585e-01
4.386282812574719e-03	4.694507e-01
4.396048437574719e-03	4.639770e-01
4.405814062574719e-03	4.577508e-01
4.415579687574719e-03	4.506703e-01
4.420462500074719e-03	4.467737e-01
4.425345312574719e-03	4.426182e-01
4.430228125074718e-03	4.381867e-01
4.439993750074718e-03	4.284227e-01
4.444876562574718e-03	4.230520e-01
4.449759375074718e-03	4.173287e-01
4.454642187574718e-03	4.112329e-01
4.459525000074718e-03	4.047443e-01
4.464407812574718e-03	3.978429e-01
4.469290625074718e-03	3.905098e-01
4.474173437574717e-03	3.827269e-01
4.479056250074717e-03	3.744774e-01
4.483939062574717e-03	3.657467e-01
4.488821875074717e-03	3.565223e-01
4.493704687574717e-03	3.467939e-01
4.498587500074717e-03	3.365543e-01
4.503470312574717e-03	3.257989e-01
4.508353125074717e-03	3.145263e-01
4.513235937574717e-03	3.027378e-01
4.518118750074717e-03	2.904377e-01
4.523001562574716e-03	2.776329e-01
4.527884375074716e-03	2.643328e-01
4.532767187574716e-03	2.505493e-01
4.537650000074716e-03	2.362958e-01
4.542532812574716e-03	2.215879e-01
4.547415625074716e-03	2.064424e-01
4.552298437574716e-03	1.908774e-01
4.557181250074716e-03	1.749121e-01
4.562064062574716e-03	1.585662e-01
4.566946875074715e-03	1.418605e-01
4.571829687574715e-03	1.248160e-01
4.576712500074715e-03	1.074544e-01
4.581595312574715e-03	8.979751e-02
4.591360937574715e-03	5.368653e-02
4.596243750074715e-03	3.527729e-02
4.601126562574715e-03	1.666231e-02
4.606009375074715e-03	-2.135733e-03
4.610892187574715e-03	-2.109409e-02
4.620657812574714e-03	-5.940066e-02
4.625540625074714e-03	-7.870322e-02
4.630423437574714e-03	-9.807485e-02
4.635306250074714e-03	-1.174926e-01
4.640189062574714e-03	-1.369335e-01
4.645071875074714e-03	-1.563743e-01
4.649954687574714e-03	-1.757916e-01
4.654837500074714e-03	-1.951612e-01
4.659720312574714e-03	-2.144584e-01
4.664603125074713e-03	-2.336571e-01
4.669485937574713e-03	-2.527290e-01
4.674368750074713e-03	-2.716431e-01
4.679251562574713e-03	-2.903636e-01
4.684134375074713e-03	-3.088484e-01
4.689017187574713e-03	-3.270460e-01
4.693900000074713e-03	-3.448921e-01
4.698782812574713e-03	-3.623050e-01
4.703665625074713e-03	-3.791813e-01
4.708548437574712e-03	-3.953916e-01
4.713431250074712e-03	-4.107792e-01
4.718314062574712e-03	-4.251643e-01
4.723196875074712e-03	-4.383559e-01
4.728079687574712e-03	-4.501741e-01
4.732962500074712e-03	-4.604783e-01
4.737845312574712e-03	-4.691958e-01
4.742728125074712e-03	-4.763392e-01
4.747610937574712e-03	-4.820061e-01
4.752493750074712e-03	-4.863602e-01
4.757376562574711e-03	-4.896017e-01
4.762259375074711e-03	-4.919377e-01
4.767142187574711e-03	-4.935587e-01
4.772025000074711e-03	-4.946263e-01
4.776907812574711e-03	-4.952695e-01
4.781790625074711e-03	-4.955867e-01
4.786673437574711e-03	-4.956503e-01
4.791556250074711e-03	-4.955123e-01
4.796439062574711e-03	-4.952093e-01
4.801321875074710e-03	-4.947666e-01
4.806204687574710e-03	-4.942010e-01
4.811087500074710e-03	-4.935237e-01
4.825735937574710e-03	-4.908767e-01
4.840384375074710e-03	-4.873309e-01
4.850150000074709e-03	-4.844443e-01
4.859915625074709e-03	-4.811039e-01
4.869681250074709e-03	-4.772673e-01
4.879446875074709e-03	-4.728815e-01
4.889212500074709e-03	-4.678822e-01
4.898978125074708e-03	-4.621925e-01
4.908743750074708e-03	-4.557213e-01
4.913626562574708e-03	-4.521601e-01
4.923392187574708e-03	-4.443125e-01
4.928275000074708e-03	-4.399936e-01
4.938040625074708e-03	-4.304769e-01
4.942923437574707e-03	-4.252414e-01
4.947806250074707e-03	-4.196616e-01
4.952689062574707e-03	-4.137172e-01
4.957571875074707e-03	-4.073881e-01
4.962454687574707e-03	-4.006542e-01
4.967337500074707e-03	-3.934961e-01
4.972220312574707e-03	-3.858951e-01
4.977103125074707e-03	-3.778342e-01
4.981985937574707e-03	-3.692976e-01
4.986868750074707e-03	-3.602720e-01
4.991751562574706e-03	-3.507463e-01
4.996634375074706e-03	-3.407519e-01
5.000000000000000e-03	-3.336255e-01
