Freq.	V(vout)
2.00000000000000e+01	9.92162837610491e-01,-7.92671235870351e-02
2.01391110011344e+01	9.92075001971812e-01,-7.98114037470728e-02
2.02791895958006e+01	9.91985956071132e-01,-8.03593224835594e-02
2.04202425141439e+01	9.91895683455813e-01,-8.09109020569909e-02
2.05622765331213e+01	9.91804167455789e-01,-8.14661648202255e-02
2.07052984768276e+01	9.91711391180866e-01,-8.20251332178682e-02
2.08493152168224e+01	9.91617337517994e-01,-8.25878297856261e-02
2.09943336724614e+01	9.91521989128511e-01,-8.31542771496341e-02
2.11403608112276e+01	9.91425328445361e-01,-8.37244980257509e-02
2.12874036490672e+01	9.91327337670275e-01,-8.42985152188234e-02
2.14354692507259e+01	9.91227998770932e-01,-8.48763516219210e-02
2.15845647300886e+01	9.91127293478085e-01,-8.54580302155359e-02
2.17346972505212e+01	9.91025203282662e-01,-8.60435740667517e-02
2.18858740252148e+01	9.90921709432828e-01,-8.66330063283779e-02
2.20381023175322e+01	9.90816792931033e-01,-8.72263502380500e-02
2.21913894413569e+01	9.90710434531013e-01,-8.78236291172946e-02
2.23457427614444e+01	9.90602614734776e-01,-8.84248663705585e-02
2.25011696937762e+01	9.90493313789548e-01,-8.90300854842008e-02
2.26576777059160e+01	9.90382511684694e-01,-8.96393100254479e-02
2.28152743173685e+01	9.90270188148604e-01,-9.02525636413106e-02
2.29739670999407e+01	9.90156322645557e-01,-9.08698700574606e-02
2.31337636781058e+01	9.90040894372544e-01,-9.14912530770687e-02
2.32946717293691e+01	9.89923882256073e-01,-9.21167365796014e-02
2.34566989846376e+01	9.89805264948929e-01,-9.27463445195759e-02
2.36198532285906e+01	9.89685020826917e-01,-9.33801009252724e-02
2.37841423000545e+01	9.89563127985567e-01,-9.40180298974035e-02
2.39495740923786e+01	9.89439564236810e-01,-9.46601556077387e-02
2.41161565538152e+01	9.89314307105623e-01,-9.53065022976841e-02
2.42838976879010e+01	9.89187333826644e-01,-9.59570942768155e-02
2.44528055538414e+01	9.89058621340757e-01,-9.66119559213644e-02
2.46228882668984e+01	9.88928146291646e-01,-9.72711116726564e-02
2.47941539987798e+01	9.88795885022315e-01,-9.79345860354999e-02
2.49666109780323e+01	9.88661813571585e-01,-9.86024035765248e-02
2.51402674904366e+01	9.88525907670552e-01,-9.92745889224704e-02
2.53151318794057e+01	9.88388142739019e-01,-9.99511667584206e-02
2.54912125463853e+01	9.88248493881901e-01,-1.00632161825987e-01
2.56685179512581e+01	9.88106935885589e-01,-1.01317598921436e-01
2.58470566127499e+01	9.87963443214296e-01,-1.02007502893762e-01
2.60268371088387e+01	9.87817990006364e-01,-1.02701898642705e-01
2.62078680771673e+01	9.87670550070545e-01,-1.03400811116707e-01
2.63901582154580e+01	9.87521096882252e-01,-1.04104265310813e-01
2.65737162819303e+01	9.87369603579779e-01,-1.04812286264513e-01
2.67585510957223e+01	9.87216042960490e-01,-1.05524899059518e-01
2.69446715373139e+01	9.87060387476985e-01,-1.06242128817481e-01
2.71320865489535e+01	9.86902609233228e-01,-1.06964000697646e-01
2.73208051350880e+01	9.86742679980653e-01,-1.07690539894443e-01
2.75108363627950e+01	9.86580571114237e-01,-1.08421771635006e-01
2.77021893622186e+01	9.86416253668546e-01,-1.09157721176631e-01
2.78948733270082e+01	9.86249698313755e-01,-1.09898413804166e-01
2.80888975147600e+01	9.86080875351634e-01,-1.10643874827327e-01
2.82842712474620e+01	9.85909754711516e-01,-1.11394129577944e-01
2.84810039119415e+01	9.85736305946225e-01,-1.12149203407140e-01
2.86791049603166e+01	9.85560498227990e-01,-1.12909121682430e-01
2.88785839104500e+01	9.85382300344322e-01,-1.13673909784746e-01
2.90794503464063e+01	9.85201680693874e-01,-1.14443593105392e-01
2.92817139189126e+01	9.85018607282266e-01,-1.15218197042911e-01
2.94853843458221e+01	9.84833047717891e-01,-1.15997746999880e-01
2.96904714125811e+01	9.84644969207695e-01,-1.16782268379625e-01
2.98969849726989e+01	9.84454338552933e-01,-1.17571786582849e-01
3.01049349482215e+01	9.84261122144897e-01,-1.18366327004181e-01
3.03143313302081e+01	9.84065285960627e-01,-1.19165915028635e-01
3.05251841792113e+01	9.83866795558596e-01,-1.19970576027988e-01
3.07375036257604e+01	9.83665616074373e-01,-1.20780335357070e-01
3.09512998708479e+01	9.83461712216265e-01,-1.21595218349957e-01
3.11665831864201e+01	9.83255048260936e-01,-1.22415250316080e-01
3.13833639158702e+01	9.83045588049014e-01,-1.23240456536242e-01
3.16016524745352e+01	9.82833294980668e-01,-1.24070862258533e-01
3.18214593501969e+01	9.82618132011171e-01,-1.24906492694159e-01
3.20427951035850e+01	9.82400061646451e-01,-1.25747373013165e-01
3.22656703688852e+01	9.82179045938613e-01,-1.26593528340064e-01
3.24900958542496e+01	9.81955046481456e-01,-1.27444983749364e-01
3.27160823423114e+01	9.81728024405972e-01,-1.28301764260991e-01
3.29436406907031e+01	9.81497940375824e-01,-1.29163894835609e-01
3.31727818325778e+01	9.81264754582821e-01,-1.30031400369837e-01
3.34035167771350e+01	9.81028426742374e-01,-1.30904305691350e-01
3.36358566101488e+01	9.80788916088946e-01,-1.31782635553880e-01
3.38698124945013e+01	9.80546181371484e-01,-1.32666414632101e-01
3.41053956707185e+01	9.80300180848852e-01,-1.33555667516402e-01
3.43426174575103e+01	9.80050872285250e-01,-1.34450418707546e-01
3.45814892523148e+01	9.79798212945629e-01,-1.35350692611209e-01
3.48220225318452e+01	9.79542159591097e-01,-1.36256513532407e-01
3.50642288526416e+01	9.79282668474331e-01,-1.37167905669797e-01
3.53081198516264e+01	9.79019695334972e-01,-1.38084893109861e-01
3.55537072466630e+01	9.78753195395036e-01,-1.39007499820961e-01
3.58010028371191e+01	9.78483123354306e-01,-1.39935749647272e-01
3.60500185044334e+01	9.78209433385750e-01,-1.40869666302587e-01
3.63007662126867e+01	9.77932079130916e-01,-1.41809273363990e-01
3.65532580091762e+01	9.77651013695355e-01,-1.42754594265403e-01
3.68075060249952e+01	9.77366189644039e-01,-1.43705652290992e-01
3.70635224756151e+01	9.77077558996789e-01,-1.44662470568445e-01
3.73213196614725e+01	9.76785073223718e-01,-1.45625072062109e-01
3.75809099685607e+01	9.76488683240680e-01,-1.46593479565992e-01
3.78423058690241e+01	9.76188339404739e-01,-1.47567715696616e-01
3.81055199217578e+01	9.75883991509652e-01,-1.48547802885734e-01
3.83705647730108e+01	9.75575588781372e-01,-1.49533763372905e-01
3.86374531569941e+01	9.75263079873567e-01,-1.50525619197909e-01
3.89061978964917e+01	9.74946412863166e-01,-1.51523392193029e-01
3.91768119034774e+01	9.74625535245933e-01,-1.52527103975174e-01
3.94493081797347e+01	9.74300393932056e-01,-1.53536775937845e-01
3.97236998174817e+01	9.73970935241783e-01,-1.54552429242960e-01
4.00000000000003e+01	9.73637104901073e-01,-1.55574084812508e-01
4.02782220022691e+01	9.73298848037296e-01,-1.56601763320053e-01
4.05583791916015e+01	9.72956109174959e-01,-1.57635485182077e-01
4.08404850282880e+01	9.72608832231482e-01,-1.58675270549156e-01
4.11245530662430e+01	9.72256960513006e-01,-1.59721139296977e-01
4.14105969536554e+01	9.71900436710257e-01,-1.60773111017183e-01
4.16986304336452e+01	9.71539202894453e-01,-1.61831205008059e-01
4.19886673449230e+01	9.71173200513260e-01,-1.62895440265037e-01
4.22807216224556e+01	9.70802370386811e-01,-1.63965835471036e-01
4.25748072981347e+01	9.70426652703771e-01,-1.65042408986627e-01
4.28709385014521e+01	9.70045987017477e-01,-1.66125178840022e-01
4.31691294601774e+01	9.69660312242130e-01,-1.67214162716883e-01
4.34693945010427e+01	9.69269566649061e-01,-1.68309377949956e-01
4.37717480504299e+01	9.68873687863065e-01,-1.69410841508523e-01
4.40762046350648e+01	9.68472612858816e-01,-1.70518569987666e-01
4.43827788827142e+01	9.68066277957352e-01,-1.71632579597354e-01
4.46914855228892e+01	9.67654618822649e-01,-1.72752886151336e-01
4.50023393875528e+01	9.67237570458277e-01,-1.73879505055857e-01
4.53153554118323e+01	9.66815067204152e-01,-1.75012451298168e-01
4.56305486347374e+01	9.66387042733371e-01,-1.76151739434860e-01
4.59479341998818e+01	9.65953430049161e-01,-1.77297383580000e-01
4.62675273562119e+01	9.65514161481916e-01,-1.78449397393065e-01
4.65893434587387e+01	9.65069168686351e-01,-1.79607794066694e-01
4.69133979692756e+01	9.64618382638761e-01,-1.80772586314232e-01
4.72397064571817e+01	9.64161733634403e-01,-1.81943786357077e-01
4.75682846001093e+01	9.63699151284993e-01,-1.83121405911834e-01
4.78991481847576e+01	9.63230564516329e-01,-1.84305456177257e-01
4.82323131076309e+01	9.62755901566048e-01,-1.85495947820993e-01
4.85677953758023e+01	9.62275089981515e-01,-1.86692890966130e-01
4.89056111076832e+01	9.61788056617858e-01,-1.87896295177525e-01
4.92457765337971e+01	9.61294727636139e-01,-1.89106169447936e-01
4.95883079975600e+01	9.60795028501685e-01,-1.90322522183950e-01
4.99332219560650e+01	9.60288883982575e-01,-1.91545361191690e-01
5.02805349808736e+01	9.59776218148280e-01,-1.92774693662330e-01
5.06302637588117e+01	9.59256954368487e-01,-1.94010526157386e-01
5.09824250927710e+01	9.58731015312077e-01,-1.95252864593805e-01
5.13370359025167e+01	9.58198322946299e-01,-1.96501714228846e-01
5.16941132255002e+01	9.57658798536123e-01,-1.97757079644740e-01
5.20536742176779e+01	9.57112362643780e-01,-1.99018964733145e-01
5.24157361543351e+01	9.56558935128509e-01,-2.00287372679395e-01
5.27803164309163e+01	9.55998435146500e-01,-2.01562305946523e-01
5.31474325638610e+01	9.55430781151055e-01,-2.02843766259086e-01
5.35171021914451e+01	9.54855890892956e-01,-2.04131754586767e-01
5.38893430746282e+01	9.54273681421071e-01,-2.05426271127779e-01
5.42641730979075e+01	9.53684069083176e-01,-2.06727315292039e-01
5.46416102701764e+01	9.53086969527027e-01,-2.08034885684151e-01
5.50216727255904e+01	9.52482297701666e-01,-2.09348980086164e-01
5.54043787244376e+01	9.51869967858985e-01,-2.10669595440128e-01
5.57897466540169e+01	9.51249893555553e-01,-2.11996727830439e-01
5.61777950295205e+01	9.50621987654697e-01,-2.13330372465977e-01
5.65685424949245e+01	9.49986162328869e-01,-2.14670523662036e-01
5.69620078238835e+01	9.49342329062289e-01,-2.16017174822051e-01
5.73582099206338e+01	9.48690398653875e-01,-2.17370318419121e-01
5.77571678209005e+01	9.48030281220477e-01,-2.18729945977327e-01
5.81589006928131e+01	9.47361886200411e-01,-2.20096048052855e-01
5.85634278378257e+01	9.46685122357303e-01,-2.21468614214917e-01
5.89707686916448e+01	9.45999897784265e-01,-2.22847633026475e-01
5.93809428251627e+01	9.45306119908387e-01,-2.24233092024780e-01
5.97939699453983e+01	9.44603695495576e-01,-2.25624977701705e-01
6.02098698964434e+01	9.43892530655737e-01,-2.27023275483907e-01
6.06286626604167e+01	9.43172530848313e-01,-2.28427969712791e-01
6.10503683584231e+01	9.42443600888179e-01,-2.29839043624299e-01
6.14750072515213e+01	9.41705644951917e-01,-2.31256479328517e-01
6.19025997416964e+01	9.40958566584470e-01,-2.32680257789111e-01
6.23331663728408e+01	9.40202268706181e-01,-2.34110358802591e-01
6.27667278317409e+01	9.39436653620236e-01,-2.35546760977405e-01
6.32033049490710e+01	9.38661623020509e-01,-2.36989441712877e-01
6.36429187003943e+01	9.37877077999828e-01,-2.38438377177986e-01
6.40855902071706e+01	9.37082919058667e-01,-2.39893542289988e-01
6.45313407377709e+01	9.36279046114268e-01,-2.41354910692896e-01
6.49801917084997e+01	9.35465358510211e-01,-2.42822454735818e-01
6.54321646846233e+01	9.34641755026437e-01,-2.44296145451158e-01
6.58872813814067e+01	9.33808133889735e-01,-2.45775952532687e-01
6.63455636651562e+01	9.32964392784696e-01,-2.47261844313493e-01
6.68070335542704e+01	9.32110428865155e-01,-2.48753787743810e-01
6.72717132202981e+01	9.31246138766122e-01,-2.50251748368745e-01
6.77396249890031e+01	9.30371418616210e-01,-2.51755690305894e-01
6.82107913414375e+01	9.29486164050575e-01,-2.53265576222869e-01
6.86852349150212e+01	9.28590270224382e-01,-2.54781367314741e-01
6.91629785046302e+01	9.27683631826789e-01,-2.56303023281395e-01
6.96440450636909e+01	9.26766143095473e-01,-2.57830502304826e-01
7.01284577052838e+01	9.25837697831712e-01,-2.59363761026370e-01
7.06162397032534e+01	9.24898189416011e-01,-2.60902754523881e-01
7.11074144933266e+01	9.23947510824302e-01,-2.62447436288874e-01
7.16020056742388e+01	9.22985554644724e-01,-2.63997758203630e-01
7.21000370088674e+01	9.22012213094977e-01,-2.65553670518283e-01
7.26015324253739e+01	9.21027378040278e-01,-2.67115121827897e-01
7.31065160183531e+01	9.20030941011920e-01,-2.68682059049546e-01
7.36150120499911e+01	9.19022793226442e-01,-2.70254427399404e-01
7.41270449512307e+01	9.18002825605420e-01,-2.71832170369861e-01
7.46426393229457e+01	9.16970928795889e-01,-2.73415229706679e-01
7.51618199371220e+01	9.15926993191404e-01,-2.75003545386197e-01
7.56846117380488e+01	9.14870908953745e-01,-2.76597055592597e-01
7.62110398435161e+01	9.13802566035287e-01,-2.78195696695254e-01
7.67411295460223e+01	9.12721854202020e-01,-2.79799403226166e-01
7.72749063139888e+01	9.11628663057256e-01,-2.81408107857509e-01
7.78123957929840e+01	9.10522882066003e-01,-2.83021741379289e-01
7.83536238069553e+01	9.09404400580034e-01,-2.84640232677154e-01
7.88986163594699e+01	9.08273107863648e-01,-2.86263508710341e-01
7.94473996349641e+01	9.07128893120137e-01,-2.87891494489800e-01
8.00000000000012e+01	9.05971645518954e-01,-2.89524113056500e-01
8.05564440045387e+01	9.04801254223604e-01,-2.91161285459942e-01
8.11167583832036e+01	9.03617608420257e-01,-2.92802930736887e-01
8.16809700565767e+01	9.02420597347080e-01,-2.94448965890322e-01
8.22491061324866e+01	9.01210110324314e-01,-2.96099305868689e-01
8.28211939073115e+01	8.99986036785084e-01,-2.97753863545380e-01
8.33972608672910e+01	8.98748266306952e-01,-2.99412549698535e-01
8.39773346898467e+01	8.97496688644226e-01,-3.01075272991154e-01
8.45614432449118e+01	8.96231193761011e-01,-3.02741939951534e-01
8.51496145962701e+01	8.94951671865028e-01,-3.04412454954076e-01
8.57418770029048e+01	8.93658013442186e-01,-3.06086720200460e-01
8.63382589203556e+01	8.92350109291917e-01,-3.07764635701217e-01
8.69387890020860e+01	8.91027850563283e-01,-3.09446099257727e-01
8.75434961008606e+01	8.89691128791847e-01,-3.11131006444658e-01
8.81524092701303e+01	8.88339835937309e-01,-3.12819250592866e-01
8.87655577654290e+01	8.86973864421917e-01,-3.14510722772786e-01
8.93829710457790e+01	8.85593107169650e-01,-3.16205311778341e-01
9.00046787751062e+01	8.84197457646166e-01,-3.17902904111376e-01
9.06307108236654e+01	8.82786809899522e-01,-3.19603383966662e-01
9.12610972694754e+01	8.81361058601663e-01,-3.21306633217482e-01
9.18958683997643e+01	8.79920099090674e-01,-3.23012531401824e-01
9.25350547124245e+01	8.78463827413800e-01,-3.24720955709214e-01
9.31786869174780e+01	8.76992140371217e-01,-3.26431780968213e-01
9.38267959385519e+01	8.75504935560573e-01,-3.28144879634592e-01
9.44794129143640e+01	8.74002111422260e-01,-3.29860121780233e-01
9.51365692002193e+01	8.72483567285452e-01,-3.31577375082759e-01
9.57982963695159e+01	8.70949203414865e-01,-3.33296504815945e-01
9.64646262152625e+01	8.69398921058260e-01,-3.35017373840908e-01
9.71355907516054e+01	8.67832622494660e-01,-3.36739842598137e-01
9.78112222153672e+01	8.66250211083292e-01,-3.38463769100359e-01
9.84915530675950e+01	8.64651591313224e-01,-3.40189008926287e-01
9.91766159951206e+01	8.63036668853704e-01,-3.41915415215282e-01
9.98664439121307e+01	8.61405350605176e-01,-3.43642838662938e-01
1.00561069961748e+02	8.59757544750972e-01,-3.45371127517633e-01
1.01260527517624e+02	8.58093160809658e-01,-3.47100127578080e-01
1.01964850185543e+02	8.56412109688024e-01,-3.48829682191882e-01
1.02674071805034e+02	8.54714303734698e-01,-3.50559632255149e-01
1.03388226451001e+02	8.52999656794379e-01,-3.52289816213187e-01
1.04107348435357e+02	8.51268084262655e-01,-3.54020070062287e-01
1.04831472308671e+02	8.49519503141408e-01,-3.55750227352659e-01
1.05560632861833e+02	8.47753832094760e-01,-3.57480119192518e-01
1.06294865127723e+02	8.45970991505570e-01,-3.59209574253369e-01
1.07034204382891e+02	8.44170903532436e-01,-3.60938418776504e-01
1.07778686149257e+02	8.42353492167194e-01,-3.62666476580756e-01
1.08528346195816e+02	8.40518683292881e-01,-3.64393569071512e-01
1.09283220540354e+02	8.38666404742144e-01,-3.66119515251049e-01
1.10043345451182e+02	8.36796586356067e-01,-3.67844131730183e-01
1.10808757448876e+02	8.34909160043384e-01,-3.69567232741284e-01
1.11579493308035e+02	8.33004059840062e-01,-3.71288630152671e-01
1.12355590059042e+02	8.31081221969207e-01,-3.73008133484419e-01
1.13137084989850e+02	8.29140584901281e-01,-3.74725549925599e-01
1.13924015647768e+02	8.27182089414583e-01,-3.76440684352985e-01
1.14716419841268e+02	8.25205678655973e-01,-3.78153339351234e-01
1.15514335641802e+02	8.23211298201795e-01,-3.79863315234591e-01
1.16317801385627e+02	8.21198896118972e-01,-3.81570410070117e-01
1.17126855675652e+02	8.19168423026235e-01,-3.83274419702475e-01
1.17941537383290e+02	8.17119832155439e-01,-3.84975137780298e-01
1.18761885650326e+02	8.15053079412943e-01,-3.86672355784149e-01
1.19587939890797e+02	8.12968123441003e-01,-3.88365863056110e-01
1.20419739792888e+02	8.10864925679145e-01,-3.90055446831006e-01
1.21257325320834e+02	8.08743450425461e-01,-3.91740892269281e-01
1.22100736716847e+02	8.06603664897808e-01,-3.93421982491565e-01
1.22950014503043e+02	8.04445539294847e-01,-3.95098498614917e-01
1.23805199483394e+02	8.02269046856878e-01,-3.96770219790791e-01
1.24666332745682e+02	8.00074163926445e-01,-3.98436923244710e-01
1.25533455663483e+02	7.97860870008632e-01,-4.00098384317692e-01
1.26406609898143e+02	7.95629147831023e-01,-4.01754376509408e-01
1.27285837400790e+02	7.93378983403281e-01,-4.03404671523113e-01
1.28171180414342e+02	7.91110366076269e-01,-4.05049039312334e-01
1.29062681475543e+02	7.88823288600697e-01,-4.06687248129340e-01
1.29960383417000e+02	7.86517747185213e-01,-4.08319064575396e-01
1.30864329369248e+02	7.84193741553898e-01,-4.09944253652800e-01
1.31774562762814e+02	7.81851275003119e-01,-4.11562578818717e-01
1.32691127330313e+02	7.79490354457668e-01,-4.13173802040801e-01
1.33614067108542e+02	7.77110990526141e-01,-4.14777683854616e-01
1.34543426440597e+02	7.74713197555511e-01,-4.16373983422844e-01
1.35479249978007e+02	7.72296993684810e-01,-4.17962458596290e-01
1.36421582682876e+02	7.69862400897902e-01,-4.19542865976664e-01
1.37370469830043e+02	7.67409445075250e-01,-4.21114960981147e-01
1.38325957009261e+02	7.64938156044648e-01,-4.22678497908720e-01
1.39288090127383e+02	7.62448567630849e-01,-4.24233230008259e-01
1.40256915410569e+02	7.59940717704023e-01,-4.25778909548373e-01
1.41232479406508e+02	7.57414648226996e-01,-4.27315287888974e-01
1.42214828986654e+02	7.54870405301214e-01,-4.28842115554565e-01
1.43204011348479e+02	7.52308039211352e-01,-4.30359142309222e-01
1.44200074017736e+02	7.49727604468539e-01,-4.31866117233260e-01
1.45203064850749e+02	7.47129159852106e-01,-4.33362788801548e-01
1.46213032036707e+02	7.44512768449829e-01,-4.34848904963453e-01
1.47230024099983e+02	7.41878497696581e-01,-4.36324213224392e-01
1.48254089902463e+02	7.39226419411356e-01,-4.37788460728957e-01
1.49285278645892e+02	7.36556609832586e-01,-4.39241394345581e-01
1.50323639874245e+02	7.33869149651708e-01,-4.40682760752710e-01
1.51369223476099e+02	7.31164124044921e-01,-4.42112306526462e-01
1.52422079687033e+02	7.28441622703061e-01,-4.43529778229706e-01
1.53482259092046e+02	7.25701739859558e-01,-4.44934922502548e-01
1.54549812627979e+02	7.22944574316403e-01,-4.46327486154167e-01
1.55624791585969e+02	7.20170229468083e-01,-4.47707216255961e-01
1.56707247613912e+02	7.17378813323413e-01,-4.49073860235955e-01
1.57797232718941e+02	7.14570438525228e-01,-4.50427165974422e-01
1.58894799269929e+02	7.11745222367872e-01,-4.51766881900668e-01
1.60000000000004e+02	7.08903286812442e-01,-4.53092757090925e-01
1.61112888009079e+02	7.06044758499727e-01,-4.54404541367299e-01
1.62233516766408e+02	7.03169768760796e-01,-4.55701985397713e-01
1.63361940113155e+02	7.00278453625203e-01,-4.56984840796783e-01
1.64498212264974e+02	6.97370953826736e-01,-4.58252860227576e-01
1.65642387814624e+02	6.94447414806692e-01,-4.59505797504172e-01
1.66794521734583e+02	6.91507986714623e-01,-4.60743407694972e-01
1.67954669379695e+02	6.88552824406510e-01,-4.61965447226687e-01
1.69122886489825e+02	6.85582087440343e-01,-4.63171673988928e-01
1.70299229192542e+02	6.82595940069046e-01,-4.64361847439336e-01
1.71483754005811e+02	6.79594551230741e-01,-4.65535728709173e-01
1.72676517840712e+02	6.76578094536291e-01,-4.66693080709303e-01
1.73877578004173e+02	6.73546748254119e-01,-4.67833668236477e-01
1.75086992201722e+02	6.70500695292251e-01,-4.68957258079858e-01
1.76304818540262e+02	6.67440123177577e-01,-4.70063619127696e-01
1.77531115530859e+02	6.64365224032297e-01,-4.71152522474068e-01
1.78765942091559e+02	6.61276194547538e-01,-4.72223741525621e-01
1.80009357550214e+02	6.58173235954118e-01,-4.73277052108204e-01
1.81261421647332e+02	6.55056553990453e-01,-4.74312232573332e-01
1.82522194538952e+02	6.51926358867581e-01,-4.75329063904379e-01
1.83791736799530e+02	6.48782865231307e-01,-4.76327329822417e-01
1.85070109424850e+02	6.45626292121461e-01,-4.77306816891614e-01
1.86357373834957e+02	6.42456862928256e-01,-4.78267314624111e-01
1.87653591877105e+02	6.39274805345757e-01,-4.79208615584263e-01
1.88958825828729e+02	6.36080351322463e-01,-4.80130515492188e-01
1.90273138400440e+02	6.32873737009000e-01,-4.81032813326509e-01
1.91596592739033e+02	6.29655202702944e-01,-4.81915311426205e-01
1.92929252430526e+02	6.26424992790778e-01,-4.82777815591483e-01
1.94271181503212e+02	6.23183355687011e-01,-4.83620135183584e-01
1.95622444430736e+02	6.19930543770458e-01,-4.84442083223414e-01
1.96983106135191e+02	6.16666813317726e-01,-4.85243476488938e-01
1.98353231990243e+02	6.13392424433915e-01,-4.86024135611216e-01
1.99732887824263e+02	6.10107640980568e-01,-4.86783885169013e-01
2.01122139923497e+02	6.06812730500901e-01,-4.87522553781889e-01
2.02521055035250e+02	6.03507964142354e-01,-4.88239974201669e-01
2.03929700371087e+02	6.00193616576490e-01,-4.88935983402222e-01
2.05348143610070e+02	5.96869965916293e-01,-4.89610422667446e-01
2.06776452902004e+02	5.93537293630910e-01,-4.90263137677391e-01
2.08214696870715e+02	5.90195884457871e-01,-4.90893978592412e-01
2.09662944617343e+02	5.86846026312862e-01,-4.91502800135294e-01
2.11121265723668e+02	5.83488010197082e-01,-4.92089461671252e-01
2.12589730255447e+02	5.80122130102257e-01,-4.92653827285718e-01
2.14068408765783e+02	5.76748682913362e-01,-4.93195765859865e-01
2.15557372298516e+02	5.73367968309119e-01,-4.93715151143762e-01
2.17056692391633e+02	5.69980288660338e-01,-4.94211861827096e-01
2.18566441080709e+02	5.66585948926160e-01,-4.94685781607397e-01
2.20086690902365e+02	5.63185256548292e-01,-4.95136799255682e-01
2.21617514897754e+02	5.59778521343290e-01,-4.95564808679454e-01
2.23158986616071e+02	5.56366055392977e-01,-4.95969708983002e-01
2.24711180118085e+02	5.52948172933073e-01,-4.96351404524913e-01
2.26274169979701e+02	5.49525190240118e-01,-4.96709804972767e-01
2.27848031295537e+02	5.46097425516774e-01,-4.97044825354933e-01
2.29432839682538e+02	5.42665198775589e-01,-4.97356386109419e-01
2.31028671283605e+02	5.39228831721320e-01,-4.97644413129731e-01
2.32635602771256e+02	5.35788647631887e-01,-4.97908837807680e-01
2.34253711351306e+02	5.32344971238072e-01,-4.98149597073102e-01
2.35883074766582e+02	5.28898128602047e-01,-4.98366633430437e-01
2.37523771300654e+02	5.25448446994819e-01,-4.98559894992141e-01
2.39175879781596e+02	5.21996254772704e-01,-4.98729335508883e-01
2.40839479585777e+02	5.18541881252919e-01,-4.98874914396506e-01
2.42514650641670e+02	5.15085656588390e-01,-4.98996596759704e-01
2.44201473433696e+02	5.11627911641888e-01,-4.99094353412417e-01
2.45900029006089e+02	5.08168977859581e-01,-4.99168160894894e-01
2.47610398966789e+02	5.04709187144108e-01,-4.99218001487425e-01
2.49332665491367e+02	5.01248871727294e-01,-4.99243863220716e-01
2.51066911326967e+02	4.97788364042577e-01,-4.99245739882903e-01
2.52813219796288e+02	4.94327996597291e-01,-4.99223631023190e-01
2.54571674801581e+02	4.90868101844871e-01,-4.99177541952116e-01
2.56342360828686e+02	4.87409012057113e-01,-4.99107483738440e-01
2.58125362951087e+02	4.83951059196575e-01,-4.99013473202657e-01
2.59920766834002e+02	4.80494574789241e-01,-4.98895532907149e-01
2.61728658738497e+02	4.77039889797528e-01,-4.98753691142977e-01
2.63549125525631e+02	4.73587334493760e-01,-4.98587981913335e-01
2.65382254660629e+02	4.70137238334205e-01,-4.98398444913680e-01
2.67228134217086e+02	4.66689929833770e-01,-4.98185125508564e-01
2.69086852881196e+02	4.63245736441465e-01,-4.97948074705185e-01
2.70958499956016e+02	4.59804984416733e-01,-4.97687349123695e-01
2.72843165365754e+02	4.56367998706733e-01,-4.97403010964290e-01
2.74740939660089e+02	4.52935102824699e-01,-4.97095127971120e-01
2.76651914018525e+02	4.49506618729441e-01,-4.96763773393064e-01
2.78576180254768e+02	4.46082866706102e-01,-4.96409025941396e-01
2.80513830821139e+02	4.42664165248263e-01,-4.96030969744406e-01
2.82464958813018e+02	4.39250830941467e-01,-4.95629694299014e-01
2.84429657973310e+02	4.35843178348284e-01,-4.95205294419426e-01
2.86408022696959e+02	4.32441519894968e-01,-4.94757870182898e-01
2.88400148035474e+02	4.29046165759819e-01,-4.94287526872651e-01
2.90406129701500e+02	4.25657423763311e-01,-4.93794374918012e-01
2.92426064073417e+02	4.22275599260085e-01,-4.93278529831828e-01
2.94460048199969e+02	4.18900995032867e-01,-4.92740112145231e-01
2.96508179804927e+02	4.15533911188395e-01,-4.92179247339815e-01
2.98570557291787e+02	4.12174645055426e-01,-4.91596065777300e-01
3.00647279748492e+02	4.08823491084893e-01,-4.90990702626749e-01
3.02738446952199e+02	4.05480740752275e-01,-4.90363297789414e-01
3.04844159374069e+02	4.02146682462247e-01,-4.89713995821298e-01
3.06964518184094e+02	3.98821601455669e-01,-4.89042945853490e-01
3.09099625255960e+02	3.95505779718973e-01,-4.88350301510375e-01
3.11249583171940e+02	3.92199495895999e-01,-4.87636220825789e-01
3.13414495227826e+02	3.88903025202343e-01,-4.86900866157197e-01
3.15594465437884e+02	3.85616639342244e-01,-4.86144404097998e-01
3.17789598539861e+02	3.82340606428080e-01,-4.85367005388019e-01
3.20000000000009e+02	3.79075190902498e-01,-4.84568844822301e-01
3.22225776018160e+02	3.75820653463223e-01,-4.83750101158261e-01
3.24467033532819e+02	3.72577250990582e-01,-4.82910957021314e-01
3.26723880226312e+02	3.69345236477769e-01,-4.82051598809049e-01
3.28996424529951e+02	3.66124858963896e-01,-4.81172216594048e-01
3.31284775629251e+02	3.62916363469835e-01,-4.80273004025438e-01
3.33589043469169e+02	3.59719990936889e-01,-4.79354158229264e-01
3.35909338759392e+02	3.56535978168305e-01,-4.78415879707781e-01
3.38245772979652e+02	3.53364557773647e-01,-4.77458372237744e-01
3.40598458385085e+02	3.50205958116042e-01,-4.76481842767804e-01
3.42967508011624e+02	3.47060403262305e-01,-4.75486501315081e-01
3.45353035681427e+02	3.43928112935958e-01,-4.74472560861018e-01
3.47755156008349e+02	3.40809302473139e-01,-4.73440237246605e-01
3.50173984403447e+02	3.37704182781402e-01,-4.72389749067054e-01
3.52609637080526e+02	3.34612960301408e-01,-4.71321317566022e-01
3.55062231061721e+02	3.31535836971509e-01,-4.70235166529469e-01
3.57531884183121e+02	3.28473010195196e-01,-4.69131522179230e-01
3.60018715100430e+02	3.25424672811418e-01,-4.68010613066404e-01
3.62522843294667e+02	3.22391013067757e-01,-4.66872669964623e-01
3.65044389077907e+02	3.19372214596431e-01,-4.65717925763307e-01
3.67583473599063e+02	3.16368456393113e-01,-4.64546615360970e-01
3.70140218849704e+02	3.13379912798545e-01,-4.63358975558670e-01
3.72714747669917e+02	3.10406753482920e-01,-4.62155244953679e-01
3.75307183754213e+02	3.07449143433006e-01,-4.60935663833451e-01
3.77917651657462e+02	3.04507242941980e-01,-4.59700474069963e-01
3.80546276800883e+02	3.01581207601944e-01,-4.58449919014511e-01
3.83193185478069e+02	2.98671188299088e-01,-4.57184243393025e-01
3.85858504861056e+02	2.95777331211463e-01,-4.55903693201988e-01
3.88542363006427e+02	2.92899777809328e-01,-4.54608515605015e-01
3.91244888861474e+02	2.90038664858027e-01,-4.53298958830164e-01
3.93966212270386e+02	2.87194124423362e-01,-4.51975272068059e-01
3.96706463980488e+02	2.84366283879408e-01,-4.50637705370862e-01
3.99465775648529e+02	2.81555265918735e-01,-4.49286509552183e-01
4.02244279846998e+02	2.78761188564985e-01,-4.47921936087976e-01
4.05042110070503e+02	2.75984165187754e-01,-4.46544237018470e-01
4.07859400742177e+02	2.73224304519735e-01,-4.45153664851216e-01
4.10696287220143e+02	2.70481710676069e-01,-4.43750472465275e-01
4.13552905804011e+02	2.67756483175845e-01,-4.42334913016614e-01
4.16429393741432e+02	2.65048716965710e-01,-4.40907239844767e-01
4.19325889234690e+02	2.62358502445522e-01,-4.39467706380784e-01
4.22242531447340e+02	2.59685925495997e-01,-4.38016566056537e-01
4.25179460510898e+02	2.57031067508289e-01,-4.36554072215414e-01
4.28136817531570e+02	2.54394005415461e-01,-4.35080478024434e-01
4.31114744597035e+02	2.51774811725761e-01,-4.33596036387846e-01
4.34113384783269e+02	2.49173554557683e-01,-4.32100999862220e-01
4.37132882161421e+02	2.46590297676716e-01,-4.30595620573079e-01
4.40173381804733e+02	2.44025100533754e-01,-4.29080150133100e-01
4.43235029795511e+02	2.41478018305087e-01,-4.27554839561920e-01
4.46317973232145e+02	2.38949101933922e-01,-4.26019939207555e-01
4.49422360236174e+02	2.36438398173377e-01,-4.24475698669486e-01
4.52548339959406e+02	2.33945949630884e-01,-4.22922366723404e-01
4.55696062591078e+02	2.31471794813938e-01,-4.21360191247658e-01
4.58865679365080e+02	2.29015968177141e-01,-4.19789419151416e-01
4.62057342567214e+02	2.26578500170479e-01,-4.18210296304553e-01
4.65271205542515e+02	2.24159417288764e-01,-4.16623067469285e-01
4.68507422702616e+02	2.21758742122201e-01,-4.15027976233560e-01
4.71766149533168e+02	2.19376493407998e-01,-4.13425264946220e-01
4.75047542601312e+02	2.17012686082979e-01,-4.11815174653932e-01
4.78351759563197e+02	2.14667331337136e-01,-4.10197945039912e-01
4.81678959171558e+02	2.12340436668060e-01,-4.08573814364431e-01
4.85029301283344e+02	2.10032005936200e-01,-4.06943019407118e-01
4.88402946867396e+02	2.07742039420887e-01,-4.05305795411051e-01
4.91800058012181e+02	2.05470533877080e-01,-4.03662376028650e-01
4.95220797933582e+02	2.03217482592758e-01,-4.02012993269352e-01
4.98665330982737e+02	2.00982875446931e-01,-4.00357877449085e-01
5.02133822653938e+02	1.98766698968195e-01,-3.98697257141513e-01
5.05626439592579e+02	1.96568936393787e-01,-3.97031359131076e-01
5.09143349603166e+02	1.94389567729094e-01,-3.95360408367779e-01
5.12684721657376e+02	1.92228569807553e-01,-3.93684627923760e-01
5.16250725902179e+02	1.90085916350910e-01,-3.92004238951595e-01
5.19841533668009e+02	1.87961578029763e-01,-3.90319460644346e-01
5.23457317476998e+02	1.85855522524376e-01,-3.88630510197337e-01
5.27098251051265e+02	1.83767714585686e-01,-3.86937602771629e-01
5.30764509321261e+02	1.81698116096476e-01,-3.85240951459208e-01
5.34456268434175e+02	1.79646686132666e-01,-3.83540767249834e-01
5.38173705762396e+02	1.77613381024672e-01,-3.81837258999562e-01
5.41916999912037e+02	1.75598154418798e-01,-3.80130633400901e-01
5.45686330731512e+02	1.73600957338621e-01,-3.78421094954599e-01
5.49481879320182e+02	1.71621738246324e-01,-3.76708845943028e-01
5.53303828037053e+02	1.69660443103936e-01,-3.74994086405149e-01
5.57152360509539e+02	1.67717015434452e-01,-3.73277014113047e-01
5.61027661642283e+02	1.65791396382787e-01,-3.71557824549983e-01
5.64929917626039e+02	1.63883524776528e-01,-3.69836710889983e-01
5.68859315946625e+02	1.61993337186465e-01,-3.68113863978897e-01
5.72816045393923e+02	1.60120767986840e-01,-3.66389472316933e-01
5.76800296070952e+02	1.58265749415312e-01,-3.64663722042630e-01
5.80812259403004e+02	1.56428211632590e-01,-3.62936796918239e-01
5.84852128146837e+02	1.54608082781703e-01,-3.61208878316500e-01
5.88920096399941e+02	1.52805289046895e-01,-3.59480145208772e-01
5.93016359609859e+02	1.51019754712096e-01,-3.57750774154503e-01
5.97141114583579e+02	1.49251402218959e-01,-3.56020939292007e-01
6.01294559496990e+02	1.47500152224432e-01,-3.54290812330513e-01
6.05476893904404e+02	1.45765923657841e-01,-3.52560562543477e-01
6.09688318748142e+02	1.44048633777463e-01,-3.50830356763108e-01
6.13929036368192e+02	1.42348198226567e-01,-3.49100359376095e-01
6.18199250511924e+02	1.40664531088899e-01,-3.47370732320496e-01
6.22499166343886e+02	1.38997544943595e-01,-3.45641635083773e-01
6.26828990455656e+02	1.37347150919507e-01,-3.43913224701926e-01
6.31188930875773e+02	1.35713258748913e-01,-3.42185655759721e-01
6.35579197079727e+02	1.34095776820610e-01,-3.40459080391961e-01
6.40000000000024e+02	1.32494612232358e-01,-3.38733648285786e-01
6.44451552036324e+02	1.30909670842674e-01,-3.37009506683963e-01
6.48934067065643e+02	1.29340857321960e-01,-3.35286800389156e-01
6.53447760452628e+02	1.27788075202944e-01,-3.33565671769115e-01
6.57992849059907e+02	1.26251226930430e-01,-3.31846260762798e-01
6.62569551258507e+02	1.24730213910347e-01,-3.30128704887356e-01
6.67178086938343e+02	1.23224936558084e-01,-3.28413139245981e-01
6.71818677518788e+02	1.21735294346101e-01,-3.26699696536587e-01
6.76491545959309e+02	1.20261185850809e-01,-3.24988507061276e-01
6.81196916770176e+02	1.18802508798718e-01,-3.23279698736588e-01
6.85935016023254e+02	1.17359160111834e-01,-3.21573397104491e-01
6.90706071362860e+02	1.15931035952310e-01,-3.19869725344090e-01
6.95510312016704e+02	1.14518031766341e-01,-3.18168804284025e-01
7.00347968806900e+02	1.13120042327301e-01,-3.16470752415542e-01
7.05219274161058e+02	1.11736961778113e-01,-3.14775685906196e-01
7.10124462123448e+02	1.10368683672861e-01,-3.13083718614172e-01
7.15063768366248e+02	1.09015101017629e-01,-3.11394962103196e-01
7.20037430200866e+02	1.07676106310569e-01,-3.09709525658006e-01
7.25045686589339e+02	1.06351591581207e-01,-3.08027516300369e-01
7.30088778155819e+02	1.05041448428968e-01,-3.06349038805609e-01
7.35166947198131e+02	1.03745568060940e-01,-3.04674195719631e-01
7.40280437699413e+02	1.02463841328865e-01,-3.03003087376409e-01
7.45429495339841e+02	1.01196158765357e-01,-3.01335811915924e-01
7.50614367508432e+02	9.99424106193676e-02,-2.99672465302527e-01
7.55835303314929e+02	9.87024868908716e-02,-2.98013141343698e-01
7.61092553601771e+02	9.74762773648037e-02,-2.96357931709193e-01
7.66386370956144e+02	9.62636716442325e-02,-2.94706925950538e-01
7.71717009722117e+02	9.50645591827826e-02,-2.93060211520877e-01
7.77084726012860e+02	9.38788293163063e-02,-2.91417873795122e-01
7.82489777722954e+02	9.27063712938111e-02,-2.89779996090413e-01
7.87932424540777e+02	9.15470743076471e-02,-2.88146659686848e-01
7.93412927960983e+02	9.04008275229593e-02,-2.86517943848478e-01
7.98931551297063e+02	8.92675201064121e-02,-2.84893925844543e-01
8.04488559694002e+02	8.81470412541901e-02,-2.83274680970923e-01
8.10084220141011e+02	8.70392802192819e-02,-2.81660282571807e-01
8.15718801484360e+02	8.59441263380553e-02,-2.80050802061538e-01
8.21392574440291e+02	8.48614690561277e-02,-2.78446308946636e-01
8.27105811608028e+02	8.37911979535419e-02,-2.76846870847976e-01
8.32858787482871e+02	8.27332027692525e-02,-2.75252553523101e-01
8.38651778469386e+02	8.16873734249311e-02,-2.73663420888657e-01
8.44485062894686e+02	8.06536000480989e-02,-2.72079535042948e-01
8.50358921021801e+02	7.96317729945940e-02,-2.70500956288570e-01
8.56273635063146e+02	7.86217828703806e-02,-2.68927743155134e-01
8.62229489194076e+02	7.76235205527111e-02,-2.67359952422051e-01
8.68226769566545e+02	7.66368772106469e-02,-2.65797639141373e-01
8.74265764322848e+02	7.56617443249483e-02,-2.64240856660668e-01
8.80346763609472e+02	7.46980137073407e-02,-2.62689656645927e-01
8.86470059591028e+02	7.37455775191686e-02,-2.61144089104487e-01
8.92635946464296e+02	7.28043282894430e-02,-2.59604202407948e-01
8.98844720472355e+02	7.18741589322938e-02,-2.58070043315095e-01
9.05096679918818e+02	7.09549627638365e-02,-2.56541656994790e-01
9.11392125182163e+02	7.00466335184596e-02,-2.55019087048842e-01
9.17731358730167e+02	6.91490653645457e-02,-2.53502375534830e-01
9.24114685134435e+02	6.82621529196335e-02,-2.51991562988884e-01
9.30542411085037e+02	6.73857912650294e-02,-2.50486688448404e-01
9.37014845405239e+02	6.65198759598814e-02,-2.48987789474705e-01
9.43532299066344e+02	6.56643030547204e-02,-2.47494902175596e-01
9.50095085202631e+02	6.48189691044820e-02,-2.46008061227865e-01
9.56703519126400e+02	6.39837711810167e-02,-2.44527299899678e-01
9.63357918343123e+02	6.31586068854286e-02,-2.43052650072681e-01
9.70058602566695e+02	6.23433743582622e-02,-2.41584142264936e-01
9.76805893734798e+02	6.15379722925337e-02,-2.40121805651866e-01
9.83600116024369e+02	6.07422999429532e-02,-2.38665668088957e-01
9.90441595867171e+02	5.99562571363544e-02,-2.37215756133386e-01
9.97330661965481e+02	5.91797442813340e-02,-2.35772095065707e-01
1.00426764530788e+03	5.84126623774453e-02,-2.34334708911396e-01
1.01125287918517e+03	5.76549130239566e-02,-2.32903620462245e-01
1.01828669920634e+03	5.69063984281806e-02,-2.31478851297613e-01
1.02536944331476e+03	5.61670214133878e-02,-2.30060421805513e-01
1.03250145180437e+03	5.54366854263096e-02,-2.28648351203540e-01
1.03968306733603e+03	5.47152945442423e-02,-2.27242657559635e-01
1.04691463495400e+03	5.40027534817593e-02,-2.25843357812679e-01
1.05419650210254e+03	5.32989675970427e-02,-2.24450467792907e-01
1.06152901864253e+03	5.26038428978402e-02,-2.23064002242156e-01
1.06891253686836e+03	5.19172860470581e-02,-2.21683974833919e-01
1.07634741152480e+03	5.12392043679988e-02,-2.20310398193224e-01
1.08383399982408e+03	5.05695058492494e-02,-2.18943283916318e-01
1.09137266146303e+03	4.99080991492332e-02,-2.17582642590170e-01
1.09896375864037e+03	4.92548936004296e-02,-2.16228483811770e-01
1.10660765607411e+03	4.86097992132711e-02,-2.14880816207238e-01
1.11430472101909e+03	4.79727266797275e-02,-2.13539647450740e-01
1.12205532328457e+03	4.73435873765824e-02,-2.12204984283192e-01
1.12985983525209e+03	4.67222933684124e-02,-2.10876832530774e-01
1.13771863189326e+03	4.61087574102759e-02,-2.09555197123237e-01
1.14563209078785e+03	4.55028929501181e-02,-2.08240082111999e-01
1.15360059214191e+03	4.49046141309028e-02,-2.06931490688044e-01
1.16162451880602e+03	4.43138357924742e-02,-2.05629425199606e-01
1.16970425629368e+03	4.37304734731609e-02,-2.04333887169653e-01
1.17784019279989e+03	4.31544434111252e-02,-2.03044877313149e-01
1.18603271921973e+03	4.25856625454677e-02,-2.01762395554120e-01
1.19428222916717e+03	4.20240485170928e-02,-2.00486441042498e-01
1.20258911899399e+03	4.14695196693421e-02,-1.99217012170761e-01
1.21095378780882e+03	4.09219950484038e-02,-1.97954106590357e-01
1.21937663749629e+03	4.03813944035029e-02,-1.96697721227919e-01
1.22785807273639e+03	3.98476381868804e-02,-1.95447852301266e-01
1.23639850102386e+03	3.93206475535670e-02,-1.94204495335195e-01
1.24499833268778e+03	3.88003443611733e-02,-1.92967645176968e-01
1.25365798091132e+03	3.82866511684098e-02,-1.91737296012043e-01
1.26237786175155e+03	3.77794912355805e-02,-1.90513441378682e-01
1.27115839415946e+03	3.72787885227311e-02,-1.89296074183265e-01
1.28000000000006e+03	3.67844676887078e-02,-1.88085186714931e-01
1.28890310407266e+03	3.62964540898300e-02,-1.86880770660107e-01
1.29786813413129e+03	3.58146737783997e-02,-1.85682817116822e-01
1.30689552090527e+03	3.53390535010538e-02,-1.84491316608818e-01
1.31598569811982e+03	3.48695206969641e-02,-1.83306259099454e-01
1.32513910251702e+03	3.44060034958912e-02,-1.82127634005399e-01
1.33435617387669e+03	3.39484307160964e-02,-1.80955430210125e-01
1.34363735503759e+03	3.34967318621173e-02,-1.79789636077195e-01
1.35298309191863e+03	3.30508371224132e-02,-1.78630239463345e-01
1.36239383354036e+03	3.26106773668825e-02,-1.77477227731369e-01
1.37187003204652e+03	3.21761841442600e-02,-1.76330587762802e-01
1.38141214272573e+03	3.17472896793965e-02,-1.75190305970400e-01
1.39102062403342e+03	3.13239268704265e-02,-1.74056368310432e-01
1.40069593761381e+03	3.09060292858281e-02,-1.72928760294762e-01
1.41043854832213e+03	3.04935311613793e-02,-1.71807467002751e-01
1.42024892424691e+03	3.00863673970156e-02,-1.70692473092959e-01
1.43012753673251e+03	2.96844735535922e-02,-1.69583762814650e-01
1.44007486040174e+03	2.92877858495558e-02,-1.68481320019118e-01
1.45009137317869e+03	2.88962411575296e-02,-1.67385128170817e-01
1.46017755631165e+03	2.85097770008147e-02,-1.66295170358305e-01
1.47033389439627e+03	2.81283315498135e-02,-1.65211429305012e-01
1.48056087539884e+03	2.77518436183764e-02,-1.64133887379809e-01
1.49085899067969e+03	2.73802526600777e-02,-1.63062526607409e-01
1.50122873501687e+03	2.70134987644231e-02,-1.61997328678583e-01
1.51167060662987e+03	2.66515226529913e-02,-1.60938274960198e-01
1.52218510720355e+03	2.62942656755157e-02,-1.59885346505081e-01
1.53277274191230e+03	2.59416698059066e-02,-1.58838524061709e-01
1.54343401944424e+03	2.55936776382191e-02,-1.57797788083721e-01
1.55416945202573e+03	2.52502323825686e-02,-1.56763118739268e-01
1.56497955544592e+03	2.49112778609973e-02,-1.55734495920193e-01
1.57586484908157e+03	2.45767585032954e-02,-1.54711899251035e-01
1.58682585592198e+03	2.42466193427779e-02,-1.53695308097882e-01
1.59786310259414e+03	2.39208060120223e-02,-1.52684701577054e-01
1.60897711938801e+03	2.35992647385675e-02,-1.51680058563622e-01
1.62016844028203e+03	2.32819423405783e-02,-1.50681357699778e-01
1.63143760296873e+03	2.29687862224773e-02,-1.49688577403037e-01
1.64278514888059e+03	2.26597443705462e-02,-1.48701695874297e-01
1.65421162321607e+03	2.23547653485001e-02,-1.47720691105729e-01
1.66571757496575e+03	2.20537982930359e-02,-1.46745540888533e-01
1.67730355693878e+03	2.17567929094208e-02,-1.45776222820518e-01
1.68897012578938e+03	2.14636994667457e-02,-1.44812714313626e-01
1.70071784204361e+03	2.11744687937889e-02,-1.43854992601130e-01
1.71254727012630e+03	2.08890522742331e-02,-1.42903034744870e-01
1.72445897838816e+03	2.06074018421831e-02,-1.41956817642262e-01
1.73645353913310e+03	2.03294699776075e-02,-1.41016318033177e-01
1.74853152864571e+03	2.00552097017701e-02,-1.40081512506688e-01
1.76069352721896e+03	1.97845745726520e-02,-1.39152377507684e-01
1.77294011918207e+03	1.95175186803656e-02,-1.38228889343343e-01
1.78527189292860e+03	1.92539966425646e-02,-1.37311024189480e-01
1.79768944094472e+03	1.89939635998488e-02,-1.36398758096762e-01
1.81019335983765e+03	1.87373752111669e-02,-1.35492066996794e-01
1.82278425036434e+03	1.84841876492191e-02,-1.34590926708086e-01
1.83546271746035e+03	1.82343575958596e-02,-1.33695312941885e-01
1.84822937026888e+03	1.79878422376058e-02,-1.32805201307866e-01
1.86108482217009e+03	1.77445992606290e-02,-1.31920567319840e-01
1.87402969081049e+03	1.75045868467969e-02,-1.31041386401058e-01
1.88706459813270e+03	1.72677636686724e-02,-1.30167633889687e-01
1.90019017040527e+03	1.70340888850461e-02,-1.29299285044026e-01
1.91340703825281e+03	1.68035221363723e-02,-1.28436315047636e-01
1.92671583668626e+03	1.65760235402140e-02,-1.27578699014361e-01
1.94011720513340e+03	1.63515536866999e-02,-1.26726411993242e-01
1.95361178746961e+03	1.61300736339922e-02,-1.25879428973312e-01
1.96720023204875e+03	1.59115449037683e-02,-1.25037724888300e-01
1.98088319173436e+03	1.56959294767162e-02,-1.24201274621221e-01
1.99466132393098e+03	1.54831897880445e-02,-1.23370053008862e-01
2.00853529061578e+03	1.52732887230091e-02,-1.22544034846175e-01
2.02250575837034e+03	1.50661896124559e-02,-1.21723194890562e-01
2.03657339841269e+03	1.48618562283814e-02,-1.20907507866068e-01
2.05073888662953e+03	1.46602527795116e-02,-1.20096948467475e-01
2.06500290360874e+03	1.44613439069004e-02,-1.19291491364306e-01
2.07936613467207e+03	1.42650946795476e-02,-1.18491111204724e-01
2.09382926990802e+03	1.40714705900373e-02,-1.17695782619358e-01
2.10839300420509e+03	1.38804375501984e-02,-1.16905480225022e-01
2.12305803728508e+03	1.36919618867861e-02,-1.16120178628356e-01
2.13782507373673e+03	1.35060103371867e-02,-1.15339852429379e-01
2.15269482304962e+03	1.33225500451451e-02,-1.14564476224951e-01
2.16766799964818e+03	1.31415485565549e-02,-1.13794024612148e-01
2.18274532292608e+03	1.29629738150793e-02,-1.13028472191601e-01
2.19792751728076e+03	1.27867941581838e-02,-1.12267793570657e-01
2.21321531214825e+03	1.26129783128068e-02,-1.11511963366556e-01
2.22860944203819e+03	1.24414953912492e-02,-1.10760956209485e-01
2.24411064656916e+03	1.22723148870522e-02,-1.10014746745566e-01
2.25971967050419e+03	1.21054066709010e-02,-1.09273309639758e-01
2.27543726378653e+03	1.19407409865555e-02,-1.08536619578703e-01
2.29126418157573e+03	1.17782884468081e-02,-1.07804651273483e-01
2.30720118428384e+03	1.16180200294696e-02,-1.07077379462317e-01
2.32324903761205e+03	1.14599070733824e-02,-1.06354778913179e-01
2.33940851258738e+03	1.13039212744621e-02,-1.05636824426360e-01
2.35568038559980e+03	1.11500346817678e-02,-1.04923490836947e-01
2.37206543843947e+03	1.09982196936007e-02,-1.04214753017250e-01
2.38856445833435e+03	1.08484490536318e-02,-1.03510585879154e-01
2.40517823798799e+03	1.07006958470592e-02,-1.02810964376416e-01
2.42190757561765e+03	1.05549334967940e-02,-1.02115863506891e-01
2.43875327499260e+03	1.04111357597376e-02,-1.01425258314691e-01
2.45571614547280e+03	1.02692767227816e-02,-1.00739123892347e-01
2.47279700204773e+03	1.01293307994531e-02,-1.00057435382777e-01
2.48999666537558e+03	9.99127272597255e-03,-9.93801679813358e-02
2.50731596182266e+03	9.85507755765186e-03,-9.87072969377348e-02
2.52475572350313e+03	9.72072066525994e-03,-9.80387975579231e-02
2.54231678831894e+03	9.58817773141903e-03,-9.73746452059139e-02
2.56000000000013e+03	9.45742474705920e-03,-9.67148153055519e-02
2.57780620814533e+03	9.32843800776356e-03,-9.60592833422551e-02
2.59573626826261e+03	9.20119411042426e-03,-9.54080248646511e-02
2.61379104181055e+03	9.07566994964811e-03,-9.47610154862181e-02
2.63197139623967e+03	8.95184271433359e-03,-9.41182308868492e-02
2.65027820503406e+03	8.82968988425038e-03,-9.34796468143732e-02
2.66871234775341e+03	8.70918922664934e-03,-9.28452390860290e-02
2.68727471007519e+03	8.59031879290331e-03,-9.22149835898935e-02
2.70596618383727e+03	8.47305691517834e-03,-9.15888562862631e-02
2.72478766708074e+03	8.35738220313567e-03,-9.09668332089925e-02
2.74374006409305e+03	8.24327354066416e-03,-9.03488904667882e-02
2.76282428545148e+03	8.13071008264331e-03,-8.97350042444603e-02
2.78204124806685e+03	8.01967125178408e-03,-8.91251508041236e-02
2.80139187522764e+03	7.91013673526256e-03,-8.85193064864012e-02
2.82087709664427e+03	7.80208648186046e-03,-8.79174477115008e-02
2.84049784849383e+03	7.69550069865810e-03,-8.73195509803394e-02
2.86025507346503e+03	7.59035984799708e-03,-8.67255928755853e-02
2.88014972080350e+03	7.48664464442505e-03,-8.61355500626717e-02
2.90018274635740e+03	7.38433605171417e-03,-8.55493992907658e-02
2.92035511262332e+03	7.28341527969039e-03,-8.49671173937398e-02
2.94066778879257e+03	7.18386378153183e-03,-8.43886812910301e-02
2.96112175079769e+03	7.08566325065639e-03,-8.38140679885390e-02
2.98171798135941e+03	6.98879561785962e-03,-8.32432545794640e-02
3.00245747003377e+03	6.89324304843789e-03,-8.26762182451017e-02
3.02334121325976e+03	6.79898793934077e-03,-8.21129362556196e-02
3.04437021440713e+03	6.70601291635256e-03,-8.15533859707955e-02
3.06554548382462e+03	6.61430083130286e-03,-8.09975448407274e-02
3.08686803888851e+03	6.52383475930605e-03,-8.04453904065114e-02
3.10833890405149e+03	6.43459799604846e-03,-7.98969003008883e-02
3.12995911089186e+03	6.34657405500860e-03,-7.93520522488764e-02
3.15172969816316e+03	6.25974666489748e-03,-7.88108240683441e-02
3.17365171184398e+03	6.17409976693491e-03,-7.82731936705874e-02
3.19572620518830e+03	6.08961751228646e-03,-7.77391390608575e-02
3.21795423877605e+03	6.00628425932779e-03,-7.72086383388954e-02
3.24033688056409e+03	5.92408457129998e-03,-7.66816696993814e-02
3.26287520593749e+03	5.84300321362829e-03,-7.61582114324183e-02
3.28557029776121e+03	5.76302515145076e-03,-7.56382419239609e-02
3.30842324643216e+03	5.68413554713748e-03,-7.51217396562261e-02
3.33143514993153e+03	5.60631975783691e-03,-7.46086832080810e-02
3.35460711387759e+03	5.52956333304896e-03,-7.40990512554066e-02
3.37794025157879e+03	5.45385201222478e-03,-7.35928225714399e-02
3.40143568408726e+03	5.37917172240890e-03,-7.30899760270913e-02
3.42509454025263e+03	5.30550857582766e-03,-7.25904905912524e-02
3.44891795677636e+03	5.23284886766422e-03,-7.20943453310594e-02
3.47290707826623e+03	5.16117907369850e-03,-7.16015194121594e-02
3.49706305729145e+03	5.09048584808367e-03,-7.11119920989408e-02
3.52138705443794e+03	5.02075602098036e-03,-7.06257427547685e-02
3.54588023836416e+03	4.95197659652028e-03,-7.01427508421559e-02
3.57054378585724e+03	4.88413475048996e-03,-6.96629959229624e-02
3.59537888188947e+03	4.81721782819222e-03,-6.91864576585515e-02
3.62038671967532e+03	4.75121334230169e-03,-6.87131158099340e-02
3.64556850072871e+03	4.68610897074483e-03,-6.82429502378961e-02
3.67092543492072e+03	4.62189255461792e-03,-6.77759409031067e-02
3.69645874053780e+03	4.55855209606024e-03,-6.73120678662195e-02
3.72216964434020e+03	4.49607575628924e-03,-6.68513112879387e-02
3.74805938162101e+03	4.43445185354735e-03,-6.63936514290859e-02
3.77412919626543e+03	4.37366886100914e-03,-6.59390686506593e-02
3.80038034081058e+03	4.31371540496342e-03,-6.54875434138439e-02
3.82681407650566e+03	4.25458026275206e-03,-6.50390562800444e-02
3.85343167337255e+03	4.19625236086523e-03,-6.45935879108849e-02
3.88023441026684e+03	4.13872077303239e-03,-6.41511190681986e-02
3.90722357493925e+03	4.08197471834792e-03,-6.37116306140035e-02
3.93440046409753e+03	4.02600355935794e-03,-6.32751035104721e-02
3.96176638346874e+03	3.97079680029148e-03,-6.28415188198725e-02
3.98932264786198e+03	3.91634408519076e-03,-6.24108577045139e-02
4.01707058123159e+03	3.86263519612460e-03,-6.19831014266716e-02
4.04501151674072e+03	3.80966005141085e-03,-6.15582313485018e-02
4.07314679682541e+03	3.75740870388243e-03,-6.11362289319424e-02
4.10147777325910e+03	3.70587133906202e-03,-6.07170757386168e-02
4.13000580721752e+03	3.65503827360457e-03,-6.03007534296963e-02
4.15873226934416e+03	3.60489995342522e-03,-5.98872437657934e-02
4.18765853981608e+03	3.55544695218004e-03,-5.94765286068037e-02
4.21678600841022e+03	3.50666996952441e-03,-5.90685899117683e-02
4.24611607457018e+03	3.45855982950158e-03,-5.86634097387127e-02
4.27565014747350e+03	3.41110747893906e-03,-5.82609702444777e-02
4.30538964609927e+03	3.36430398581358e-03,-5.78612536845477e-02
4.33533599929639e+03	3.31814053773770e-03,-5.74642424128578e-02
4.36549064585219e+03	3.27260844037279e-03,-5.70699188816033e-02
4.39585503456155e+03	3.22769911586345e-03,-5.66782656410407e-02
4.42643062429652e+03	3.18340410137852e-03,-5.62892653392702e-02
4.45721888407641e+03	3.13971504757235e-03,-5.59029007220220e-02
4.48822129313836e+03	3.09662371713219e-03,-5.55191546324275e-02
4.51943934100841e+03	3.05412198324121e-03,-5.51380100107935e-02
4.55087452757310e+03	3.01220182824543e-03,-5.47594498943503e-02
4.58252836315148e+03	2.97085534216979e-03,-5.43834574170097e-02
4.61440236856772e+03	2.93007472125638e-03,-5.40100158091176e-02
4.64649807522413e+03	2.88985226667970e-03,-5.36391083971810e-02
4.67881702517480e+03	2.85018038310030e-03,-5.32707186036093e-02
4.71136077119964e+03	2.81105157734199e-03,-5.29048299464378e-02
4.74413087687898e+03	2.77245845698370e-03,-5.25414260390557e-02
4.77712891666873e+03	2.73439372913693e-03,-5.21804905899110e-02
4.81035647597602e+03	2.69685019907034e-03,-5.18220074022276e-02
4.84381515123534e+03	2.65982076893558e-03,-5.14659603737080e-02
4.87750654998525e+03	2.62329843649228e-03,-5.11123334962333e-02
4.91143229094564e+03	2.58727629386441e-03,-5.07611108555556e-02
4.94559400409550e+03	2.55174752623494e-03,-5.04122766309943e-02
4.97999333075120e+03	2.51670541071158e-03,-5.00658150951117e-02
5.01463192364536e+03	2.48214331506691e-03,-4.97217106133985e-02
5.04951144700630e+03	2.44805469649755e-03,-4.93799476439545e-02
5.08463357663793e+03	2.41443310054631e-03,-4.90405107371505e-02
5.12000000000031e+03	2.38127215981743e-03,-4.87033845353080e-02
5.15561241629071e+03	2.34856559292656e-03,-4.83685537723537e-02
5.19147253652526e+03	2.31630720331181e-03,-4.80360032734851e-02
5.22758208362114e+03	2.28449087809737e-03,-4.77057179548291e-02
5.26394279247938e+03	2.25311058703318e-03,-4.73776828230908e-02
5.30055641006817e+03	2.22216038134506e-03,-4.70518829752092e-02
5.33742469550686e+03	2.19163439270151e-03,-4.67283035980005e-02
5.37454942015043e+03	2.16152683213232e-03,-4.64069299678029e-02
5.41193236767459e+03	2.13183198892992e-03,-4.60877474501233e-02
5.44957533416153e+03	2.10254422970005e-03,-4.57707414992665e-02
5.48748012818615e+03	2.07365799723219e-03,-4.54558976579817e-02
5.52564857090300e+03	2.04516780957504e-03,-4.51432015570871e-02
5.56408249613375e+03	2.01706825899705e-03,-4.48326389151053e-02
5.60278375045533e+03	1.98935401096295e-03,-4.45241955378950e-02
5.64175419328859e+03	1.96201980323150e-03,-4.42178573182710e-02
5.68099569698771e+03	1.93506044484405e-03,-4.39136102356339e-02
5.72051014693011e+03	1.90847081519801e-03,-4.36114403555902e-02
5.76029944160706e+03	1.88224586307424e-03,-4.33113338295763e-02
5.80036549271484e+03	1.85638060573493e-03,-4.30132768944755e-02
5.84071022524669e+03	1.83087012803152e-03,-4.27172558722339e-02
5.88133557758518e+03	1.80570958147939e-03,-4.24232571694780e-02
5.92224350159543e+03	1.78089418333540e-03,-4.21312672771321e-02
5.96343596271886e+03	1.75641921578419e-03,-4.18412727700256e-02
6.00491494006759e+03	1.73228002503209e-03,-4.15532603065087e-02
6.04668242651957e+03	1.70847202044602e-03,-4.12672166280626e-02
6.08874042881431e+03	1.68499067371901e-03,-4.09831285589090e-02
6.13109096764929e+03	1.66183151805586e-03,-4.07009830056163e-02
6.17373607777707e+03	1.63899014730412e-03,-4.04207669567115e-02
6.21667780810302e+03	1.61646221516732e-03,-4.01424674822844e-02
6.25991822178378e+03	1.59424343442184e-03,-3.98660717335922e-02
6.30345939632636e+03	1.57232957610039e-03,-3.95915669426669e-02
6.34730342368800e+03	1.55071646871096e-03,-3.93189404219196e-02
6.39145241037665e+03	1.52939999745679e-03,-3.90481795637456e-02
6.43590847755216e+03	1.50837610351689e-03,-3.87792718401244e-02
6.48067376112824e+03	1.48764078325284e-03,-3.85122048022263e-02
6.52575041187503e+03	1.46719008746844e-03,-3.82469660800150e-02
6.57114059552248e+03	1.44702012071795e-03,-3.79835433818474e-02
6.61684649286437e+03	1.42712704053523e-03,-3.77219244940791e-02
6.66287029986312e+03	1.40750705676476e-03,-3.74620972806635e-02
6.70921422775524e+03	1.38815643081121e-03,-3.72040496827573e-02
6.75588050315764e+03	1.36907147498409e-03,-3.69477697183197e-02
6.80287136817457e+03	1.35024855181194e-03,-3.66932454817141e-02
6.85018908050532e+03	1.33168407332973e-03,-3.64404651433132e-02
6.89783591355277e+03	1.31337450044890e-03,-3.61894169490982e-02
6.94581415653252e+03	1.29531634229831e-03,-3.59400892202611e-02
6.99412611458295e+03	1.27750615554325e-03,-3.56924703528098e-02
7.04277410887593e+03	1.25994054376465e-03,-3.54465488171691e-02
7.09176047672838e+03	1.24261615684514e-03,-3.52023131577828e-02
7.14108757171453e+03	1.22552969031047e-03,-3.49597519927194e-02
7.19075776377900e+03	1.20867788473636e-03,-3.47188540132743e-02
7.24077343935071e+03	1.19205752512581e-03,-3.44796079835754e-02
7.29113700145747e+03	1.17566544031341e-03,-3.42420027401875e-02
7.34185086984150e+03	1.15949850239794e-03,-3.40060271917160e-02
7.39291748107565e+03	1.14355362610902e-03,-3.37716703184164e-02
7.44433928868046e+03	1.12782776828671e-03,-3.35389211717965e-02
7.49611876324208e+03	1.11231792725770e-03,-3.33077688742280e-02
7.54825839253092e+03	1.09702114232862e-03,-3.30782026185505e-02
7.60076068162122e+03	1.08193449318511e-03,-3.28502116676830e-02
7.65362815301138e+03	1.06705509937249e-03,-3.26237853542318e-02
7.70686334674516e+03	1.05238011974354e-03,-3.23989130801017e-02
7.76046882053374e+03	1.03790675194573e-03,-3.21755843161053e-02
7.81444714987857e+03	1.02363223188936e-03,-3.19537886015757e-02
7.86880092819513e+03	1.00955383318692e-03,-3.17335155439821e-02
7.92353276693755e+03	9.95668866722164e-04,-3.15147548185377e-02
7.97864529572403e+03	9.81974680075414e-04,-3.12974961678199e-02
8.03414116246325e+03	9.68468657065607e-04,-3.10817294013823e-02
8.09002303348151e+03	9.55148217247225e-04,-3.08674443953731e-02
8.14629359365089e+03	9.42010815420349e-04,-3.06546310921523e-02
8.20295554651826e+03	9.29053941158788e-04,-3.04432794999106e-02
8.26001161443511e+03	9.16275118344102e-04,-3.02333796922886e-02
8.31746453868839e+03	9.03671904694631e-04,-3.00249218079983e-02
8.37531707963222e+03	8.91241891301205e-04,-2.98178960504449e-02
8.43357201682050e+03	8.78982702179949e-04,-2.96122926873506e-02
8.49223214914044e+03	8.66891993833309e-04,-2.94081020503774e-02
8.55130029494706e+03	8.54967454790763e-04,-2.92053145347548e-02
8.61077929219860e+03	8.43206805194854e-04,-2.90039205989047e-02
8.67067199859285e+03	8.31607796351452e-04,-2.88039107640706e-02
8.73098129170445e+03	8.20168210326786e-04,-2.86052756139462e-02
8.79171006912318e+03	8.08885859512100e-04,-2.84080057943064e-02
8.85286124859312e+03	7.97758586224053e-04,-2.82120920126387e-02
8.91443776815290e+03	7.86784262281316e-04,-2.80175250377773e-02
8.97644258627679e+03	7.75960788639180e-04,-2.78242956995355e-02
9.03887868201690e+03	7.65286094944034e-04,-2.76323948883441e-02
9.10174905514628e+03	7.54758139187708e-04,-2.74418135548863e-02
9.16505672630304e+03	7.44374907292020e-04,-2.72525427097379e-02
9.22880473713551e+03	7.34134412753769e-04,-2.70645734230055e-02
9.29299615044834e+03	7.24034696234179e-04,-2.68778968239701e-02
9.35763405034968e+03	7.14073825231238e-04,-2.66925041007272e-02
9.42272154239935e+03	7.04249893694455e-04,-2.65083864998324e-02
9.48826175375803e+03	6.94561021648219e-04,-2.63255353259473e-02
9.55425783333754e+03	6.85005354864528e-04,-2.61439419414853e-02
9.62071295195212e+03	6.75581064509871e-04,-2.59635977662603e-02
9.68763030247075e+03	6.66286346783042e-04,-2.57844942771370e-02
9.75501309997057e+03	6.57119422572739e-04,-2.56066230076830e-02
9.82286458189136e+03	6.48078537147109e-04,-2.54299755478196e-02
9.89118800819108e+03	6.39161959805454e-04,-2.52545435434775e-02
9.95998666150247e+03	6.30367983535725e-04,-2.50803186962529e-02
1.00292638472908e+04	6.21694924720553e-04,-2.49072927630639e-02
1.00990228940127e+04	6.13141122801160e-04,-2.47354575558100e-02
1.01692671532759e+04	6.04704939966909e-04,-2.45648049410318e-02
1.02400000000007e+04	5.96384760845226e-04,-2.43953268395738e-02
1.03112248325815e+04	5.88178992199207e-04,-2.42270152262468e-02
1.03829450730506e+04	5.80086062609955e-04,-2.40598621294941e-02
1.04551641672424e+04	5.72104422208890e-04,-2.38938596310563e-02
1.05278855849588e+04	5.64232542352409e-04,-2.37289998656412e-02
1.06011128201364e+04	5.56468915354820e-04,-2.35652750205919e-02
1.06748493910138e+04	5.48812054187148e-04,-2.34026773355588e-02
1.07490988403009e+04	5.41260492207026e-04,-2.32411991021720e-02
1.08238647353493e+04	5.33812782877028e-04,-2.30808326637154e-02
1.08991506683231e+04	5.26467499479150e-04,-2.29215704148033e-02
1.09749602563724e+04	5.19223234863503e-04,-2.27634048010570e-02
1.10512971418061e+04	5.12078601171466e-04,-2.26063283187837e-02
1.11281649922676e+04	5.05032229563219e-04,-2.24503335146582e-02
1.12055675009107e+04	4.98082769979491e-04,-2.22954129854036e-02
1.12835083865773e+04	4.91228890860856e-04,-2.21415593774763e-02
1.13619913939755e+04	4.84469278918993e-04,-2.19887653867502e-02
1.14410202938603e+04	4.77802638863545e-04,-2.18370237582045e-02
1.15205988832142e+04	4.71227693176699e-04,-2.16863272856116e-02
1.16007309854298e+04	4.64743181861546e-04,-2.15366688112271e-02
1.16814204504935e+04	4.58347862195817e-04,-2.13880412254823e-02
1.17626711551704e+04	4.52040508508430e-04,-2.12404374666763e-02
1.18444870031910e+04	4.45819911939472e-04,-2.10938505206715e-02
1.19268719254378e+04	4.39684880211839e-04,-2.09482734205898e-02
1.20098298801353e+04	4.33634237404563e-04,-2.08036992465108e-02
1.20933648530392e+04	4.27666823729233e-04,-2.06601211251710e-02
1.21774808576287e+04	4.21781495311966e-04,-2.05175322296651e-02
1.22621819352987e+04	4.15977123964442e-04,-2.03759257791493e-02
1.23474721555542e+04	4.10252596988371e-04,-2.02352950385445e-02
1.24333556162061e+04	4.04606816953399e-04,-2.00956333182431e-02
1.25198364435677e+04	3.99038701478722e-04,-1.99569339738165e-02
1.26069187926528e+04	3.93547183046667e-04,-1.98191904057235e-02
1.26946068473761e+04	3.88131208784878e-04,-1.96823960590216e-02
1.27829048207534e+04	3.82789740270817e-04,-1.95465444230790e-02
1.28718169551044e+04	3.77521753338602e-04,-1.94116290312879e-02
1.29613475222566e+04	3.72326237871398e-04,-1.92776434607811e-02
1.30515008237502e+04	3.67202197623932e-04,-1.91445813321473e-02
1.31422811910451e+04	3.62148650024683e-04,-1.90124363091511e-02
1.32336929857288e+04	3.57164625987737e-04,-1.88812020984519e-02
1.33257405997263e+04	3.52249169731491e-04,-1.87508724493263e-02
1.34184284555106e+04	3.47401338594402e-04,-1.86214411533909e-02
1.35117610063154e+04	3.42620202860578e-04,-1.84929020443270e-02
1.36057427363492e+04	3.37904845573187e-04,-1.83652489976070e-02
1.37003781610108e+04	3.33254362364056e-04,-1.82384759302223e-02
1.37956718271056e+04	3.28667861292197e-04,-1.81125768004122e-02
1.38916283130651e+04	3.24144462650720e-04,-1.79875456073954e-02
1.39882522291660e+04	3.19683298820135e-04,-1.78633763911023e-02
1.40855482177520e+04	3.15283514094817e-04,-1.77400632319082e-02
1.41835209534569e+04	3.10944264512357e-04,-1.76176002503702e-02
1.42821751434292e+04	3.06664717714294e-04,-1.74959816069625e-02
1.43815155275581e+04	3.02444052756433e-04,-1.73752015018168e-02
1.44815468787015e+04	2.98281459982036e-04,-1.72552541744607e-02
1.45822740029151e+04	2.94176140851467e-04,-1.71361339035600e-02
1.46837017396831e+04	2.90127307785673e-04,-1.70178350066621e-02
1.47858349621514e+04	2.86134184030978e-04,-1.69003518399396e-02
1.48886785773610e+04	2.82196003501848e-04,-1.67836787979371e-02
1.49922375264843e+04	2.78312010630561e-04,-1.66678103133186e-02
1.50965167850620e+04	2.74481460234053e-04,-1.65527408566164e-02
1.52015213632425e+04	2.70703617363139e-04,-1.64384649359816e-02
1.53072563060229e+04	2.66977757163183e-04,-1.63249770969362e-02
1.54137266934904e+04	2.63303164738971e-04,-1.62122719221264e-02
1.55209376410676e+04	2.59679135019662e-04,-1.61003440310776e-02
1.56288942997572e+04	2.56104972614703e-04,-1.59891880799508e-02
1.57376018563904e+04	2.52579991689796e-04,-1.58787987613006e-02
1.58470655338752e+04	2.49103515837244e-04,-1.57691708038339e-02
1.59572905914482e+04	2.45674877938376e-04,-1.56602989721713e-02
1.60682823249266e+04	2.42293420042244e-04,-1.55521780666088e-02
1.61800460669631e+04	2.38958493238386e-04,-1.54448029228819e-02
1.62925871873019e+04	2.35669457531434e-04,-1.53381684119298e-02
1.64059110930366e+04	2.32425681724506e-04,-1.52322694396627e-02
1.65200232288703e+04	2.29226543290733e-04,-1.51271009467291e-02
1.66349290773769e+04	2.26071428257248e-04,-1.50226579082855e-02
1.67506341592646e+04	2.22959731091908e-04,-1.49189353337664e-02
1.68671440336411e+04	2.19890854578080e-04,-1.48159282666574e-02
1.69844642982810e+04	2.16864209714571e-04,-1.47136317842676e-02
1.71026005898942e+04	2.13879215590930e-04,-1.46120409975050e-02
1.72215585843973e+04	2.10935299277933e-04,-1.45111510506529e-02
1.73413439971858e+04	2.08031895724462e-04,-1.44109571211471e-02
1.74619625834090e+04	2.05168447645511e-04,-1.43114544193550e-02
1.75834201382465e+04	2.02344405412585e-04,-1.42126381883561e-02
1.77057224971864e+04	1.99559226954200e-04,-1.41145037037235e-02
1.78288755363059e+04	1.96812377649094e-04,-1.40170462733071e-02
1.79528851725537e+04	1.94103330225180e-04,-1.39202612370179e-02
1.80777573640339e+04	1.91431564655790e-04,-1.38241439666137e-02
1.82034981102927e+04	1.88796568067157e-04,-1.37286898654863e-02
1.83301134526062e+04	1.86197834629370e-04,-1.36338943684497e-02
1.84576094742712e+04	1.83634865472170e-04,-1.35397529415299e-02
1.85859923008968e+04	1.81107168579286e-04,-1.34462610817561e-02
1.87152681006995e+04	1.78614258698863e-04,-1.33534143169527e-02
1.88454430847988e+04	1.76155657251628e-04,-1.32612082055332e-02
1.89765235075162e+04	1.73730892235552e-04,-1.31696383362950e-02
1.91085156666752e+04	1.71339498139785e-04,-1.30787003282156e-02
1.92414259039044e+04	1.68981015852891e-04,-1.29883898302500e-02
1.93752606049416e+04	1.66654992573010e-04,-1.28987025211300e-02
1.95100261999413e+04	1.64360981727295e-04,-1.28096341091635e-02
1.96457291637829e+04	1.62098542880345e-04,-1.27211803320362e-02
1.97823760163823e+04	1.59867241653912e-04,-1.26333369566144e-02
1.99199733230051e+04	1.57666649642697e-04,-1.25460997787481e-02
2.00585276945817e+04	1.55496344329038e-04,-1.24594646230770e-02
2.01980457880255e+04	1.53355909009121e-04,-1.23734273428357e-02
2.03385343065520e+04	1.51244932703822e-04,-1.22879838196625e-02
2.04800000000015e+04	1.49163010089776e-04,-1.22031299634070e-02
2.06224496651631e+04	1.47109741415704e-04,-1.21188617119408e-02
2.07658901461013e+04	1.45084732424656e-04,-1.20351750309683e-02
2.09103283344849e+04	1.43087594285565e-04,-1.19520659138392e-02
2.10557711699178e+04	1.41117943511278e-04,-1.18695303813625e-02
2.12022256402730e+04	1.39175401889498e-04,-1.17875644816205e-02
2.13496987820278e+04	1.37259596406963e-04,-1.17061642897856e-02
2.14981976806020e+04	1.35370159184644e-04,-1.16253259079365e-02
2.16477294706987e+04	1.33506727397351e-04,-1.15450454648778e-02
2.17983013366464e+04	1.31668943212892e-04,-1.14653191159583e-02
2.19499205127449e+04	1.29856453719802e-04,-1.13861430428924e-02
2.21025942836123e+04	1.28068910858989e-04,-1.13075134535816e-02
2.22563299845353e+04	1.26305971360168e-04,-1.12294265819374e-02
2.24111350018216e+04	1.24567296672225e-04,-1.11518786877059e-02
2.25670167731547e+04	1.22852552900322e-04,-1.10748660562926e-02
2.27239827879512e+04	1.21161410743743e-04,-1.09983849985887e-02
2.28820405877208e+04	1.19493545429798e-04,-1.09224318507991e-02
2.30411977664286e+04	1.17848636652371e-04,-1.08470029742705e-02
2.32014619708597e+04	1.16226368511267e-04,-1.07720947553216e-02
2.33628409009871e+04	1.14626429451299e-04,-1.06977036050736e-02
2.35253423103411e+04	1.13048512202928e-04,-1.06238259592821e-02
2.36889740063821e+04	1.11492313722006e-04,-1.05504582781706e-02
2.38537438508758e+04	1.09957535133747e-04,-1.04775970462641e-02
2.40196597602707e+04	1.08443881675048e-04,-1.04052387722247e-02
2.41867297060786e+04	1.06951062634417e-04,-1.03333799886876e-02
2.43549617152576e+04	1.05478791302148e-04,-1.02620172520985e-02
2.45243638705975e+04	1.04026784912038e-04,-1.01911471425522e-02
2.46949443111087e+04	1.02594764586286e-04,-1.01207662636320e-02
2.48667112324125e+04	1.01182455283939e-04,-1.00508712422499e-02
2.50396728871355e+04	9.97895857478187e-05,-9.98145872848870e-03
2.52138375853058e+04	9.84158884510259e-05,-9.91252539544425e-03
2.53892136947524e+04	9.70610995486416e-05,-9.84406793906911e-03
2.55658096415070e+04	9.57249588247217e-05,-9.77608307801735e-03
2.57436339102090e+04	9.44072096415953e-05,-9.70856755349014e-03
2.59226950445133e+04	9.31075988938306e-05,-9.64151812908245e-03
2.61030016475005e+04	9.18258769582074e-05,-9.57493159063080e-03
2.62845623820903e+04	9.05617976431138e-05,-9.50880474606196e-03
2.64673859714579e+04	8.93151181468714e-05,-9.44313442524259e-03
2.66514811994529e+04	8.80855990056785e-05,-9.37791747983007e-03
2.68368569110214e+04	8.68730040525504e-05,-9.31315078312403e-03
2.70235220126310e+04	8.56771003677490e-05,-9.24883122991914e-03
2.72114854726987e+04	8.44976582355078e-05,-9.18495573635870e-03
2.74007563220217e+04	8.33344511027627e-05,-9.12152123978918e-03
2.75913436542115e+04	8.21872555315958e-05,-9.05852469861591e-03
2.77832566261305e+04	8.10558511586919e-05,-8.99596309215949e-03
2.79765044583322e+04	7.99400206525584e-05,-8.93383342051333e-03
2.81710964355041e+04	7.88395496723126e-05,-8.87213270440201e-03
2.83670419069139e+04	7.77542268246687e-05,-8.81085798504074e-03
2.85643502868585e+04	7.66838436264788e-05,-8.75000632399547e-03
2.87630310551164e+04	7.56281944623580e-05,-8.68957480304430e-03
2.89630937574032e+04	7.45870765457379e-05,-8.62956052403948e-03
2.91645480058303e+04	7.35602898802012e-05,-8.56996060877052e-03
2.93674034793664e+04	7.25476372217692e-05,-8.51077219882816e-03
2.95716699243030e+04	7.15489240399412e-05,-8.45199245546921e-03
2.97773571547223e+04	7.05639584806176e-05,-8.39361855948234e-03
2.99844750529688e+04	6.95925513299335e-05,-8.33564771105473e-03
3.01930335701241e+04	6.86345159766915e-05,-8.27807712963964e-03
3.04030427264853e+04	6.76896683786476e-05,-8.22090405382483e-03
3.06145126120459e+04	6.67578270253111e-05,-8.16412574120187e-03
3.08274533869811e+04	6.58388129037539e-05,-8.10773946823632e-03
3.10418752821354e+04	6.49324494640674e-05,-8.05174253013882e-03
3.12577885995147e+04	6.40385625856922e-05,-7.99613224073695e-03
3.14752037127810e+04	6.31569805445765e-05,-7.94090593234803e-03
3.16941310677506e+04	6.22875339792493e-05,-7.88606095565273e-03
3.19145811828966e+04	6.14300558583483e-05,-7.83159467956955e-03
3.21365646498535e+04	6.05843814495024e-05,-7.77750449113009e-03
3.23600921339265e+04	5.97503482873229e-05,-7.72378779535523e-03
3.25851743746041e+04	5.89277961415060e-05,-7.67044201513206e-03
3.28118221860735e+04	5.81165669862953e-05,-7.61746459109174e-03
3.30400464577409e+04	5.73165049715557e-05,-7.56485298148803e-03
3.32698581547541e+04	5.65274563910943e-05,-7.51260466207676e-03
3.35012683185294e+04	5.57492696542131e-05,-7.46071712599610e-03
3.37342880672825e+04	5.49817952560976e-05,-7.40918788364753e-03
3.39689285965622e+04	5.42248857489711e-05,-7.35801446257774e-03
3.42052011797887e+04	5.34783957147818e-05,-7.30719440736122e-03
3.44431171687949e+04	5.27421817362973e-05,-7.25672527948372e-03
3.46826879943719e+04	5.20161023699119e-05,-7.20660465722643e-03
3.49239251668183e+04	5.13000181180371e-05,-7.15683013555098e-03
3.51668402764932e+04	5.05937914038758e-05,-7.10739932598518e-03
3.54114449943730e+04	4.98972865429944e-05,-7.05830985650958e-03
3.56577510726121e+04	4.92103697185227e-05,-7.00955937144473e-03
3.59057703451077e+04	4.85329089550095e-05,-6.96114553133926e-03
3.61555147280681e+04	4.78647740939617e-05,-6.91306601285863e-03
3.64069962205857e+04	4.72058367669671e-05,-6.86531850867479e-03
3.66602269052127e+04	4.65559703732278e-05,-6.81790072735635e-03
3.69152189485426e+04	4.59150500533977e-05,-6.77081039325974e-03
3.71719846017939e+04	4.52829526671658e-05,-6.72404524642090e-03
3.74305362013993e+04	4.46595567684977e-05,-6.67760304244782e-03
3.76908861695980e+04	4.40447425830095e-05,-6.63148155241378e-03
3.79530470150327e+04	4.34383919844347e-05,-6.58567856275128e-03
3.82170313333507e+04	4.28403884723495e-05,-6.54019187514672e-03
3.84828518078091e+04	4.22506171496721e-05,-6.49501930643579e-03
3.87505212098836e+04	4.16689647008532e-05,-6.45015868849953e-03
3.90200523998829e+04	4.10953193694873e-05,-6.40560786816117e-03
3.92914583275660e+04	4.05295709371255e-05,-6.36136470708357e-03
3.95647520327649e+04	3.99716107027231e-05,-6.31742708166743e-03
3.98399466460105e+04	3.94213314609068e-05,-6.27379288295013e-03
4.01170553891638e+04	3.88786274821171e-05,-6.23046001650535e-03
4.03960915760513e+04	3.83433944913627e-05,-6.18742640234325e-03
4.06770686131043e+04	3.78155296493746e-05,-6.14468997481139e-03
4.09600000000034e+04	3.72949315319254e-05,-6.10224868249633e-03
4.12448993303266e+04	3.67815001108196e-05,-6.06010048812590e-03
4.15317802922030e+04	3.62751367346798e-05,-6.01824336847206e-03
4.18206566689701e+04	3.57757441097816e-05,-5.97667531425451e-03
4.21115423398359e+04	3.52832262815916e-05,-5.93539433004491e-03
4.24044512805463e+04	3.47974886156033e-05,-5.89439843417178e-03
4.26993975640559e+04	3.43184377810640e-05,-5.85368565862593e-03
4.29963953612044e+04	3.38459817305276e-05,-5.81325404896677e-03
4.32954589413977e+04	3.33800296840689e-05,-5.77310166422899e-03
4.35966026732932e+04	3.29204921113148e-05,-5.73322657683002e-03
4.38998410254902e+04	3.24672807137578e-05,-5.69362687247813e-03
4.41000000000000e+04	3.21732371417196e-05,-5.66778657980397e-03
