Freq.	V(vout)
2.00000000000000e+01	9.99946672270480e-01,-2.50017460311839e-03
2.01391110011344e+01	9.99946585007443e-01,-2.51756447301886e-03
2.02791895958006e+01	9.99946496526276e-01,-2.53507529441354e-03
2.04202425141439e+01	9.99946406809973e-01,-2.55270790848960e-03
2.05622765331213e+01	9.99946315841294e-01,-2.57046316228308e-03
2.07052984768276e+01	9.99946223602757e-01,-2.58834190871958e-03
2.08493152168224e+01	9.99946130076635e-01,-2.60634500665511e-03
2.09943336724614e+01	9.99946035244954e-01,-2.62447332091734e-03
2.11403608112276e+01	9.99945939089491e-01,-2.64272772234705e-03
2.12874036490672e+01	9.99945841591767e-01,-2.66110908783998e-03
2.14354692507259e+01	9.99945742733045e-01,-2.67961830038883e-03
2.15845647300886e+01	9.99945642494326e-01,-2.69825624912563e-03
2.17346972505212e+01	9.99945540856348e-01,-2.71702382936443e-03
2.18858740252148e+01	9.99945437799577e-01,-2.73592194264421e-03
2.20381023175322e+01	9.99945333304209e-01,-2.75495149677214e-03
2.21913894413569e+01	9.99945227350162e-01,-2.77411340586713e-03
2.23457427614444e+01	9.99945119917075e-01,-2.79340859040367e-03
2.25011696937762e+01	9.99945010984302e-01,-2.81283797725600e-03
2.26576777059160e+01	9.99944900530908e-01,-2.83240249974254e-03
2.28152743173685e+01	9.99944788535666e-01,-2.85210309767066e-03
2.29739670999407e+01	9.99944674977056e-01,-2.87194071738179e-03
2.31337636781058e+01	9.99944559833252e-01,-2.89191631179676e-03
2.32946717293691e+01	9.99944443082128e-01,-2.91203084046154e-03
2.34566989846376e+01	9.99944324701246e-01,-2.93228526959324e-03
2.36198532285906e+01	9.99944204667858e-01,-2.95268057212644e-03
2.37841423000545e+01	9.99944082958896e-01,-2.97321772775989e-03
2.39495740923786e+01	9.99943959550970e-01,-2.99389772300343e-03
2.41161565538152e+01	9.99943834420364e-01,-3.01472155122536e-03
2.42838976879010e+01	9.99943707543033e-01,-3.03569021270002e-03
2.44528055538414e+01	9.99943578894593e-01,-3.05680471465580e-03
2.46228882668984e+01	9.99943448450321e-01,-3.07806607132341e-03
2.47941539987798e+01	9.99943316185150e-01,-3.09947530398452e-03
2.49666109780323e+01	9.99943182073662e-01,-3.12103344102072e-03
2.51402674904366e+01	9.99943046090083e-01,-3.14274151796285e-03
2.53151318794057e+01	9.99942908208283e-01,-3.16460057754064e-03
2.54912125463853e+01	9.99942768401763e-01,-3.18661166973265e-03
2.56685179512581e+01	9.99942626643657e-01,-3.20877585181672e-03
2.58470566127499e+01	9.99942482906722e-01,-3.23109418842053e-03
2.60268371088387e+01	9.99942337163337e-01,-3.25356775157274e-03
2.62078680771673e+01	9.99942189385494e-01,-3.27619762075432e-03
2.63901582154580e+01	9.99942039544793e-01,-3.29898488295032e-03
2.65737162819303e+01	9.99941887612439e-01,-3.32193063270197e-03
2.67585510957223e+01	9.99941733559236e-01,-3.34503597215914e-03
2.69446715373139e+01	9.99941577355580e-01,-3.36830201113319e-03
2.71320865489535e+01	9.99941418971451e-01,-3.39172986715012e-03
2.73208051350880e+01	9.99941258376413e-01,-3.41532066550418e-03
2.75108363627950e+01	9.99941095539605e-01,-3.43907553931177e-03
2.77021893622186e+01	9.99940930429734e-01,-3.46299562956575e-03
2.78948733270082e+01	9.99940763015070e-01,-3.48708208519014e-03
2.80888975147600e+01	9.99940593263442e-01,-3.51133606309514e-03
2.82842712474620e+01	9.99940421142229e-01,-3.53575872823262e-03
2.84810039119415e+01	9.99940246618354e-01,-3.56035125365189e-03
2.86791049603166e+01	9.99940069658278e-01,-3.58511482055596e-03
2.88785839104500e+01	9.99939890227995e-01,-3.61005061835808e-03
2.90794503464063e+01	9.99939708293025e-01,-3.63515984473878e-03
2.92817139189126e+01	9.99939523818405e-01,-3.66044370570323e-03
2.94853843458221e+01	9.99939336768685e-01,-3.68590341563903e-03
2.96904714125811e+01	9.99939147107919e-01,-3.71154019737434e-03
2.98969849726989e+01	9.99938954799662e-01,-3.73735528223654e-03
3.01049349482215e+01	9.99938759806956e-01,-3.76334991011116e-03
3.03143313302081e+01	9.99938562092332e-01,-3.78952532950127e-03
3.05251841792113e+01	9.99938361617794e-01,-3.81588279758733e-03
3.07375036257604e+01	9.99938158344817e-01,-3.84242358028733e-03
3.09512998708479e+01	9.99937952234341e-01,-3.86914895231752e-03
3.11665831864201e+01	9.99937743246756e-01,-3.89606019725336e-03
3.13833639158702e+01	9.99937531341902e-01,-3.92315860759106e-03
3.16016524745352e+01	9.99937316479058e-01,-3.95044548480945e-03
3.18214593501969e+01	9.99937098616935e-01,-3.97792213943230e-03
3.20427951035850e+01	9.99936877713667e-01,-4.00558989109110e-03
3.22656703688852e+01	9.99936653726804e-01,-4.03345006858821e-03
3.24900958542496e+01	9.99936426613304e-01,-4.06150400996051e-03
3.27160823423114e+01	9.99936196329522e-01,-4.08975306254346e-03
3.29436406907031e+01	9.99935962831207e-01,-4.11819858303559e-03
3.31727818325778e+01	9.99935726073488e-01,-4.14684193756346e-03
3.34035167771350e+01	9.99935486010869e-01,-4.17568450174705e-03
3.36358566101488e+01	9.99935242597219e-01,-4.20472766076562e-03
3.38698124945013e+01	9.99934995785762e-01,-4.23397280942402e-03
3.41053956707185e+01	9.99934745529069e-01,-4.26342135221940e-03
3.43426174575103e+01	9.99934491779051e-01,-4.29307470340849e-03
3.45814892523148e+01	9.99934234486946e-01,-4.32293428707527e-03
3.48220225318452e+01	9.99933973603313e-01,-4.35300153719909e-03
3.50642288526416e+01	9.99933709078019e-01,-4.38327789772330e-03
3.53081198516264e+01	9.99933440860232e-01,-4.41376482262439e-03
3.55537072466630e+01	9.99933168898412e-01,-4.44446377598150e-03
3.58010028371191e+01	9.99932893140297e-01,-4.47537623204647e-03
3.60500185044334e+01	9.99932613532897e-01,-4.50650367531443e-03
3.63007662126867e+01	9.99932330022483e-01,-4.53784760059475e-03
3.65532580091762e+01	9.99932042554576e-01,-4.56940951308259e-03
3.68075060249952e+01	9.99931751073934e-01,-4.60119092843086e-03
3.70635224756151e+01	9.99931455524548e-01,-4.63319337282276e-03
3.73213196614725e+01	9.99931155849625e-01,-4.66541838304473e-03
3.75809099685607e+01	9.99930851991579e-01,-4.69786750655998e-03
3.78423058690241e+01	9.99930543892022e-01,-4.73054230158246e-03
3.81055199217578e+01	9.99930231491749e-01,-4.76344433715140e-03
3.83705647730108e+01	9.99929914730730e-01,-4.79657519320632e-03
3.86374531569941e+01	9.99929593548096e-01,-4.82993646066254e-03
3.89061978964917e+01	9.99929267882131e-01,-4.86352974148730e-03
3.91768119034774e+01	9.99928937670255e-01,-4.89735664877631e-03
3.94493081797347e+01	9.99928602849016e-01,-4.93141880683082e-03
3.97236998174817e+01	9.99928263354075e-01,-4.96571785123535e-03
4.00000000000003e+01	9.99927919120197e-01,-5.00025542893576e-03
4.02782220022691e+01	9.99927570081235e-01,-5.03503319831804e-03
4.05583791916015e+01	9.99927216170120e-01,-5.07005282928753e-03
4.08404850282880e+01	9.99926857318845e-01,-5.10531600334868e-03
4.11245530662430e+01	9.99926493458456e-01,-5.14082441368546e-03
4.14105969536554e+01	9.99926124519036e-01,-5.17657976524221e-03
4.16986304336452e+01	9.99925750429692e-01,-5.21258377480511e-03
4.19886673449230e+01	9.99925371118540e-01,-5.24883817108416e-03
4.22807216224556e+01	9.99924986512696e-01,-5.28534469479580e-03
4.25748072981347e+01	9.99924596538257e-01,-5.32210509874601e-03
4.28709385014521e+01	9.99924201120287e-01,-5.35912114791402e-03
4.31691294601774e+01	9.99923800182808e-01,-5.39639461953662e-03
4.34693945010427e+01	9.99923393648779e-01,-5.43392730319301e-03
4.37717480504299e+01	9.99922981440084e-01,-5.47172100089023e-03
4.40762046350648e+01	9.99922563477516e-01,-5.50977752714923e-03
4.43827788827142e+01	9.99922139680766e-01,-5.54809870909141e-03
4.46914855228892e+01	9.99921709968400e-01,-5.58668638652592e-03
4.50023393875528e+01	9.99921274257850e-01,-5.62554241203744e-03
4.53153554118323e+01	9.99920832465395e-01,-5.66466865107455e-03
4.56305486347374e+01	9.99920384506146e-01,-5.70406698203881e-03
4.59479341998818e+01	9.99919930294029e-01,-5.74373929637436e-03
4.62675273562119e+01	9.99919469741768e-01,-5.78368749865816e-03
4.65893434587387e+01	9.99919002760870e-01,-5.82391350669084e-03
4.69133979692756e+01	9.99918529261608e-01,-5.86441925158819e-03
4.72397064571817e+01	9.99918049152999e-01,-5.90520667787327e-03
4.75682846001093e+01	9.99917562342795e-01,-5.94627774356916e-03
4.78991481847576e+01	9.99917068737458e-01,-5.98763442029227e-03
4.82323131076309e+01	9.99916568242145e-01,-6.02927869334643e-03
4.85677953758023e+01	9.99916060760689e-01,-6.07121256181748e-03
4.89056111076832e+01	9.99915546195582e-01,-6.11343803866859e-03
4.92457765337971e+01	9.99915024447954e-01,-6.15595715083621e-03
4.95883079975600e+01	9.99914495417557e-01,-6.19877193932666e-03
4.99332219560650e+01	9.99913959002742e-01,-6.24188445931343e-03
5.02805349808736e+01	9.99913415100443e-01,-6.28529678023505e-03
5.06302637588117e+01	9.99912863606156e-01,-6.32901098589373e-03
5.09824250927710e+01	9.99912304413916e-01,-6.37302917455462e-03
5.13370359025167e+01	9.99911737416281e-01,-6.41735345904576e-03
5.16941132255002e+01	9.99911162504312e-01,-6.46198596685866e-03
5.20536742176779e+01	9.99910579567545e-01,-6.50692884024969e-03
5.24157361543351e+01	9.99909988493978e-01,-6.55218423634202e-03
5.27803164309163e+01	9.99909389170046e-01,-6.59775432722835e-03
5.31474325638610e+01	9.99908781480596e-01,-6.64364130007428e-03
5.35171021914451e+01	9.99908165308872e-01,-6.68984735722247e-03
5.38893430746282e+01	9.99907540536487e-01,-6.73637471629737e-03
5.42641730979075e+01	9.99906907043402e-01,-6.78322561031080e-03
5.46416102701764e+01	9.99906264707902e-01,-6.83040228776817e-03
5.50216727255904e+01	9.99905613406575e-01,-6.87790701277546e-03
5.54043787244376e+01	9.99904953014287e-01,-6.92574206514687e-03
5.57897466540169e+01	9.99904283404157e-01,-6.97390974051329e-03
5.61777950295205e+01	9.99903604447533e-01,-7.02241235043144e-03
5.65685424949245e+01	9.99902916013970e-01,-7.07125222249377e-03
5.69620078238835e+01	9.99902217971200e-01,-7.12043170043908e-03
5.73582099206338e+01	9.99901510185111e-01,-7.16995314426397e-03
5.77571678209005e+01	9.99900792519720e-01,-7.21981893033497e-03
5.81589006928131e+01	9.99900064837145e-01,-7.27003145150142e-03
5.85634278378257e+01	9.99899326997581e-01,-7.32059311720919e-03
5.89707686916448e+01	9.99898578859273e-01,-7.37150635361513e-03
5.93809428251627e+01	9.99897820278487e-01,-7.42277360370228e-03
5.97939699453983e+01	9.99897051109482e-01,-7.47439732739584e-03
6.02098698964434e+01	9.99896271204486e-01,-7.52638000168005e-03
6.06286626604167e+01	9.99895480413664e-01,-7.57872412071568e-03
6.10503683584231e+01	9.99894678585092e-01,-7.63143219595845e-03
6.14750072515213e+01	9.99893865564722e-01,-7.68450675627821e-03
6.19025997416964e+01	9.99893041196361e-01,-7.73795034807890e-03
6.23331663728408e+01	9.99892205321635e-01,-7.79176553541935e-03
6.27667278317409e+01	9.99891357779959e-01,-7.84595490013488e-03
6.32033049490710e+01	9.99890498408509e-01,-7.90052104195977e-03
6.36429187003943e+01	9.99889627042189e-01,-7.95546657865044e-03
6.40855902071706e+01	9.99888743513599e-01,-8.01079414610961e-03
6.45313407377709e+01	9.99887847653004e-01,-8.06650639851116e-03
6.49801917084997e+01	9.99886939288300e-01,-8.12260600842596e-03
6.54321646846233e+01	9.99886018244983e-01,-8.17909566694841e-03
6.58872813814067e+01	9.99885084346112e-01,-8.23597808382395e-03
6.63455636651562e+01	9.99884137412281e-01,-8.29325598757736e-03
6.68070335542704e+01	9.99883177261577e-01,-8.35093212564197e-03
6.72717132202981e+01	9.99882203709551e-01,-8.40900926448967e-03
6.77396249890031e+01	9.99881216569181e-01,-8.46749018976186e-03
6.82107913414375e+01	9.99880215650836e-01,-8.52637770640127e-03
6.86852349150212e+01	9.99879200762237e-01,-8.58567463878462e-03
6.91629785046302e+01	9.99878171708424e-01,-8.64538383085621e-03
6.96440450636909e+01	9.99877128291719e-01,-8.70550814626241e-03
7.01284577052838e+01	9.99876070311683e-01,-8.76605046848701e-03
7.06162397032534e+01	9.99874997565081e-01,-8.82701370098753e-03
7.11074144933266e+01	9.99873909845846e-01,-8.88840076733240e-03
7.16020056742388e+01	9.99872806945032e-01,-8.95021461133908e-03
7.21000370088674e+01	9.99871688650781e-01,-9.01245819721307e-03
7.26015324253739e+01	9.99870554748278e-01,-9.07513450968793e-03
7.31065160183531e+01	9.99869405019712e-01,-9.13824655416614e-03
7.36150120499911e+01	9.99868239244232e-01,-9.20179735686094e-03
7.41270449512307e+01	9.99867057197909e-01,-9.26578996493915e-03
7.46426393229457e+01	9.99865858653688e-01,-9.33022744666488e-03
7.51618199371220e+01	9.99864643381347e-01,-9.39511289154423e-03
7.56846117380488e+01	9.99863411147453e-01,-9.46044941047097e-03
7.62110398435161e+01	9.99862161715316e-01,-9.52624013587316e-03
7.67411295460223e+01	9.99860894844944e-01,-9.59248822186072e-03
7.72749063139888e+01	9.99859610292998e-01,-9.65919684437410e-03
7.78123957929840e+01	9.99858307812746e-01,-9.72636920133377e-03
7.83536238069553e+01	9.99856987154012e-01,-9.79400851279082e-03
7.88986163594699e+01	9.99855648063131e-01,-9.86211802107853e-03
7.94473996349641e+01	9.99854290282901e-01,-9.93070099096494e-03
8.00000000000012e+01	9.99852913552529e-01,-9.99976070980639e-03
8.05564440045387e+01	9.99851517607590e-01,-1.00693004877022e-02
8.11167583832036e+01	9.99850102179964e-01,-1.01393236576502e-02
8.16809700565767e+01	9.99848666997798e-01,-1.02098335757033e-02
8.22491061324866e+01	9.99847211785441e-01,-1.02808336211276e-02
8.28211939073115e+01	9.99845736263402e-01,-1.03523271965605e-02
8.33972608672910e+01	9.99844240148290e-01,-1.04243177281708e-02
8.39773346898467e+01	9.99842723152761e-01,-1.04968086658196e-02
8.45614432449118e+01	9.99841184985463e-01,-1.05698034832220e-02
8.51496145962701e+01	9.99839625350982e-01,-1.06433056781101e-02
8.57418770029048e+01	9.99838043949783e-01,-1.07173187723971e-02
8.63382589203556e+01	9.99836440478154e-01,-1.07918463123421e-02
8.69387890020860e+01	9.99834814628147e-01,-1.08668918687169e-02
8.75434961008606e+01	9.99833166087517e-01,-1.09424590369723e-02
8.81524092701303e+01	9.99831494539669e-01,-1.10185514374076e-02
8.87655577654290e+01	9.99829799663589e-01,-1.10951727153390e-02
8.93829710457790e+01	9.99828081133788e-01,-1.11723265412710e-02
9.00046787751062e+01	9.99826338620237e-01,-1.12500166110675e-02
9.06307108236654e+01	9.99824571788304e-01,-1.13282466461249e-02
9.12610972694754e+01	9.99822780298693e-01,-1.14070203935461e-02
9.18958683997643e+01	9.99820963807374e-01,-1.14863416263154e-02
9.25350547124245e+01	9.99819121965520e-01,-1.15662141434745e-02
9.31786869174780e+01	9.99817254419441e-01,-1.16466417703005e-02
9.38267959385519e+01	9.99815360810513e-01,-1.17276283584836e-02
9.44794129143640e+01	9.99813440775113e-01,-1.18091777863074e-02
9.51365692002193e+01	9.99811493944548e-01,-1.18912939588294e-02
9.57982963695159e+01	9.99809519944982e-01,-1.19739808080631e-02
9.64646262152625e+01	9.99807518397368e-01,-1.20572422931611e-02
9.71355907516054e+01	9.99805488917373e-01,-1.21410824005996e-02
9.78112222153672e+01	9.99803431115305e-01,-1.22255051443638e-02
9.84915530675950e+01	9.99801344596040e-01,-1.23105145661346e-02
9.91766159951206e+01	9.99799228958943e-01,-1.23961147354767e-02
9.98664439121307e+01	9.99797083797795e-01,-1.24823097500277e-02
1.00561069961748e+02	9.99794908700713e-01,-1.25691037356885e-02
1.01260527517624e+02	9.99792703250069e-01,-1.26565008468147e-02
1.01964850185543e+02	9.99790467022417e-01,-1.27445052664097e-02
1.02674071805034e+02	9.99788199588403e-01,-1.28331212063185e-02
1.03388226451001e+02	9.99785900512692e-01,-1.29223529074231e-02
1.04107348435357e+02	9.99783569353875e-01,-1.30122046398392e-02
1.04831472308671e+02	9.99781205664394e-01,-1.31026807031136e-02
1.05560632861833e+02	9.99778808990449e-01,-1.31937854264237e-02
1.06294865127723e+02	9.99776378871915e-01,-1.32855231687774e-02
1.07034204382891e+02	9.99773914842252e-01,-1.33778983192150e-02
1.07778686149257e+02	9.99771416428418e-01,-1.34709152970119e-02
1.08528346195816e+02	9.99768883150776e-01,-1.35645785518828e-02
1.09283220540354e+02	9.99766314523004e-01,-1.36588925641873e-02
1.10043345451182e+02	9.99763710052001e-01,-1.37538618451362e-02
1.10808757448876e+02	9.99761069237793e-01,-1.38494909370001e-02
1.11579493308035e+02	9.99758391573436e-01,-1.39457844133183e-02
1.12355590059042e+02	9.99755676544924e-01,-1.40427468791097e-02
1.13137084989850e+02	9.99752923631082e-01,-1.41403829710848e-02
1.13924015647768e+02	9.99750132303474e-01,-1.42386973578588e-02
1.14716419841268e+02	9.99747302026300e-01,-1.43376947401668e-02
1.15514335641802e+02	9.99744432256291e-01,-1.44373798510789e-02
1.16317801385627e+02	9.99741522442607e-01,-1.45377574562183e-02
1.17126855675652e+02	9.99738572026733e-01,-1.46388323539799e-02
1.17941537383290e+02	9.99735580442369e-01,-1.47406093757500e-02
1.18761885650326e+02	9.99732547115323e-01,-1.48430933861280e-02
1.19587939890797e+02	9.99729471463404e-01,-1.49462892831490e-02
1.20419739792888e+02	9.99726352896307e-01,-1.50502019985082e-02
1.21257325320834e+02	9.99723190815501e-01,-1.51548364977864e-02
1.22100736716847e+02	9.99719984614115e-01,-1.52601977806766e-02
1.22950014503043e+02	9.99716733676824e-01,-1.53662908812130e-02
1.23805199483394e+02	9.99713437379727e-01,-1.54731208679999e-02
1.24666332745682e+02	9.99710095090232e-01,-1.55806928444437e-02
1.25533455663483e+02	9.99706706166932e-01,-1.56890119489848e-02
1.26406609898143e+02	9.99703269959485e-01,-1.57980833553318e-02
1.27285837400790e+02	9.99699785808490e-01,-1.59079122726971e-02
1.28171180414342e+02	9.99696253045355e-01,-1.60185039460334e-02
1.29062681475543e+02	9.99692670992178e-01,-1.61298636562721e-02
1.29960383417000e+02	9.99689038961612e-01,-1.62419967205631e-02
1.30864329369248e+02	9.99685356256735e-01,-1.63549084925157e-02
1.31774562762814e+02	9.99681622170918e-01,-1.64686043624415e-02
1.32691127330313e+02	9.99677835987688e-01,-1.65830897575983e-02
1.33614067108542e+02	9.99673996980592e-01,-1.66983701424356e-02
1.34543426440597e+02	9.99670104413059e-01,-1.68144510188416e-02
1.35479249978007e+02	9.99666157538261e-01,-1.69313379263916e-02
1.36421582682876e+02	9.99662155598965e-01,-1.70490364425983e-02
1.37370469830043e+02	9.99658097827394e-01,-1.71675521831627e-02
1.38325957009261e+02	9.99653983445077e-01,-1.72868908022273e-02
1.39288090127383e+02	9.99649811662704e-01,-1.74070579926305e-02
1.40256915410569e+02	9.99645581679971e-01,-1.75280594861624e-02
1.41232479406508e+02	9.99641292685431e-01,-1.76499010538223e-02
1.42214828986654e+02	9.99636943856336e-01,-1.77725885060775e-02
1.43204011348479e+02	9.99632534358484e-01,-1.78961276931239e-02
1.44200074017736e+02	9.99628063346054e-01,-1.80205245051477e-02
1.45203064850749e+02	9.99623529961453e-01,-1.81457848725891e-02
1.46213032036707e+02	9.99618933335145e-01,-1.82719147664071e-02
1.47230024099983e+02	9.99614272585487e-01,-1.83989201983460e-02
1.48254089902463e+02	9.99609546818565e-01,-1.85268072212035e-02
1.49285278645892e+02	9.99604755128017e-01,-1.86555819291006e-02
1.50323639874245e+02	9.99599896594867e-01,-1.87852504577520e-02
1.51369223476099e+02	9.99594970287344e-01,-1.89158189847395e-02
1.52422079687033e+02	9.99589975260708e-01,-1.90472937297857e-02
1.53482259092046e+02	9.99584910557070e-01,-1.91796809550301e-02
1.54549812627979e+02	9.99579775205207e-01,-1.93129869653061e-02
1.55624791585969e+02	9.99574568220378e-01,-1.94472181084202e-02
1.56707247613912e+02	9.99569288604139e-01,-1.95823807754324e-02
1.57797232718941e+02	9.99563935344149e-01,-1.97184814009378e-02
1.58894799269929e+02	9.99558507413980e-01,-1.98555264633508e-02
1.60000000000004e+02	9.99553003772920e-01,-1.99935224851897e-02
1.61112888009079e+02	9.99547423365775e-01,-2.01324760333636e-02
1.62233516766408e+02	9.99541765122669e-01,-2.02723937194609e-02
1.63361940113155e+02	9.99536027958841e-01,-2.04132822000389e-02
1.64498212264974e+02	9.99530210774436e-01,-2.05551481769152e-02
1.65642387814624e+02	9.99524312454298e-01,-2.06979983974610e-02
1.66794521734583e+02	9.99518331867755e-01,-2.08418396548956e-02
1.67954669379695e+02	9.99512267868410e-01,-2.09866787885822e-02
1.69122886489825e+02	9.99506119293915e-01,-2.11325226843265e-02
1.70299229192542e+02	9.99499884965756e-01,-2.12793782746751e-02
1.71483754005811e+02	9.99493563689028e-01,-2.14272525392173e-02
1.72676517840712e+02	9.99487154252203e-01,-2.15761525048870e-02
1.73877578004173e+02	9.99480655426907e-01,-2.17260852462673e-02
1.75086992201722e+02	9.99474065967680e-01,-2.18770578858958e-02
1.76304818540262e+02	9.99467384611745e-01,-2.20290775945723e-02
1.77531115530859e+02	9.99460610078763e-01,-2.21821515916672e-02
1.78765942091559e+02	9.99453741070593e-01,-2.23362871454326e-02
1.80009357550214e+02	9.99446776271046e-01,-2.24914915733139e-02
1.81261421647332e+02	9.99439714345632e-01,-2.26477722422633e-02
1.82522194538952e+02	9.99432553941308e-01,-2.28051365690559e-02
1.83791736799530e+02	9.99425293686222e-01,-2.29635920206055e-02
1.85070109424850e+02	9.99417932189453e-01,-2.31231461142837e-02
1.86357373834957e+02	9.99410468040745e-01,-2.32838064182394e-02
1.87653591877105e+02	9.99402899810240e-01,-2.34455805517207e-02
1.88958825828729e+02	9.99395226048209e-01,-2.36084761853982e-02
1.90273138400440e+02	9.99387445284773e-01,-2.37725010416891e-02
1.91596592739033e+02	9.99379556029628e-01,-2.39376628950841e-02
1.92929252430526e+02	9.99371556771763e-01,-2.41039695724747e-02
1.94271181503212e+02	9.99363445979167e-01,-2.42714289534833e-02
1.95622444430736e+02	9.99355222098547e-01,-2.44400489707934e-02
1.96983106135191e+02	9.99346883555029e-01,-2.46098376104828e-02
1.98353231990243e+02	9.99338428751859e-01,-2.47808029123571e-02
1.99732887824263e+02	9.99329856070104e-01,-2.49529529702859e-02
2.01122139923497e+02	9.99321163868344e-01,-2.51262959325395e-02
2.02521055035250e+02	9.99312350482358e-01,-2.53008400021278e-02
2.03929700371087e+02	9.99303414224815e-01,-2.54765934371403e-02
2.05348143610070e+02	9.99294353384949e-01,-2.56535645510883e-02
2.06776452902004e+02	9.99285166228239e-01,-2.58317617132477e-02
2.08214696870715e+02	9.99275850996080e-01,-2.60111933490039e-02
2.09662944617343e+02	9.99266405905449e-01,-2.61918679401983e-02
2.11121265723668e+02	9.99256829148569e-01,-2.63737940254757e-02
2.12589730255447e+02	9.99247118892567e-01,-2.65569802006335e-02
2.14068408765783e+02	9.99237273279130e-01,-2.67414351189730e-02
2.15557372298516e+02	9.99227290424149e-01,-2.69271674916507e-02
2.17056692391633e+02	9.99217168417367e-01,-2.71141860880326e-02
2.18566441080709e+02	9.99206905322016e-01,-2.73024997360490e-02
2.20086690902365e+02	9.99196499174452e-01,-2.74921173225509e-02
2.21617514897754e+02	9.99185947983788e-01,-2.76830477936682e-02
2.23158986616071e+02	9.99175249731510e-01,-2.78753001551687e-02
2.24711180118085e+02	9.99164402371104e-01,-2.80688834728188e-02
2.26274169979701e+02	9.99153403827666e-01,-2.82638068727462e-02
2.27848031295537e+02	9.99142251997512e-01,-2.84600795418023e-02
2.29432839682538e+02	9.99130944747783e-01,-2.86577107279281e-02
2.31028671283605e+02	9.99119479916037e-01,-2.88567097405196e-02
2.32635602771256e+02	9.99107855309850e-01,-2.90570859507957e-02
2.34253711351306e+02	9.99096068706396e-01,-2.92588487921666e-02
2.35883074766582e+02	9.99084117852032e-01,-2.94620077606042e-02
2.37523771300654e+02	9.99072000461873e-01,-2.96665724150135e-02
2.39175879781596e+02	9.99059714219363e-01,-2.98725523776046e-02
2.40839479585777e+02	9.99047256775835e-01,-3.00799573342674e-02
2.42514650641670e+02	9.99034625750076e-01,-3.02887970349459e-02
2.44201473433696e+02	9.99021818727872e-01,-3.04990812940149e-02
2.45900029006089e+02	9.99008833261561e-01,-3.07108199906571e-02
2.47610398966789e+02	9.98995666869567e-01,-3.09240230692421e-02
2.49332665491367e+02	9.98982317035938e-01,-3.11387005397055e-02
2.51066911326967e+02	9.98968781209871e-01,-3.13548624779303e-02
2.52813219796288e+02	9.98955056805236e-01,-3.15725190261284e-02
2.54571674801581e+02	9.98941141200086e-01,-3.17916803932238e-02
2.56342360828686e+02	9.98927031736171e-01,-3.20123568552363e-02
2.58125362951087e+02	9.98912725718435e-01,-3.22345587556669e-02
2.59920766834002e+02	9.98898220414511e-01,-3.24582965058833e-02
2.61728658738497e+02	9.98883513054212e-01,-3.26835805855072e-02
2.63549125525631e+02	9.98868600829008e-01,-3.29104215428019e-02
2.65382254660629e+02	9.98853480891503e-01,-3.31388299950612e-02
2.67228134217086e+02	9.98838150354902e-01,-3.33688166289989e-02
2.69086852881196e+02	9.98822606292467e-01,-3.36003922011393e-02
2.70958499956016e+02	9.98806845736974e-01,-3.38335675382084e-02
2.72843165365754e+02	9.98790865680155e-01,-3.40683535375257e-02
2.74740939660089e+02	9.98774663072140e-01,-3.43047611673973e-02
2.76651914018525e+02	9.98758234820880e-01,-3.45428014675088e-02
2.78576180254768e+02	9.98741577791575e-01,-3.47824855493199e-02
2.80513830821139e+02	9.98724688806088e-01,-3.50238245964587e-02
2.82464958813018e+02	9.98707564642350e-01,-3.52668298651168e-02
2.84429657973310e+02	9.98690202033760e-01,-3.55115126844456e-02
2.86408022696959e+02	9.98672597668576e-01,-3.57578844569523e-02
2.88400148035474e+02	9.98654748189297e-01,-3.60059566588965e-02
2.90406129701500e+02	9.98636650192038e-01,-3.62557408406873e-02
2.92426064073417e+02	9.98618300225897e-01,-3.65072486272811e-02
2.94460048199969e+02	9.98599694792309e-01,-3.67604917185794e-02
2.96508179804927e+02	9.98580830344400e-01,-3.70154818898263e-02
2.98570557291787e+02	9.98561703286325e-01,-3.72722309920074e-02
3.00647279748492e+02	9.98542309972597e-01,-3.75307509522481e-02
3.02738446952199e+02	9.98522646707414e-01,-3.77910537742119e-02
3.04844159374069e+02	9.98502709743971e-01,-3.80531515384994e-02
3.06964518184094e+02	9.98482495283762e-01,-3.83170564030466e-02
3.09099625255960e+02	9.98461999475879e-01,-3.85827806035237e-02
3.11249583171940e+02	9.98441218416297e-01,-3.88503364537334e-02
3.13414495227826e+02	9.98420148147147e-01,-3.91197363460093e-02
3.15594465437884e+02	9.98398784655989e-01,-3.93909927516138e-02
3.17789598539861e+02	9.98377123875061e-01,-3.96641182211362e-02
3.20000000000009e+02	9.98355161680535e-01,-3.99391253848896e-02
3.22225776018160e+02	9.98332893891746e-01,-4.02160269533085e-02
3.24467033532819e+02	9.98310316270427e-01,-4.04948357173445e-02
3.26723880226312e+02	9.98287424519918e-01,-4.07755645488631e-02
3.28996424529951e+02	9.98264214284379e-01,-4.10582264010382e-02
3.31284775629251e+02	9.98240681147983e-01,-4.13428343087472e-02
3.33589043469169e+02	9.98216820634102e-01,-4.16294013889644e-02
3.35909338759392e+02	9.98192628204482e-01,-4.19179408411543e-02
3.38245772979652e+02	9.98168099258406e-01,-4.22084659476633e-02
3.40598458385085e+02	9.98143229131851e-01,-4.25009900741107e-02
3.42967508011624e+02	9.98118013096622e-01,-4.27955266697787e-02
3.45353035681427e+02	9.98092446359490e-01,-4.30920892680007e-02
3.47755156008349e+02	9.98066524061308e-01,-4.33906914865494e-02
3.50173984403447e+02	9.98040241276118e-01,-4.36913470280218e-02
3.52609637080526e+02	9.98013593010247e-01,-4.39940696802246e-02
3.55062231061721e+02	9.97986574201392e-01,-4.42988733165567e-02
3.57531884183121e+02	9.97959179717695e-01,-4.46057718963908e-02
3.60018715100430e+02	9.97931404356794e-01,-4.49147794654528e-02
3.62522843294667e+02	9.97903242844881e-01,-4.52259101561996e-02
3.65044389077907e+02	9.97874689835731e-01,-4.55391781881949e-02
3.67583473599063e+02	9.97845739909726e-01,-4.58545978684828e-02
3.70140218849704e+02	9.97816387572867e-01,-4.61721835919593e-02
3.72714747669917e+02	9.97786627255768e-01,-4.64919498417419e-02
3.75307183754213e+02	9.97756453312644e-01,-4.68139111895359e-02
3.77917651657462e+02	9.97725860020278e-01,-4.71380822959990e-02
3.80546276800883e+02	9.97694841576981e-01,-4.74644779111031e-02
3.83193185478069e+02	9.97663392101536e-01,-4.77931128744931e-02
3.85858504861056e+02	9.97631505632129e-01,-4.81240021158429e-02
3.88542363006427e+02	9.97599176125264e-01,-4.84571606552083e-02
3.91244888861474e+02	9.97566397454667e-01,-4.87926036033773e-02
3.93966212270386e+02	9.97533163410174e-01,-4.91303461622163e-02
3.96706463980488e+02	9.97499467696609e-01,-4.94704036250134e-02
3.99465775648529e+02	9.97465303932638e-01,-4.98127913768180e-02
4.02244279846998e+02	9.97430665649618e-01,-5.01575248947768e-02
4.05042110070503e+02	9.97395546290426e-01,-5.05046197484659e-02
4.07859400742177e+02	9.97359939208279e-01,-5.08540916002186e-02
4.10696287220143e+02	9.97323837665526e-01,-5.12059562054496e-02
4.13552905804011e+02	9.97287234832442e-01,-5.15602294129741e-02
4.16429393741432e+02	9.97250123785991e-01,-5.19169271653238e-02
4.19325889234690e+02	9.97212497508586e-01,-5.22760654990563e-02
4.22242531447340e+02	9.97174348886821e-01,-5.26376605450616e-02
4.25179460510898e+02	9.97135670710197e-01,-5.30017285288623e-02
4.28136817531570e+02	9.97096455669830e-01,-5.33682857709091e-02
4.31114744597035e+02	9.97056696357134e-01,-5.37373486868713e-02
4.34113384783269e+02	9.97016385262500e-01,-5.41089337879211e-02
4.37132882161421e+02	9.96975514773953e-01,-5.44830576810127e-02
4.40173381804733e+02	9.96934077175785e-01,-5.48597370691550e-02
4.43235029795511e+02	9.96892064647183e-01,-5.52389887516791e-02
4.46317973232145e+02	9.96849469260836e-01,-5.56208296244984e-02
4.49422360236174e+02	9.96806282981513e-01,-5.60052766803625e-02
4.52548339959406e+02	9.96762497664644e-01,-5.63923470091052e-02
4.55696062591078e+02	9.96718105054867e-01,-5.67820577978844e-02
4.58865679365080e+02	9.96673096784561e-01,-5.71744263314154e-02
4.62057342567214e+02	9.96627464372365e-01,-5.75694699921971e-02
4.65271205542515e+02	9.96581199221673e-01,-5.79672062607298e-02
4.68507422702616e+02	9.96534292619115e-01,-5.83676527157258e-02
4.71766149533168e+02	9.96486735733014e-01,-5.87708270343116e-02
4.75047542601312e+02	9.96438519611831e-01,-5.91767469922220e-02
4.78351759563197e+02	9.96389635182583e-01,-5.95854304639855e-02
4.81678959171558e+02	9.96340073249248e-01,-5.99968954231007e-02
4.85029301283344e+02	9.96289824491147e-01,-6.04111599422036e-02
4.88402946867396e+02	9.96238879461306e-01,-6.08282421932260e-02
4.91800058012181e+02	9.96187228584801e-01,-6.12481604475438e-02
4.95220797933582e+02	9.96134862157078e-01,-6.16709330761153e-02
4.98665330982737e+02	9.96081770342261e-01,-6.20965785496100e-02
5.02133822653938e+02	9.96027943171425e-01,-6.25251154385255e-02
5.05626439592579e+02	9.95973370540864e-01,-6.29565624132955e-02
5.09143349603166e+02	9.95918042210329e-01,-6.33909382443854e-02
5.12684721657376e+02	9.95861947801246e-01,-6.38282618023764e-02
5.16250725902179e+02	9.95805076794914e-01,-6.42685520580388e-02
5.19841533668009e+02	9.95747418530679e-01,-6.47118280823927e-02
5.23457317476998e+02	9.95688962204091e-01,-6.51581090467562e-02
5.27098251051265e+02	9.95629696865031e-01,-6.56074142227814e-02
5.30764509321261e+02	9.95569611415828e-01,-6.60597629824771e-02
5.34456268434175e+02	9.95508694609337e-01,-6.65151747982174e-02
5.38173705762396e+02	9.95446935047010e-01,-6.69736692427383e-02
5.41916999912037e+02	9.95384321176934e-01,-6.74352659891185e-02
5.45686330731512e+02	9.95320841291850e-01,-6.78999848107464e-02
5.49481879320182e+02	9.95256483527153e-01,-6.83678455812724e-02
5.53303828037053e+02	9.95191235858853e-01,-6.88388682745457e-02
5.57152360509539e+02	9.95125086101534e-01,-6.93130729645355e-02
5.61027661642283e+02	9.95058021906271e-01,-6.97904798252363e-02
5.64929917626039e+02	9.94990030758534e-01,-7.02711091305566e-02
5.68859315946625e+02	9.94921099976060e-01,-7.07549812541909e-02
5.72816045393923e+02	9.94851216706706e-01,-7.12421166694742e-02
5.76800296070952e+02	9.94780367926277e-01,-7.17325359492190e-02
5.80812259403004e+02	9.94708540436323e-01,-7.22262597655342e-02
5.84852128146837e+02	9.94635720861920e-01,-7.27233088896248e-02
5.88920096399941e+02	9.94561895649418e-01,-7.32237041915736e-02
5.93016359609859e+02	9.94487051064166e-01,-7.37274666401022e-02
5.97141114583579e+02	9.94411173188216e-01,-7.42346173023129e-02
6.01294559496990e+02	9.94334247917990e-01,-7.47451773434094e-02
6.05476893904404e+02	9.94256260961933e-01,-7.52591680263971e-02
6.09688318748142e+02	9.94177197838135e-01,-7.57766107117615e-02
6.13929036368192e+02	9.94097043871918e-01,-7.62975268571248e-02
6.18199250511924e+02	9.94015784193415e-01,-7.68219380168795e-02
6.22499166343886e+02	9.93933403735103e-01,-7.73498658417998e-02
6.26828990455656e+02	9.93849887229321e-01,-7.78813320786284e-02
6.31188930875773e+02	9.93765219205756e-01,-7.84163585696399e-02
6.35579197079727e+02	9.93679383988900e-01,-7.89549672521789e-02
6.40000000000024e+02	9.93592365695489e-01,-7.94971801581730e-02
6.44451552036324e+02	9.93504148231899e-01,-8.00430194136200e-02
6.48934067065643e+02	9.93414715291526e-01,-8.05925072380483e-02
6.53447760452628e+02	9.93324050352134e-01,-8.11456659439504e-02
6.57992849059907e+02	9.93232136673173e-01,-8.17025179361887e-02
6.62569551258507e+02	9.93138957293075e-01,-8.22630857113728e-02
6.67178086938343e+02	9.93044495026508e-01,-8.28273918572074e-02
6.71818677518788e+02	9.92948732461619e-01,-8.33954590518116e-02
6.76491545959309e+02	9.92851651957233e-01,-8.39673100630067e-02
6.81196916770176e+02	9.92753235640032e-01,-8.45429677475733e-02
6.85935016023254e+02	9.92653465401698e-01,-8.51224550504776e-02
6.90706071362860e+02	9.92552322896036e-01,-8.57057950040638e-02
6.95510312016704e+02	9.92449789536056e-01,-8.62930107272140e-02
7.00347968806900e+02	9.92345846491034e-01,-8.68841254244749e-02
7.05219274161058e+02	9.92240474683542e-01,-8.74791623851491e-02
7.10124462123448e+02	9.92133654786444e-01,-8.80781449823507e-02
7.15063768366248e+02	9.92025367219864e-01,-8.86810966720261e-02
7.20037430200866e+02	9.91915592148130e-01,-8.92880409919364e-02
7.25045686589339e+02	9.91804309476676e-01,-8.98990015606031e-02
7.30088778155819e+02	9.91691498848924e-01,-9.05140020762150e-02
7.35166947198131e+02	9.91577139643131e-01,-9.11330663154953e-02
7.40280437699413e+02	9.91461210969208e-01,-9.17562181325291e-02
7.45429495339841e+02	9.91343691665504e-01,-9.23834814575500e-02
7.50614367508432e+02	9.91224560295567e-01,-9.30148802956837e-02
7.55835303314929e+02	9.91103795144865e-01,-9.36504387256502e-02
7.61092553601771e+02	9.90981374217484e-01,-9.42901808984213e-02
7.66386370956144e+02	9.90857275232796e-01,-9.49341310358340e-02
7.71717009722117e+02	9.90731475622087e-01,-9.55823134291582e-02
7.77084726012860e+02	9.90603952525165e-01,-9.62347524376182e-02
7.82489777722954e+02	9.90474682786929e-01,-9.68914724868662e-02
7.87932424540777e+02	9.90343642953917e-01,-9.75524980674080e-02
7.93412927960983e+02	9.90210809270812e-01,-9.82178537329791e-02
7.98931551297063e+02	9.90076157676923e-01,-9.88875640988702e-02
8.04488559694002e+02	9.89939663802640e-01,-9.95616538402018e-02
8.10084220141011e+02	9.89801302965849e-01,-1.00240147690146e-01
8.15718801484360e+02	9.89661050168325e-01,-1.00923070438094e-01
8.21392574440291e+02	9.89518880092085e-01,-1.01610446927772e-01
8.27105811608028e+02	9.89374767095725e-01,-1.02302302055296e-01
8.32858787482871e+02	9.89228685210711e-01,-1.02998660767178e-01
8.38651778469386e+02	9.89080608137654e-01,-1.03699548058264e-01
8.44485062894686e+02	9.88930509242542e-01,-1.04404988969623e-01
8.50358921021801e+02	9.88778361552952e-01,-1.05115008586370e-01
8.56273635063146e+02	9.88624137754232e-01,-1.05829632035425e-01
8.62229489194076e+02	9.88467810185643e-01,-1.06548884483223e-01
8.68226769566545e+02	9.88309350836489e-01,-1.07272791133340e-01
8.74265764322848e+02	9.88148731342201e-01,-1.08001377224072e-01
8.80346763609472e+02	9.87985922980402e-01,-1.08734668025938e-01
8.86470059591028e+02	9.87820896666946e-01,-1.09472688839120e-01
8.92635946464296e+02	9.87653622951915e-01,-1.10215464990830e-01
8.98844720472355e+02	9.87484072015605e-01,-1.10963021832610e-01
9.05096679918818e+02	9.87312213664474e-01,-1.11715384737563e-01
9.11392125182163e+02	9.87138017327065e-01,-1.12472579097505e-01
9.17731358730167e+02	9.86961452049901e-01,-1.13234630320048e-01
9.24114685134435e+02	9.86782486493358e-01,-1.14001563825608e-01
9.30542411085037e+02	9.86601088927507e-01,-1.14773405044329e-01
9.37014845405239e+02	9.86417227227932e-01,-1.15550179412942e-01
9.43532299066344e+02	9.86230868871525e-01,-1.16331912371528e-01
9.50095085202631e+02	9.86041980932248e-01,-1.17118629360219e-01
9.56703519126400e+02	9.85850530076887e-01,-1.17910355815794e-01
9.63357918343123e+02	9.85656482560581e-01,-1.18707117168171e-01
9.70058602566695e+02	9.85459804223249e-01,-1.19508938837014e-01
9.76805893734798e+02	9.85260460484177e-01,-1.20315846227825e-01
9.83600116024369e+02	9.85058416338394e-01,-1.21127864728380e-01
9.90441595867171e+02	9.84853636352122e-01,-1.21945019704863e-01
9.97330661965481e+02	9.84646084658388e-01,-1.22767336497943e-01
1.00426764530788e+03	9.84435724952615e-01,-1.23594840418767e-01
1.01125287918517e+03	9.84222520488190e-01,-1.24427556744852e-01
1.01828669920634e+03	9.84006434072021e-01,-1.25265510715881e-01
1.02536944331476e+03	9.83787428060070e-01,-1.26108727529407e-01
1.03250145180437e+03	9.83565464352874e-01,-1.26957232336447e-01
1.03968306733603e+03	9.83340504391046e-01,-1.27811050236987e-01
1.04691463495400e+03	9.83112509150763e-01,-1.28670206275372e-01
1.05419650210254e+03	9.82881439139243e-01,-1.29534725435603e-01
1.06152901864253e+03	9.82647254390203e-01,-1.30404632636513e-01
1.06891253686836e+03	9.82409914459308e-01,-1.31279952726853e-01
1.07634741152480e+03	9.82169378419612e-01,-1.32160710480251e-01
1.08383399982408e+03	9.81925604856984e-01,-1.33046930590070e-01
1.09137266146303e+03	9.81678551865530e-01,-1.33938637664152e-01
1.09896375864037e+03	9.81428177043002e-01,-1.34835856219436e-01
1.10660765607411e+03	9.81174437486209e-01,-1.35738610676476e-01
1.11430472101909e+03	9.80917289786417e-01,-1.36646925353827e-01
1.12205532328457e+03	9.80656690024745e-01,-1.37560824462314e-01
1.12985983525209e+03	9.80392593767563e-01,-1.38480332099180e-01
1.13771863189326e+03	9.80124956061889e-01,-1.39405472242110e-01
1.14563209078785e+03	9.79853731430781e-01,-1.40336268743124e-01
1.15360059214191e+03	9.79578873868740e-01,-1.41272745322351e-01
1.16162451880602e+03	9.79300336837110e-01,-1.42214925561658e-01
1.16970425629368e+03	9.79018073259487e-01,-1.43162832898166e-01
1.17784019279989e+03	9.78732035517138e-01,-1.44116490617617e-01
1.18603271921973e+03	9.78442175444418e-01,-1.45075921847610e-01
1.19428222916717e+03	9.78148444324215e-01,-1.46041149550704e-01
1.20258911899399e+03	9.77850792883393e-01,-1.47012196517374e-01
1.21095378780882e+03	9.77549171288257e-01,-1.47989085358828e-01
1.21937663749629e+03	9.77243529140033e-01,-1.48971838499686e-01
1.22785807273639e+03	9.76933815470370e-01,-1.49960478170502e-01
1.23639850102386e+03	9.76619978736854e-01,-1.50955026400151e-01
1.24499833268778e+03	9.76301966818383e-01,-1.51955505008004e-01
1.25365798091132e+03	9.75979727011435e-01,-1.52961935596228e-01
1.26237786175155e+03	9.75653206024609e-01,-1.53974339541384e-01
1.27115839415946e+03	9.75322349974959e-01,-1.54992737986418e-01
1.28000000000006e+03	9.74987104383475e-01,-1.56017151832223e-01
1.28890310407266e+03	9.74647414170781e-01,-1.57047601729093e-01
1.29786813413129e+03	9.74303223652862e-01,-1.58084108068019e-01
1.30689552090527e+03	9.73954476536846e-01,-1.59126690971818e-01
1.31598569811982e+03	9.73601115916815e-01,-1.60175370286104e-01
1.32513910251702e+03	9.73243084269668e-01,-1.61230165570083e-01
1.33435617387669e+03	9.72880323451038e-01,-1.62291096087187e-01
1.34363735503759e+03	9.72512774691253e-01,-1.63358180795535e-01
1.35298309191863e+03	9.72140378591355e-01,-1.64431438338218e-01
1.36239383354036e+03	9.71763075119184e-01,-1.65510887033413e-01
1.37187003204652e+03	9.71380803605510e-01,-1.66596544864321e-01
1.38141214272573e+03	9.70993502740246e-01,-1.67688429468924e-01
1.39102062403342e+03	9.70601110568717e-01,-1.68786558129568e-01
1.40069593761381e+03	9.70203564488008e-01,-1.69890947762354e-01
1.41043854832213e+03	9.69800801243386e-01,-1.71001614906356e-01
1.42024892424691e+03	9.69392756924799e-01,-1.72118575712645e-01
1.43012753673251e+03	9.68979366963463e-01,-1.73241845933137e-01
1.44007486040174e+03	9.68560566128532e-01,-1.74371440909239e-01
1.45009137317869e+03	9.68136288523861e-01,-1.75507375560313e-01
1.46017755631165e+03	9.67706467584866e-01,-1.76649664371951e-01
1.47033389439627e+03	9.67271036075477e-01,-1.77798321384044e-01
1.48056087539884e+03	9.66829926085204e-01,-1.78953360178669e-01
1.49085899067969e+03	9.66383069026305e-01,-1.80114793867776e-01
1.50122873501687e+03	9.65930395631064e-01,-1.81282635080670e-01
1.51167060662987e+03	9.65471835949199e-01,-1.82456895951304e-01
1.52218510720355e+03	9.65007319345374e-01,-1.83637588105363e-01
1.53277274191230e+03	9.64536774496853e-01,-1.84824722647151e-01
1.54343401944424e+03	9.64060129391279e-01,-1.86018310146275e-01
1.55416945202573e+03	9.63577311324588e-01,-1.87218360624121e-01
1.56497955544592e+03	9.63088246899072e-01,-1.88424883540126e-01
1.57586484908157e+03	9.62592862021579e-01,-1.89637887777847e-01
1.58682585592198e+03	9.62091081901876e-01,-1.90857381630818e-01
1.59786310259414e+03	9.61582831051162e-01,-1.92083372788199e-01
1.60897711938801e+03	9.61068033280750e-01,-1.93315868320222e-01
1.62016844028203e+03	9.60546611700913e-01,-1.94554874663418e-01
1.63143760296873e+03	9.60018488719912e-01,-1.95800397605641e-01
1.64278514888059e+03	9.59483586043196e-01,-1.97052442270877e-01
1.65421162321607e+03	9.58941824672796e-01,-1.98311013103844e-01
1.66571757496575e+03	9.58393124906913e-01,-1.99576113854379e-01
1.67730355693878e+03	9.57837406339615e-01,-2.00847747561575e-01
1.68897012578938e+03	9.57274587861159e-01,-2.02125916537892e-01
1.70071784204361e+03	9.56704587657700e-01,-2.03410622352688e-01
1.71254727012630e+03	9.56127323212042e-01,-2.04701865815905e-01
1.72445897838816e+03	9.55542711304200e-01,-2.05999646961359e-01
1.73645353913310e+03	9.54950668012283e-01,-2.07303965029853e-01
1.74853152864571e+03	9.54351108713609e-01,-2.08614818452085e-01
1.76069352721896e+03	9.53743948086075e-01,-2.09932204831342e-01
1.77294011918207e+03	9.53129100109774e-01,-2.11256120925982e-01
1.78527189292860e+03	9.52506478068873e-01,-2.12586562631711e-01
1.79768944094472e+03	9.51875994553765e-01,-2.13923524963651e-01
1.81019335983765e+03	9.51237561463490e-01,-2.15267002038202e-01
1.82278425036434e+03	9.50591090008446e-01,-2.16616987054698e-01
1.83546271746035e+03	9.49936490713386e-01,-2.17973472276858e-01
1.84822937026888e+03	9.49273673420558e-01,-2.19336449013962e-01
1.86108482217009e+03	9.48602547293949e-01,-2.20705907602210e-01
1.87402969081049e+03	9.47923020822246e-01,-2.22081837385111e-01
1.88706459813270e+03	9.47235001823718e-01,-2.23464226694449e-01
1.90019017040527e+03	9.46538397450635e-01,-2.24853062830670e-01
1.91340703825281e+03	9.45833114194181e-01,-2.26248332043154e-01
1.92671583668626e+03	9.45119057889719e-01,-2.27650019510305e-01
1.94011720513340e+03	9.44396133722408e-01,-2.29058109319444e-01
1.95361178746961e+03	9.43664246233193e-01,-2.30472584446538e-01
1.96720023204875e+03	9.42923299325166e-01,-2.31893426735735e-01
1.98088319173436e+03	9.42173196270303e-01,-2.33320616878734e-01
1.99466132393098e+03	9.41413839716608e-01,-2.34754134393985e-01
2.00853529061578e+03	9.40645131695643e-01,-2.36193957605718e-01
2.02250575837034e+03	9.39866973630479e-01,-2.37640063622814e-01
2.03657339841269e+03	9.39079266344056e-01,-2.39092428317523e-01
2.05073888662953e+03	9.38281910067983e-01,-2.40551026304024e-01
2.06500290360874e+03	9.37474804451763e-01,-2.42015830916841e-01
2.07936613467207e+03	9.36657848572476e-01,-2.43486814189123e-01
2.09382926990802e+03	9.35830940944911e-01,-2.44963946830781e-01
2.10839300420509e+03	9.34993979532165e-01,-2.46447198206507e-01
2.12305803728508e+03	9.34146861756715e-01,-2.47936536313659e-01
2.13782507373673e+03	9.33289484511983e-01,-2.49431927760042e-01
2.15269482304962e+03	9.32421744174383e-01,-2.50933337741571e-01
2.16766799964818e+03	9.31543536615801e-01,-2.52440730019801e-01
2.18274532292608e+03	9.30654757216971e-01,-2.53954066899570e-01
2.19792751728076e+03	9.29755300880604e-01,-2.55473309206128e-01
2.21321531214825e+03	9.28845062045819e-01,-2.56998416262626e-01
2.22860944203819e+03	9.27923934702726e-01,-2.58529345867314e-01
2.24411064656916e+03	9.26991812407645e-01,-2.60066054270732e-01
2.25971967050419e+03	9.26048588298874e-01,-2.61608496152843e-01
2.27543726378653e+03	9.25094155113038e-01,-2.63156624600134e-01
2.29126418157573e+03	9.24128405202005e-01,-2.64710391082682e-01
2.30720118428384e+03	9.23151230550401e-01,-2.66269745431208e-01
2.32324903761205e+03	9.22162522793713e-01,-2.67834635814118e-01
2.33940851258738e+03	9.21162173237006e-01,-2.69405008714547e-01
2.35568038559980e+03	9.20150072874249e-01,-2.70980808907427e-01
2.37206543843947e+03	9.19126112408265e-01,-2.72561979436575e-01
2.38856445833435e+03	9.18090182271323e-01,-2.74148461591820e-01
2.40517823798799e+03	9.17042172646358e-01,-2.75740194886192e-01
2.42190757561765e+03	9.15981973488853e-01,-2.77337117033168e-01
2.43875327499260e+03	9.14909474549231e-01,-2.78939163923911e-01
2.45571614547280e+03	9.13824565396627e-01,-2.80546269605076e-01
2.47279700204773e+03	9.12727135441906e-01,-2.82158366255772e-01
2.48999666537558e+03	9.11617073962799e-01,-2.83775384165605e-01
2.50731596182266e+03	9.10494270129006e-01,-2.85397251712378e-01
2.52475572350313e+03	9.09358613028142e-01,-2.87023895340053e-01
2.54231678831894e+03	9.08209991692390e-01,-2.88655239536872e-01
2.56000000000013e+03	9.07048295125795e-01,-2.90291206813630e-01
2.57780620814533e+03	9.05873412332621e-01,-2.91931717682390e-01
2.59573626826261e+03	9.04685232345738e-01,-2.93576690634943e-01
2.61379104181055e+03	9.03483644256439e-01,-2.95226042121985e-01
2.63197139623967e+03	9.02268537244636e-01,-2.96879686532325e-01
2.65027820503406e+03	9.01039800609880e-01,-2.98537536172416e-01
2.66871234775341e+03	8.99797323803113e-01,-3.00199501246179e-01
2.68727471007519e+03	8.98540996459181e-01,-3.01865489835161e-01
2.70596618383727e+03	8.97270708430097e-01,-3.03535407879015e-01
2.72478766708074e+03	8.95986349819065e-01,-3.05209159156358e-01
2.74374006409305e+03	8.94687811015266e-01,-3.06886645265995e-01
2.76282428545148e+03	8.93374982729404e-01,-3.08567765608560e-01
2.78204124806685e+03	8.92047756029899e-01,-3.10252417368469e-01
2.80139187522764e+03	8.90706022380492e-01,-3.11940495496843e-01
2.82087709664427e+03	8.89349673677317e-01,-3.13631892693868e-01
2.84049784849383e+03	8.87978602288055e-01,-3.15326499392678e-01
2.86025507346503e+03	8.86592701091202e-01,-3.17024203743247e-01
2.88014972080350e+03	8.85191863516237e-01,-3.18724891596923e-01
2.90018274635740e+03	8.83775983584443e-01,-3.20428446491414e-01
2.92035511262332e+03	8.82344955951119e-01,-3.22134749636916e-01
2.94066778879257e+03	8.80898675947295e-01,-3.23843679901771e-01
2.96112175079769e+03	8.79437039623484e-01,-3.25555113799851e-01
2.98171798135941e+03	8.77959943793550e-01,-3.27268925478066e-01
3.00245747003377e+03	8.76467286079467e-01,-3.28984986704674e-01
3.02334121325976e+03	8.74958964956826e-01,-3.30703166858320e-01
3.04437021440713e+03	8.73434879801083e-01,-3.32423332917808e-01
3.06554548382462e+03	8.71894930934554e-01,-3.34145349452663e-01
3.08686803888851e+03	8.70339019674129e-01,-3.35869078614485e-01
3.10833890405149e+03	8.68767048379662e-01,-3.37594380129081e-01
3.12995911089186e+03	8.67178920503367e-01,-3.39321111289726e-01
3.15172969816316e+03	8.65574540639312e-01,-3.41049126950767e-01
3.17365171184398e+03	8.63953814574226e-01,-3.42778279522681e-01
3.19572620518830e+03	8.62316649338546e-01,-3.44508418967694e-01
3.21795423877605e+03	8.60662953258798e-01,-3.46239392796980e-01
3.24033688056409e+03	8.58992636009448e-01,-3.47971046067748e-01
3.26287520593749e+03	8.57305608666575e-01,-3.49703221382462e-01
3.28557029776121e+03	8.55601783761576e-01,-3.51435758888572e-01
3.30842324643216e+03	8.53881075335607e-01,-3.53168496279428e-01
3.33143514993153e+03	8.52143398994597e-01,-3.54901268796318e-01
3.35460711387759e+03	8.50388671964859e-01,-3.56633909231638e-01
3.37794025157879e+03	8.48616813149232e-01,-3.58366247933242e-01
3.40143568408726e+03	8.46827743183710e-01,-3.60098112809926e-01
3.42509454025263e+03	8.45021384494861e-01,-3.61829329338429e-01
3.44891795677636e+03	8.43197661357174e-01,-3.63559720571111e-01
3.47290707826623e+03	8.41356499951424e-01,-3.65289107145497e-01
3.49706305729145e+03	8.39497828423095e-01,-3.67017307294716e-01
3.52138705443794e+03	8.37621576941807e-01,-3.68744136859924e-01
3.54588023836416e+03	8.35727677760050e-01,-3.70469409302929e-01
3.57054378585724e+03	8.33816065273350e-01,-3.72192935721367e-01
3.59537888188947e+03	8.31886676080232e-01,-3.73914524864716e-01
3.62038671967532e+03	8.29939449042577e-01,-3.75633983151865e-01
3.64556850072871e+03	8.27974325346246e-01,-3.77351114690159e-01
3.67092543492072e+03	8.25991248561888e-01,-3.79065721295872e-01
3.69645874053780e+03	8.23990164706194e-01,-3.80777602516491e-01
3.72216964434020e+03	8.21971022302806e-01,-3.82486555653957e-01
3.74805938162101e+03	8.19933772443763e-01,-3.84192375789935e-01
3.77412919626543e+03	8.17878368851268e-01,-3.85894855812965e-01
3.80038034081058e+03	8.15804767938568e-01,-3.87593786446099e-01
3.82681407650566e+03	8.13712928871836e-01,-3.89288956277347e-01
3.85343167337255e+03	8.11602813631515e-01,-3.90980151791172e-01
3.88023441026684e+03	8.09474387073694e-01,-3.92667157401777e-01
3.90722357493925e+03	8.07327616991316e-01,-3.94349755488005e-01
3.93440046409753e+03	8.05162474175451e-01,-3.96027726430243e-01
3.96176638346874e+03	8.02978932475904e-01,-3.97700848648437e-01
3.98932264786198e+03	8.00776968862022e-01,-3.99368898642439e-01
4.01707058123159e+03	7.98556563482972e-01,-4.01031651033790e-01
4.04501151674072e+03	7.96317699727714e-01,-4.02688878609318e-01
4.07314679682541e+03	7.94060364284482e-01,-4.04340352366382e-01
4.10147777325910e+03	7.91784547200250e-01,-4.05985841560487e-01
4.13000580721752e+03	7.89490241938735e-01,-4.07625113753353e-01
4.15873226934416e+03	7.87177445439153e-01,-4.09257934864586e-01
4.18765853981608e+03	7.84846158173057e-01,-4.10884069223321e-01
4.21678600841022e+03	7.82496384201476e-01,-4.12503279622998e-01
4.24611607457018e+03	7.80128131230892e-01,-4.14115327377320e-01
4.27565014747350e+03	7.77741410668494e-01,-4.15719972378075e-01
4.30538964609927e+03	7.75336237676812e-01,-4.17316973155054e-01
4.33533599929639e+03	7.72912631227045e-01,-4.18906086937153e-01
4.36549064585219e+03	7.70470614151826e-01,-4.20487069715805e-01
4.39585503456155e+03	7.68010213196972e-01,-4.22059676310199e-01
4.42643062429652e+03	7.65531459071823e-01,-4.23623660433708e-01
4.45721888407641e+03	7.63034386498857e-01,-4.25178774762702e-01
4.48822129313836e+03	7.60519034261858e-01,-4.26724771006663e-01
4.51943934100841e+03	7.57985445253256e-01,-4.28261399980718e-01
4.55087452757310e+03	7.55433666519425e-01,-4.29788411678656e-01
4.58252836315148e+03	7.52863749305307e-01,-4.31305555348746e-01
4.61440236856772e+03	7.50275749097596e-01,-4.32812579571227e-01
4.64649807522413e+03	7.47669725665812e-01,-4.34309232336349e-01
4.67881702517480e+03	7.45045743102556e-01,-4.35795261125271e-01
4.71136077119964e+03	7.42403869861742e-01,-4.37270412991811e-01
4.74413087687898e+03	7.39744178795589e-01,-4.38734434646514e-01
4.77712891666873e+03	7.37066747189223e-01,-4.40187072541032e-01
4.81035647597602e+03	7.34371656794183e-01,-4.41628072955219e-01
4.84381515123534e+03	7.31658993859767e-01,-4.43057182085105e-01
4.87750654998525e+03	7.28928849162553e-01,-4.44474146132399e-01
4.91143229094564e+03	7.26181318033918e-01,-4.45878711395279e-01
4.94559400409550e+03	7.23416500385869e-01,-4.47270624361126e-01
4.97999333075120e+03	7.20634500734198e-01,-4.48649631799343e-01
5.01463192364536e+03	7.17835428220091e-01,-4.50015480856530e-01
5.04951144700630e+03	7.15019396629568e-01,-4.51367919152858e-01
5.08463357663793e+03	7.12186524410109e-01,-4.52706694878379e-01
5.12000000000031e+03	7.09336934685909e-01,-4.54031556892267e-01
5.15561241629071e+03	7.06470755269938e-01,-4.55342254821267e-01
5.19147253652526e+03	7.03588118674253e-01,-4.56638539160415e-01
5.22758208362114e+03	7.00689162117750e-01,-4.57920161374376e-01
5.26394279247938e+03	6.97774027531213e-01,-4.59186873999095e-01
5.30055641006817e+03	6.94842861560282e-01,-4.60438430745159e-01
5.33742469550686e+03	6.91895815565472e-01,-4.61674586600984e-01
5.37454942015043e+03	6.88933045619861e-01,-4.62895097937202e-01
5.41193236767459e+03	6.85954712504275e-01,-4.64099722611955e-01
5.44957533416153e+03	6.82960981699304e-01,-4.65288220075429e-01
5.48748012818615e+03	6.79952023375364e-01,-4.66460351476658e-01
5.52564857090300e+03	6.76928012379322e-01,-4.67615879768882e-01
5.56408249613375e+03	6.73889128218849e-01,-4.68754569816412e-01
5.60278375045533e+03	6.70835555043990e-01,-4.69876188501701e-01
5.64175419328859e+03	6.67767481625532e-01,-4.70980504831479e-01
5.68099569698771e+03	6.64685101330998e-01,-4.72067290044141e-01
5.72051014693011e+03	6.61588612097546e-01,-4.73136317716381e-01
5.76029944160706e+03	6.58478216402208e-01,-4.74187363870315e-01
5.80036549271484e+03	6.55354121229057e-01,-4.75220207079808e-01
5.84071022524669e+03	6.52216538033504e-01,-4.76234628576521e-01
5.88133557758518e+03	6.49065682703858e-01,-4.77230412356057e-01
5.92224350159543e+03	6.45901775520020e-01,-4.78207345283759e-01
5.96343596271886e+03	6.42725041108949e-01,-4.79165217198912e-01
6.00491494006759e+03	6.39535708397587e-01,-4.80103821019409e-01
6.04668242651957e+03	6.36334010562770e-01,-4.81022952845342e-01
6.08874042881431e+03	6.33120184978205e-01,-4.81922412061601e-01
6.13109096764929e+03	6.29894473158546e-01,-4.82802001439443e-01
6.17373607777707e+03	6.26657120700811e-01,-4.83661527237814e-01
6.21667780810302e+03	6.23408377222726e-01,-4.84500799302770e-01
6.25991822178378e+03	6.20148496298269e-01,-4.85319631165773e-01
6.30345939632636e+03	6.16877735390543e-01,-4.86117840141232e-01
6.34730342368800e+03	6.13596355781794e-01,-4.86895247422390e-01
6.39145241037665e+03	6.10304622500700e-01,-4.87651678175866e-01
6.43590847755216e+03	6.07002804246816e-01,-4.88386961634043e-01
6.48067376112824e+03	6.03691173312558e-01,-4.89100931186831e-01
6.52575041187503e+03	6.00370005502432e-01,-4.89793424471199e-01
6.57114059552248e+03	5.97039580049570e-01,-4.90464283458408e-01
6.61684649286437e+03	5.93700179529926e-01,-4.91113354540458e-01
6.66287029986312e+03	5.90352089773754e-01,-4.91740488613395e-01
6.70921422775524e+03	5.86995599774838e-01,-4.92345541159718e-01
6.75588050315764e+03	5.83631001597129e-01,-4.92928372327536e-01
6.80287136817457e+03	5.80258590279134e-01,-4.93488847008015e-01
6.85018908050532e+03	5.76878663736102e-01,-4.94026834910991e-01
6.89783591355277e+03	5.73491522659840e-01,-4.94542210637247e-01
6.94581415653252e+03	5.70097470416455e-01,-4.95034853748819e-01
6.99412611458295e+03	5.66696812942089e-01,-4.95504648837207e-01
7.04277410887593e+03	5.63289858636528e-01,-4.95951485588298e-01
7.09176047672838e+03	5.59876918254907e-01,-4.96375258844630e-01
7.14108757171453e+03	5.56458304797639e-01,-4.96775868665670e-01
7.19075776377900e+03	5.53034333398482e-01,-4.97153220384511e-01
7.24077343935071e+03	5.49605321210968e-01,-4.97507224662246e-01
7.29113700145747e+03	5.46171587293199e-01,-4.97837797539167e-01
7.34185086984150e+03	5.42733452491102e-01,-4.98144860482709e-01
7.39291748107565e+03	5.39291239320343e-01,-4.98428340433448e-01
7.44433928868046e+03	5.35845271846768e-01,-4.98688169846511e-01
7.49611876324208e+03	5.32395875565741e-01,-4.98924286731504e-01
7.54825839253092e+03	5.28943377280191e-01,-4.99136634687676e-01
7.60076068162122e+03	5.25488104977720e-01,-4.99325162937410e-01
7.65362815301138e+03	5.22030387706674e-01,-4.99489826355378e-01
7.70686334674516e+03	5.18570555451387e-01,-4.99630585495053e-01
7.76046882053374e+03	5.15108939006651e-01,-4.99747406611440e-01
7.81444714987857e+03	5.11645869851539e-01,-4.99840261680898e-01
7.86880092819513e+03	5.08181680022680e-01,-4.99909128418201e-01
7.92353276693755e+03	5.04716701987035e-01,-4.99953990288333e-01
7.97864529572403e+03	5.01251268514379e-01,-4.99974836517277e-01
8.03414116246325e+03	4.97785712549491e-01,-4.99971662097701e-01
8.09002303348151e+03	4.94320367084231e-01,-4.99944467792091e-01
8.14629359365089e+03	4.90855565029559e-01,-4.99893260132389e-01
8.20295554651826e+03	4.87391639087630e-01,-4.99818051416079e-01
8.26001161443511e+03	4.83928921624057e-01,-4.99718859698883e-01
8.31746453868839e+03	4.80467744540455e-01,-4.99595708784288e-01
8.37531707963222e+03	4.77008439147343e-01,-4.99448628209703e-01
8.43357201682050e+03	4.73551336037551e-01,-4.99277653229093e-01
8.49223214914044e+03	4.70096764960208e-01,-4.99082824792253e-01
8.55130029494706e+03	4.66645054695394e-01,-4.98864189521221e-01
8.61077929219860e+03	4.63196532929612e-01,-4.98621799682755e-01
8.67067199859285e+03	4.59751526132112e-01,-4.98355713158263e-01
8.73098129170445e+03	4.56310359432241e-01,-4.98065993409827e-01
8.79171006912318e+03	4.52873356497823e-01,-4.97752709443702e-01
8.85286124859312e+03	4.49440839414772e-01,-4.97415935770151e-01
8.91443776815290e+03	4.46013128567914e-01,-4.97055752360708e-01
8.97644258627679e+03	4.42590542523276e-01,-4.96672244601464e-01
9.03887868201690e+03	4.39173397911673e-01,-4.96265503244858e-01
9.10174905514628e+03	4.35762009314009e-01,-4.95835624356854e-01
9.16505672630304e+03	4.32356689148068e-01,-4.95382709262562e-01
9.22880473713551e+03	4.28957747557129e-01,-4.94906864488029e-01
9.29299615044834e+03	4.25565492300237e-01,-4.94408201700353e-01
9.35763405034968e+03	4.22180228644539e-01,-4.93886837643687e-01
9.42272154239935e+03	4.18802259259420e-01,-4.93342894073718e-01
9.48826175375803e+03	4.15431884112657e-01,-4.92776497689520e-01
9.55425783333754e+03	4.12069400368804e-01,-4.92187780062082e-01
9.62071295195212e+03	4.08715102289663e-01,-4.91576877560960e-01
9.68763030247075e+03	4.05369281136930e-01,-4.90943931278835e-01
9.75501309997057e+03	4.02032225077189e-01,-4.90289086953510e-01
9.82286458189136e+03	3.98704219089351e-01,-4.89612494887196e-01
9.89118800819108e+03	3.95385544874373e-01,-4.88914309864460e-01
9.95998666150247e+03	3.92076480767426e-01,-4.88194691068129e-01
1.00292638472908e+04	3.88777301652755e-01,-4.87453801992388e-01
1.00990228940127e+04	3.85488278880936e-01,-4.86691810354899e-01
1.01692671532759e+04	3.82209680188811e-01,-4.85908888006724e-01
1.02400000000007e+04	3.78941769622070e-01,-4.85105210840631e-01
1.03112248325815e+04	3.75684807460535e-01,-4.84280958697715e-01
1.03829450730506e+04	3.72439050146075e-01,-4.83436315272882e-01
1.04551641672424e+04	3.69204750213505e-01,-4.82571468018012e-01
1.05278855849588e+04	3.65982156223965e-01,-4.81686608044968e-01
1.06011128201364e+04	3.62771512701376e-01,-4.80781930026317e-01
1.06748493910138e+04	3.59573060071542e-01,-4.79857632095618e-01
1.07490988403009e+04	3.56387034604241e-01,-4.78913915746117e-01
1.08238647353493e+04	3.53213668358101e-01,-4.77950985728765e-01
1.08991506683231e+04	3.50053189128311e-01,-4.76969049949499e-01
1.09749602563724e+04	3.46905820397399e-01,-4.75968319365125e-01
1.10512971418061e+04	3.43771781288729e-01,-4.74949007879078e-01
1.11281649922676e+04	3.40651286522896e-01,-4.73911332236545e-01
1.12055675009107e+04	3.37544546377219e-01,-4.72855511918458e-01
1.12835083865773e+04	3.34451766647823e-01,-4.71781769035967e-01
1.13619913939755e+04	3.31373148614934e-01,-4.70690328223589e-01
1.14410202938603e+04	3.28308889010726e-01,-4.69581416533062e-01
1.15205988832142e+04	3.25259179990347e-01,-4.68455263326125e-01
1.16007309854298e+04	3.22224209105583e-01,-4.67312100167808e-01
1.16814204504935e+04	3.19204159281370e-01,-4.66152160719667e-01
1.17626711551704e+04	3.16199208795273e-01,-4.64975680632710e-01
1.18444870031910e+04	3.13209531259601e-01,-4.63782897440868e-01
1.19268719254378e+04	3.10235295606358e-01,-4.62574050454540e-01
1.20098298801353e+04	3.07276666074920e-01,-4.61349380654475e-01
1.20933648530392e+04	3.04333802202424e-01,-4.60109130586054e-01
1.21774808576287e+04	3.01406858816859e-01,-4.58853544253981e-01
1.22621819352987e+04	2.98495986032666e-01,-4.57582867017802e-01
1.23474721555542e+04	2.95601329249229e-01,-4.56297345487409e-01
1.24333556162061e+04	2.92723029151665e-01,-4.54997227419837e-01
1.25198364435677e+04	2.89861221714149e-01,-4.53682761616784e-01
1.26069187926528e+04	2.87016038205985e-01,-4.52354197822355e-01
1.26946068473761e+04	2.84187605199819e-01,-4.51011786622387e-01
1.27829048207534e+04	2.81376044582411e-01,-4.49655779344306e-01
1.28718169551044e+04	2.78581473567773e-01,-4.48286427958004e-01
1.29613475222566e+04	2.75804004712424e-01,-4.46903984978117e-01
1.30515008237502e+04	2.73043745933176e-01,-4.45508703366854e-01
1.31422811910451e+04	2.70300800526892e-01,-4.44100836438471e-01
1.32336929857288e+04	2.67575267192455e-01,-4.42680637764805e-01
1.33257405997263e+04	2.64867240054881e-01,-4.41248361082002e-01
1.34184284555106e+04	2.62176808691408e-01,-4.39804260198654e-01
1.35117610063154e+04	2.59504058159662e-01,-4.38348588905160e-01
1.36057427363492e+04	2.56849069027570e-01,-4.36881600884771e-01
1.37003781610108e+04	2.54211917405310e-01,-4.35403549625811e-01
1.37956718271056e+04	2.51592674979151e-01,-4.33914688335219e-01
1.38916283130651e+04	2.48991409046650e-01,-4.32415269854326e-01
1.39882522291660e+04	2.46408182554058e-01,-4.30905546575256e-01
1.40855482177520e+04	2.43843054135030e-01,-4.29385770359507e-01
1.41835209534569e+04	2.41296078150909e-01,-4.27856192458140e-01
1.42821751434292e+04	2.38767304732891e-01,-4.26317063432975e-01
1.43815155275581e+04	2.36256779824998e-01,-4.24768633080557e-01
1.44815468787015e+04	2.33764545229209e-01,-4.23211150356533e-01
1.45822740029151e+04	2.31290638651351e-01,-4.21644863302677e-01
1.46837017396831e+04	2.28835093748426e-01,-4.20070018975401e-01
1.47858349621514e+04	2.26397940177399e-01,-4.18486863375585e-01
1.48886785773610e+04	2.23979203644843e-01,-4.16895641380679e-01
1.49922375264843e+04	2.21578905957743e-01,-4.15296596678445e-01
1.50965167850620e+04	2.19197065075550e-01,-4.13689971702172e-01
1.52015213632425e+04	2.16833695162957e-01,-4.12076007568068e-01
1.53072563060229e+04	2.14488806643730e-01,-4.10454944014249e-01
1.54137266934904e+04	2.12162406255447e-01,-4.08827019341468e-01
1.55209376410676e+04	2.09854497105023e-01,-4.07192470355685e-01
1.56288942997572e+04	2.07565078724833e-01,-4.05551532312644e-01
1.57376018563904e+04	2.05294147129815e-01,-4.03904438863888e-01
1.58470655338752e+04	2.03041694875094e-01,-4.02251422004706e-01
1.59572905914482e+04	2.00807711114080e-01,-4.00592712024079e-01
1.60682823249266e+04	1.98592181657301e-01,-3.98928537456113e-01
1.61800460669631e+04	1.96395089031630e-01,-3.97259125033400e-01
1.62925871873019e+04	1.94216412539935e-01,-3.95584699642156e-01
1.64059110930366e+04	1.92056128321247e-01,-3.93905484278969e-01
1.65200232288703e+04	1.89914209411036e-01,-3.92221700009577e-01
1.66349290773769e+04	1.87790625801959e-01,-3.90533565929162e-01
1.67506341592646e+04	1.85685344504864e-01,-3.88841299124342e-01
1.68671440336411e+04	1.83598329609780e-01,-3.87145114637155e-01
1.69844642982810e+04	1.81529542347431e-01,-3.85445225430253e-01
1.71026005898942e+04	1.79478941150438e-01,-3.83741842354309e-01
1.72215585843973e+04	1.77446481714802e-01,-3.82035174116807e-01
1.73413439971858e+04	1.75432117061501e-01,-3.80325427252367e-01
1.74619625834090e+04	1.73435797597880e-01,-3.78612806094911e-01
1.75834201382465e+04	1.71457471179013e-01,-3.76897512751404e-01
1.77057224971864e+04	1.69497083169103e-01,-3.75179747077006e-01
1.78288755363059e+04	1.67554576502607e-01,-3.73459706651949e-01
1.79528851725537e+04	1.65629891745259e-01,-3.71737586759868e-01
1.80777573640339e+04	1.63722967154818e-01,-3.70013580367721e-01
1.82034981102927e+04	1.61833738741749e-01,-3.68287878107004e-01
1.83301134526062e+04	1.59962140329313e-01,-3.66560668256774e-01
1.84576094742712e+04	1.58108103613775e-01,-3.64832136727654e-01
1.85859923008968e+04	1.56271558223865e-01,-3.63102467047686e-01
1.87152681006995e+04	1.54452431780143e-01,-3.61371840349291e-01
1.88454430847988e+04	1.52650649953908e-01,-3.59640435357643e-01
1.89765235075162e+04	1.50866136525599e-01,-3.57908428380477e-01
1.91085156666752e+04	1.49098813442897e-01,-3.56175993299037e-01
1.92414259039044e+04	1.47348600878235e-01,-3.54443301560438e-01
1.93752606049416e+04	1.45615417285814e-01,-3.52710522171260e-01
1.95100261999413e+04	1.43899179458270e-01,-3.50977821692207e-01
1.96457291637829e+04	1.42199802582562e-01,-3.49245364234190e-01
1.97823760163823e+04	1.40517200295497e-01,-3.47513311455380e-01
1.99199733230051e+04	1.38851284738582e-01,-3.45781822559492e-01
2.00585276945817e+04	1.37201966612236e-01,-3.44051054295217e-01
2.01980457880255e+04	1.35569155229586e-01,-3.42321160956533e-01
2.03385343065520e+04	1.33952758569321e-01,-3.40592294384378e-01
2.04800000000015e+04	1.32352683328269e-01,-3.38864603968979e-01
2.06224496651631e+04	1.30768834973008e-01,-3.37138236653469e-01
2.07658901461013e+04	1.29201117790894e-01,-3.35413336938384e-01
2.09103283344849e+04	1.27649434940584e-01,-3.33690046886924e-01
2.10557711699178e+04	1.26113688501550e-01,-3.31968506131409e-01
2.12022256402730e+04	1.24593779523144e-01,-3.30248851880377e-01
2.13496987820278e+04	1.23089608072782e-01,-3.28531218926685e-01
2.14981976806020e+04	1.21601073283608e-01,-3.26815739656245e-01
2.16477294706987e+04	1.20128073401081e-01,-3.25102544057857e-01
2.17983013366464e+04	1.18670505829217e-01,-3.23391759733472e-01
2.19499205127449e+04	1.17228267175812e-01,-3.21683511909417e-01
2.21025942836123e+04	1.15801253296991e-01,-3.19977923448287e-01
2.22563299845353e+04	1.14389359341065e-01,-3.18275114861446e-01
2.24111350018216e+04	1.12992479791494e-01,-3.16575204322323e-01
2.25670167731547e+04	1.11610508509199e-01,-3.14878307680229e-01
2.27239827879512e+04	1.10243338774111e-01,-3.13184538474797e-01
2.28820405877208e+04	1.08890863325842e-01,-3.11494007951086e-01
2.30411977664286e+04	1.07552974403671e-01,-3.09806825075177e-01
2.32014619708597e+04	1.06229563785754e-01,-3.08123096550314e-01
2.33628409009871e+04	1.04920522827540e-01,-3.06442926833563e-01
2.35253423103411e+04	1.03625742499435e-01,-3.04766418152959e-01
2.36889740063821e+04	1.02345113423649e-01,-3.03093670525139e-01
2.38537438508758e+04	1.01078525910361e-01,-3.01424781773364e-01
2.40196597602707e+04	9.98258699930587e-02,-2.99759847545996e-01
2.41867297060786e+04	9.85870354630350e-02,-2.98098961335434e-01
2.43549617152576e+04	9.73619119033497e-02,-2.96442214497257e-01
2.45243638705975e+04	9.61503887218168e-02,-2.94789696269890e-01
2.46949443111087e+04	9.49523551832940e-02,-2.93141493794549e-01
2.48667112324125e+04	9.37677004412877e-02,-2.91497692135464e-01
2.50396728871355e+04	9.25963135687619e-02,-2.89858374300430e-01
2.52138375853058e+04	9.14380835881782e-02,-2.88223621261648e-01
2.53892136947524e+04	9.02928995009088e-02,-2.86593511976758e-01
2.55658096415070e+04	8.91606503157924e-02,-2.84968123410185e-01
2.57436339102090e+04	8.80412250770047e-02,-2.83347530554693e-01
2.59226950445133e+04	8.69345128913078e-02,-2.81731806453061e-01
2.61030016475005e+04	8.58404029544802e-02,-2.80121022220030e-01
2.62845623820903e+04	8.47587845770110e-02,-2.78515247064435e-01
2.64673859714579e+04	8.36895472093008e-02,-2.76914548311354e-01
2.66514811994529e+04	8.26325804659062e-02,-2.75318991424570e-01
2.68368569110214e+04	8.15877741493561e-02,-2.73728640028992e-01
2.70235220126310e+04	8.05550182730725e-02,-2.72143555933319e-01
2.72114854726987e+04	7.95342030837648e-02,-2.70563799152715e-01
2.74007563220217e+04	7.85252190832031e-02,-2.68989427931527e-01
2.75913436542115e+04	7.75279570491738e-02,-2.67420498766188e-01
2.77832566261305e+04	7.65423080559540e-02,-2.65857066428058e-01
2.79765044583322e+04	7.55681634940852e-02,-2.64299183986351e-01
2.81710964355041e+04	7.46054150895501e-02,-2.62746902831070e-01
2.83670419069139e+04	7.36539549222773e-02,-2.61200272695996e-01
2.85643502868585e+04	7.27136754441669e-02,-2.59659341681591e-01
2.87630310551164e+04	7.17844694963839e-02,-2.58124156277981e-01
2.89630937574032e+04	7.08662303261394e-02,-2.56594761387879e-01
2.91645480058303e+04	6.99588516028874e-02,-2.55071200349465e-01
2.93674034793664e+04	6.90622274339671e-02,-2.53553514959235e-01
2.95716699243030e+04	6.81762523796418e-02,-2.52041745494810e-01
2.97773571547223e+04	6.73008214676236e-02,-2.50535930737674e-01
2.99844750529688e+04	6.64358302070718e-02,-2.49036107995835e-01
3.01930335701241e+04	6.55811746020104e-02,-2.47542313126425e-01
3.04030427264853e+04	6.47367511643151e-02,-2.46054580558179e-01
3.06145126120459e+04	6.39024569260854e-02,-2.44572943313864e-01
3.08274533869811e+04	6.30781894515823e-02,-2.43097433032580e-01
3.10418752821354e+04	6.22638468486526e-02,-2.41628079991951e-01
3.12577885995147e+04	6.14593277796824e-02,-2.40164913130203e-01
3.14752037127810e+04	6.06645314720871e-02,-2.38707960068107e-01
3.16941310677506e+04	5.98793577282991e-02,-2.37257247130818e-01
3.19145811828966e+04	5.91037069353267e-02,-2.35812799369562e-01
3.21365646498535e+04	5.83374800738934e-02,-2.34374640583166e-01
3.23600921339265e+04	5.75805787271080e-02,-2.32942793339462e-01
3.25851743746041e+04	5.68329050886980e-02,-2.31517278996542e-01
3.28118221860735e+04	5.60943619708531e-02,-2.30098117723841e-01
3.30400464577409e+04	5.53648528116918e-02,-2.28685328523043e-01
3.32698581547541e+04	5.46442816822454e-02,-2.27278929248864e-01
3.35012683185294e+04	5.39325532931272e-02,-2.25878936629621e-01
3.37342880672825e+04	5.32295730007793e-02,-2.24485366287654e-01
3.39689285965622e+04	5.25352468133575e-02,-2.23098232759558e-01
3.42052011797887e+04	5.18494813962825e-02,-2.21717549516222e-01
3.44431171687949e+04	5.11721840773846e-02,-2.20343328982706e-01
3.46826879943719e+04	5.05032628517369e-02,-2.18975582557915e-01
3.49239251668183e+04	4.98426263861297e-02,-2.17614320634088e-01
3.51668402764932e+04	4.91901840232704e-02,-2.16259552616072e-01
3.54114449943730e+04	4.85458457855646e-02,-2.14911286940440e-01
3.56577510726121e+04	4.79095223786738e-02,-2.13569531094375e-01
3.59057703451077e+04	4.72811251947210e-02,-2.12234291634368e-01
3.61555147280681e+04	4.66605663152365e-02,-2.10905574204705e-01
3.64069962205857e+04	4.60477585137377e-02,-2.09583383555775e-01
3.66602269052127e+04	4.54426152581398e-02,-2.08267723562134e-01
3.69152189485426e+04	4.48450507127814e-02,-2.06958597240399e-01
3.71719846017939e+04	4.42549797402778e-02,-2.05656006766899e-01
3.74305362013993e+04	4.36723179030411e-02,-2.04359953495153e-01
3.76908861695980e+04	4.30969814645993e-02,-2.03070437973108e-01
3.79530470150327e+04	4.25288873906358e-02,-2.01787459960187e-01
3.82170313333507e+04	4.19679533498184e-02,-2.00511018444112e-01
3.84828518078091e+04	4.14140977143822e-02,-1.99241111657523e-01
3.87505212098836e+04	4.08672395604992e-02,-1.97977737094379e-01
3.90200523998829e+04	4.03272986684068e-02,-1.96720891526163e-01
3.92914583275660e+04	3.97941955223500e-02,-1.95470571017852e-01
3.95647520327649e+04	3.92678513103302e-02,-1.94226770943685e-01
3.98399466460105e+04	3.87481879236138e-02,-1.92989486002728e-01
4.01170553891638e+04	3.82351279560946e-02,-1.91758710234211e-01
4.03960915760513e+04	3.77285947034239e-02,-1.90534437032671e-01
4.06770686131043e+04	3.72285121620202e-02,-1.89316659162863e-01
4.09600000000034e+04	3.67348050278469e-02,-1.88105368774485e-01
4.12448993303266e+04	3.62473986950607e-02,-1.86900557416673e-01
4.15317802922030e+04	3.57662192544859e-02,-1.85702216052297e-01
4.18206566689701e+04	3.52911934919247e-02,-1.84510335072050e-01
4.21115423398359e+04	3.48222488863300e-02,-1.83324904308323e-01
4.24044512805463e+04	3.43593136078047e-02,-1.82145913048889e-01
4.26993975640559e+04	3.39023165155361e-02,-1.80973350050347e-01
4.29963953612044e+04	3.34511871554678e-02,-1.79807203551415e-01
4.32954589413977e+04	3.30058557579685e-02,-1.78647461285971e-01
4.35966026732932e+04	3.25662532353048e-02,-1.77494110495915e-01
4.38998410254902e+04	3.21323111789951e-02,-1.76347137943838e-01
4.41000000000000e+04	3.18505614771547e-02,-1.75597846735741e-01
