Freq.	V(vout)
2.00000000000000e+01	9.80151772621987e-01,-1.30381782581398e-01
2.01391110011344e+01	9.79913931604455e-01,-1.31256801440308e-01
2.02791895958006e+01	9.79672888277004e-01,-1.32137253021483e-01
2.04202425141439e+01	9.79428601160240e-01,-1.33023161929055e-01
2.05622765331213e+01	9.79181028282654e-01,-1.33914552680025e-01
2.07052984768276e+01	9.78930127176038e-01,-1.34811449698860e-01
2.08493152168224e+01	9.78675854870906e-01,-1.35713877311981e-01
2.09943336724614e+01	9.78418167891901e-01,-1.36621859742117e-01
2.11403608112276e+01	9.78157022253209e-01,-1.37535421102557e-01
2.12874036490672e+01	9.77892373453961e-01,-1.38454585391261e-01
2.14354692507259e+01	9.77624176473641e-01,-1.39379376484862e-01
2.15845647300886e+01	9.77352385767497e-01,-1.40309818132527e-01
2.17346972505212e+01	9.77076955261949e-01,-1.41245933949700e-01
2.18858740252148e+01	9.76797838350007e-01,-1.42187747411710e-01
2.20381023175322e+01	9.76514987886691e-01,-1.43135281847251e-01
2.21913894413569e+01	9.76228356184463e-01,-1.44088560431719e-01
2.23457427614444e+01	9.75937895008664e-01,-1.45047606180423e-01
2.25011696937762e+01	9.75643555572969e-01,-1.46012441941651e-01
2.26576777059160e+01	9.75345288534848e-01,-1.46983090389601e-01
2.28152743173685e+01	9.75043043991048e-01,-1.47959574017165e-01
2.29739670999407e+01	9.74736771473091e-01,-1.48941915128574e-01
2.31337636781058e+01	9.74426419942790e-01,-1.49930135831894e-01
2.32946717293691e+01	9.74111937787789e-01,-1.50924258031376e-01
2.34566989846376e+01	9.73793272817126e-01,-1.51924303419654e-01
2.36198532285906e+01	9.73470372256820e-01,-1.52930293469795e-01
2.37841423000545e+01	9.73143182745492e-01,-1.53942249427195e-01
2.39495740923786e+01	9.72811650330010e-01,-1.54960192301313e-01
2.41161565538152e+01	9.72475720461174e-01,-1.55984142857257e-01
2.42838976879010e+01	9.72135337989434e-01,-1.57014121607204e-01
2.44528055538414e+01	9.71790447160645e-01,-1.58050148801661e-01
2.46228882668984e+01	9.71440991611867e-01,-1.59092244420564e-01
2.47941539987798e+01	9.71086914367207e-01,-1.60140428164206e-01
2.49666109780323e+01	9.70728157833712e-01,-1.61194719444009e-01
2.51402674904366e+01	9.70364663797302e-01,-1.62255137373112e-01
2.53151318794057e+01	9.69996373418770e-01,-1.63321700756802e-01
2.54912125463853e+01	9.69623227229827e-01,-1.64394428082766e-01
2.56685179512581e+01	9.69245165129213e-01,-1.65473337511164e-01
2.58470566127499e+01	9.68862126378867e-01,-1.66558446864535e-01
2.60268371088387e+01	9.68474049600167e-01,-1.67649773617518e-01
2.62078680771673e+01	9.68080872770232e-01,-1.68747334886394e-01
2.63901582154580e+01	9.67682533218309e-01,-1.69851147418449e-01
2.65737162819303e+01	9.67278967622226e-01,-1.70961227581148e-01
2.67585510957223e+01	9.66870112004931e-01,-1.72077591351128e-01
2.69446715373139e+01	9.66455901731112e-01,-1.73200254303004e-01
2.71320865489535e+01	9.66036271503911e-01,-1.74329231597984e-01
2.73208051350880e+01	9.65611155361725e-01,-1.75464537972293e-01
2.75108363627950e+01	9.65180486675103e-01,-1.76606187725407e-01
2.77021893622186e+01	9.64744198143751e-01,-1.77754194708096e-01
2.78948733270082e+01	9.64302221793629e-01,-1.78908572310263e-01
2.80888975147600e+01	9.63854488974176e-01,-1.80069333448599e-01
2.82842712474620e+01	9.63400930355627e-01,-1.81236490554028e-01
2.84810039119415e+01	9.62941475926467e-01,-1.82410055558962e-01
2.86791049603166e+01	9.62476054991000e-01,-1.83590039884348e-01
2.88785839104500e+01	9.62004596167045e-01,-1.84776454426520e-01
2.90794503464063e+01	9.61527027383767e-01,-1.85969309543845e-01
2.92817139189126e+01	9.61043275879653e-01,-1.87168615043158e-01
2.94853843458221e+01	9.60553268200614e-01,-1.88374380166008e-01
2.96904714125811e+01	9.60056930198257e-01,-1.89586613574679e-01
2.98969849726989e+01	9.59554187028292e-01,-1.90805323338019e-01
3.01049349482215e+01	9.59044963149114e-01,-1.92030516917051e-01
3.03143313302081e+01	9.58529182320536e-01,-1.93262201150379e-01
3.05251841792113e+01	9.58006767602705e-01,-1.94500382239387e-01
3.07375036257604e+01	9.57477641355187e-01,-1.95745065733224e-01
3.09512998708479e+01	9.56941725236236e-01,-1.96996256513577e-01
3.11665831864201e+01	9.56398940202255e-01,-1.98253958779241e-01
3.13833639158702e+01	9.55849206507448e-01,-1.99518176030465e-01
3.16016524745352e+01	9.55292443703672e-01,-2.00788911053103e-01
3.18214593501969e+01	9.54728570640503e-01,-2.02066165902535e-01
3.20427951035850e+01	9.54157505465509e-01,-2.03349941887393e-01
3.22656703688852e+01	9.53579165624749e-01,-2.04640239553063e-01
3.24900958542496e+01	9.52993467863494e-01,-2.05937058664984e-01
3.27160823423114e+01	9.52400328227185e-01,-2.07240398191730e-01
3.29436406907031e+01	9.51799662062637e-01,-2.08550256287889e-01
3.31727818325778e+01	9.51191384019480e-01,-2.09866630276725e-01
3.34035167771350e+01	9.50575408051870e-01,-2.11189516632634e-01
3.36358566101488e+01	9.49951647420446e-01,-2.12518910963396e-01
3.38698124945013e+01	9.49320014694573e-01,-2.13854807992212e-01
3.41053956707185e+01	9.48680421754856e-01,-2.15197201539541e-01
3.43426174575103e+01	9.48032779795936e-01,-2.16546084504736e-01
3.45814892523148e+01	9.47376999329585e-01,-2.17901448847466e-01
3.48220225318452e+01	9.46712990188099e-01,-2.19263285568953e-01
3.50642288526416e+01	9.46040661528002e-01,-2.20631584692995e-01
3.53081198516264e+01	9.45359921834067e-01,-2.22006335246799e-01
3.55537072466630e+01	9.44670678923659e-01,-2.23387525241626e-01
3.58010028371191e+01	9.43972839951413e-01,-2.24775141653231e-01
3.60500185044334e+01	9.43266311414261e-01,-2.26169170402123e-01
3.63007662126867e+01	9.42550999156796e-01,-2.27569596333636e-01
3.65532580091762e+01	9.41826808377008e-01,-2.28976403197817e-01
3.68075060249952e+01	9.41093643632377e-01,-2.30389573629138e-01
3.70635224756151e+01	9.40351408846353e-01,-2.31809089126021e-01
3.73213196614725e+01	9.39600007315211e-01,-2.33234930030206e-01
3.75809099685607e+01	9.38839341715303e-01,-2.34667075505937e-01
3.78423058690241e+01	9.38069314110723e-01,-2.36105503518995e-01
3.81055199217578e+01	9.37289825961365e-01,-2.37550190815565e-01
3.83705647730108e+01	9.36500778131420e-01,-2.39001112900948e-01
3.86374531569941e+01	9.35702070898295e-01,-2.40458244018130e-01
3.89061978964917e+01	9.34893603961968e-01,-2.41921557126204e-01
3.91768119034774e+01	9.34075276454803e-01,-2.43391023878648e-01
3.94493081797347e+01	9.33246986951812e-01,-2.44866614601481e-01
3.97236998174817e+01	9.32408633481392e-01,-2.46348298271286e-01
4.00000000000003e+01	9.31560113536534e-01,-2.47836042493116e-01
4.02782220022691e+01	9.30701324086521e-01,-2.49329813478285e-01
4.05583791916015e+01	9.29832161589121e-01,-2.50829576022060e-01
4.08404850282880e+01	9.28952522003287e-01,-2.52335293481244e-01
4.11245530662430e+01	9.28062300802366e-01,-2.53846927751684e-01
4.14105969536554e+01	9.27161392987840e-01,-2.55364439245679e-01
4.16986304336452e+01	9.26249693103597e-01,-2.56887786869335e-01
4.19886673449230e+01	9.25327095250741e-01,-2.58416927999837e-01
4.22807216224556e+01	9.24393493102960e-01,-2.59951818462675e-01
4.25748072981347e+01	9.23448779922457e-01,-2.61492412508827e-01
4.28709385014521e+01	9.22492848576444e-01,-2.63038662791899e-01
4.31691294601774e+01	9.21525591554227e-01,-2.64590520345241e-01
4.34693945010427e+01	9.20546900984869e-01,-2.66147934559055e-01
4.37717480504299e+01	9.19556668655464e-01,-2.67710853157490e-01
4.40762046350648e+01	9.18554786030009e-01,-2.69279222175752e-01
4.43827788827142e+01	9.17541144268897e-01,-2.70852985937229e-01
4.46914855228892e+01	9.16515634249039e-01,-2.72432087030649e-01
4.50023393875528e+01	9.15478146584609e-01,-2.74016466287288e-01
4.53153554118323e+01	9.14428571648447e-01,-2.75606062758224e-01
4.56305486347374e+01	9.13366799594100e-01,-2.77200813691677e-01
4.59479341998818e+01	9.12292720378534e-01,-2.78800654510419e-01
4.62675273562119e+01	9.11206223785503e-01,-2.80405518789296e-01
4.65893434587387e+01	9.10107199449600e-01,-2.82015338232857e-01
4.69133979692756e+01	9.08995536880992e-01,-2.83630042653113e-01
4.72397064571817e+01	9.07871125490845e-01,-2.85249559947447e-01
4.75682846001093e+01	9.06733854617441e-01,-2.86873816076673e-01
4.78991481847576e+01	9.05583613553011e-01,-2.88502735043289e-01
4.82323131076309e+01	9.04420291571272e-01,-2.90136238869908e-01
4.85677953758023e+01	9.03243777955684e-01,-2.91774247577912e-01
4.89056111076832e+01	9.02053962028434e-01,-2.93416679166333e-01
4.92457765337971e+01	9.00850733180148e-01,-2.95063449590979e-01
4.95883079975600e+01	8.99633980900340e-01,-2.96714472743829e-01
4.99332219560650e+01	8.98403594808602e-01,-2.98369660432716e-01
5.02805349808736e+01	8.97159464686540e-01,-3.00028922361312e-01
5.06302637588117e+01	8.95901480510458e-01,-3.01692166109438e-01
5.09824250927710e+01	8.94629532484806e-01,-3.03359297113724e-01
5.13370359025167e+01	8.93343511076368e-01,-3.05030218648632e-01
5.16941132255002e+01	8.92043307049234e-01,-3.06704831807869e-01
5.20536742176779e+01	8.90728811500512e-01,-3.08383035486209e-01
5.24157361543351e+01	8.89399915896828e-01,-3.10064726361747e-01
5.27803164309163e+01	8.88056512111577e-01,-3.11749798878610e-01
5.31474325638610e+01	8.86698492462955e-01,-3.13438145230142e-01
5.35171021914451e+01	8.85325749752749e-01,-3.15129655342591e-01
5.38893430746282e+01	8.83938177305907e-01,-3.16824216859324e-01
5.42641730979075e+01	8.82535669010874e-01,-3.18521715125588e-01
5.46416102701764e+01	8.81118119360690e-01,-3.20222033173843e-01
5.50216727255904e+01	8.79685423494863e-01,-3.21925051709697e-01
5.54043787244376e+01	8.78237477242000e-01,-3.23630649098464e-01
5.57897466540169e+01	8.76774177163200e-01,-3.25338701352370e-01
5.61777950295205e+01	8.75295420596204e-01,-3.27049082118433e-01
5.65685424949245e+01	8.73801105700299e-01,-3.28761662667051e-01
5.69620078238835e+01	8.72291131501964e-01,-3.30476311881307e-01
5.73582099206338e+01	8.70765397941262e-01,-3.32192896247043e-01
5.77571678209005e+01	8.69223805918965e-01,-3.33911279843701e-01
5.81589006928131e+01	8.67666257344402e-01,-3.35631324335985e-01
5.85634278378257e+01	8.66092655184032e-01,-3.37352888966354e-01
5.89707686916448e+01	8.64502903510716e-01,-3.39075830548382e-01
5.93809428251627e+01	8.62896907553698e-01,-3.40800003461011e-01
5.97939699453983e+01	8.61274573749267e-01,-3.42525259643718e-01
6.02098698964434e+01	8.59635809792094e-01,-3.44251448592645e-01
6.06286626604167e+01	8.57980524687237e-01,-3.45978417357691e-01
6.10503683584231e+01	8.56308628802790e-01,-3.47706010540620e-01
6.14750072515213e+01	8.54620033923166e-01,-3.49434070294203e-01
6.19025997416964e+01	8.52914653303003e-01,-3.51162436322413e-01
6.23331663728408e+01	8.51192401721664e-01,-3.52890945881726e-01
6.27667278317409e+01	8.49453195538328e-01,-3.54619433783532e-01
6.32033049490710e+01	8.47696952747641e-01,-3.56347732397699e-01
6.36429187003943e+01	8.45923593035910e-01,-3.58075671657308e-01
6.40855902071706e+01	8.44133037837826e-01,-3.59803079064608e-01
6.45313407377709e+01	8.42325210393686e-01,-3.61529779698181e-01
6.49801917084997e+01	8.40500035807095e-01,-3.63255596221393e-01
6.54321646846233e+01	8.38657441103114e-01,-3.64980348892119e-01
6.58872813814067e+01	8.36797355286850e-01,-3.66703855573784e-01
6.63455636651562e+01	8.34919709402441e-01,-3.68425931747760e-01
6.68070335542704e+01	8.33024436592410e-01,-3.70146390527117e-01
6.72717132202981e+01	8.31111472157379e-01,-3.71865042671784e-01
6.77396249890031e+01	8.29180753616084e-01,-3.73581696605128e-01
6.82107913414375e+01	8.27232220765685e-01,-3.75296158431975e-01
6.86852349150212e+01	8.25265815742319e-01,-3.77008231958117e-01
6.91629785046302e+01	8.23281483081887e-01,-3.78717718711304e-01
6.96440450636909e+01	8.21279169781006e-01,-3.80424417963766e-01
7.01284577052838e+01	8.19258825358124e-01,-3.82128126756273e-01
7.06162397032534e+01	8.17220401914742e-01,-3.83828639923767e-01
7.11074144933266e+01	8.15163854196708e-01,-3.85525750122578e-01
7.16020056742388e+01	8.13089139655547e-01,-3.87219247859254e-01
7.21000370088674e+01	8.10996218509786e-01,-3.88908921521014e-01
7.26015324253739e+01	8.08885053806230e-01,-3.90594557407856e-01
7.31065160183531e+01	8.06755611481148e-01,-3.92275939766325e-01
7.36150120499911e+01	8.04607860421326e-01,-3.93952850824972e-01
7.41270449512307e+01	8.02441772524941e-01,-3.95625070831504e-01
7.46426393229457e+01	8.00257322762215e-01,-3.97292378091659e-01
7.51618199371220e+01	7.98054489235786e-01,-3.98954549009796e-01
7.56846117380488e+01	7.95833253240779e-01,-4.00611358131241e-01
7.62110398435161e+01	7.93593599324487e-01,-4.02262578186373e-01
7.67411295460223e+01	7.91335515345655e-01,-4.03907980136479e-01
7.72749063139888e+01	7.89058992533283e-01,-4.05547333221379e-01
7.78123957929840e+01	7.86764025544910e-01,-4.07180405008830e-01
7.83536238069553e+01	7.84450612524332e-01,-4.08806961445708e-01
7.88986163594699e+01	7.82118755158688e-01,-4.10426766910988e-01
7.94473996349641e+01	7.79768458734869e-01,-4.12039584270508e-01
8.00000000000012e+01	7.77399732195192e-01,-4.13645174933528e-01
8.05564440045387e+01	7.75012588192279e-01,-4.15243298911079e-01
8.11167583832036e+01	7.72607043143100e-01,-4.16833714876102e-01
8.16809700565767e+01	7.70183117282100e-01,-4.18416180225375e-01
8.22491061324866e+01	7.67740834713374e-01,-4.19990451143212e-01
8.28211939073115e+01	7.65280223461821e-01,-4.21556282666943e-01
8.33972608672910e+01	7.62801315523219e-01,-4.23113428754149e-01
8.39773346898467e+01	7.60304146913170e-01,-4.24661642351651e-01
8.45614432449118e+01	7.57788757714841e-01,-4.26200675466236e-01
8.51496145962701e+01	7.55255192125463e-01,-4.27730279237104e-01
8.57418770029048e+01	7.52703498501505e-01,-4.29250204010022e-01
8.63382589203556e+01	7.50133729402488e-01,-4.30760199413157e-01
8.69387890020860e+01	7.47545941633357e-01,-4.32260014434581e-01
8.75434961008606e+01	7.44940196285361e-01,-4.33749397501407e-01
8.81524092701303e+01	7.42316558775394e-01,-4.35228096560548e-01
8.87655577654290e+01	7.39675098883709e-01,-4.36695859161050e-01
8.93829710457790e+01	7.37015890789978e-01,-4.38152432537992e-01
9.00046787751062e+01	7.34339013107612e-01,-4.39597563697904e-01
9.06307108236654e+01	7.31644548916303e-01,-4.41030999505675e-01
9.12610972694754e+01	7.28932585792721e-01,-4.42452486772909e-01
9.18958683997643e+01	7.26203215839307e-01,-4.43861772347701e-01
9.25350547124245e+01	7.23456535711114e-01,-4.45258603205780e-01
9.31786869174780e+01	7.20692646640630e-01,-4.46642726542977e-01
9.38267959385519e+01	7.17911654460538e-01,-4.48013889868986e-01
9.44794129143640e+01	7.15113669624354e-01,-4.49371841102349e-01
9.51365692002193e+01	7.12298807224890e-01,-4.50716328666630e-01
9.57982963695159e+01	7.09467187010493e-01,-4.52047101587720e-01
9.64646262152625e+01	7.06618933399010e-01,-4.53363909592222e-01
9.71355907516054e+01	7.03754175489423e-01,-4.54666503206856e-01
9.78112222153672e+01	7.00873047071118e-01,-4.55954633858820e-01
9.84915530675950e+01	6.97975686630734e-01,-4.57228053977065e-01
9.91766159951206e+01	6.95062237356545e-01,-4.58486517094398e-01
9.98664439121307e+01	6.92132847140345e-01,-4.59729777950362e-01
1.00561069961748e+02	6.89187668576779e-01,-4.60957592594826e-01
1.01260527517624e+02	6.86226858960093e-01,-4.62169718492207e-01
1.01964850185543e+02	6.83250580278258e-01,-4.63365914626266e-01
1.02674071805034e+02	6.80258999204440e-01,-4.64545941605390e-01
1.03388226451001e+02	6.77252287085777e-01,-4.65709561768310e-01
1.04107348435357e+02	6.74230619929435e-01,-4.66856539290143e-01
1.04831472308671e+02	6.71194178385917e-01,-4.67986640288723e-01
1.05560632861833e+02	6.68143147729589e-01,-4.69099632931103e-01
1.06294865127723e+02	6.65077717836418e-01,-4.70195287540175e-01
1.07034204382891e+02	6.61998083158878e-01,-4.71273376701313e-01
1.07778686149257e+02	6.58904442698026e-01,-4.72333675368958e-01
1.08528346195816e+02	6.55796999972719e-01,-4.73375960973061e-01
1.09283220540354e+02	6.52675962985969e-01,-4.74400013525300e-01
1.10043345451182e+02	6.49541544188410e-01,-4.75405615724989e-01
1.10808757448876e+02	6.46393960438893e-01,-4.76392553064570e-01
1.11579493308035e+02	6.43233432962185e-01,-4.77360613934634e-01
1.12355590059042e+02	6.40060187303778e-01,-4.78309589728354e-01
1.13137084989850e+02	6.36874453281813e-01,-4.79239274945246e-01
1.13924015647768e+02	6.33676464936113e-01,-4.80149467294188e-01
1.14716419841268e+02	6.30466460474351e-01,-4.81039967795571e-01
1.15514335641802e+02	6.27244682215341e-01,-4.81910580882527e-01
1.16317801385627e+02	6.24011376529490e-01,-4.82761114501116e-01
1.17126855675652e+02	6.20766793776408e-01,-4.83591380209403e-01
1.17941537383290e+02	6.17511188239707e-01,-4.84401193275311e-01
1.18761885650326e+02	6.14244818059018e-01,-4.85190372773187e-01
1.19587939890797e+02	6.10967945159237e-01,-4.85958741678964e-01
1.20419739792888e+02	6.07680835177047e-01,-4.86706126963845e-01
1.21257325320834e+02	6.04383757384739e-01,-4.87432359686426e-01
1.22100736716847e+02	6.01076984611373e-01,-4.88137275083144e-01
1.22950014503043e+02	5.97760793161320e-01,-4.88820712656994e-01
1.23805199483394e+02	5.94435462730223e-01,-4.89482516264404e-01
1.24666332745682e+02	5.91101276318434e-01,-4.90122534200202e-01
1.25533455663483e+02	5.87758520141961e-01,-4.90740619280573e-01
1.26406609898143e+02	5.84407483540995e-01,-4.91336628923937e-01
1.27285837400790e+02	5.81048458886061e-01,-4.91910425229667e-01
1.28171180414342e+02	5.77681741481852e-01,-4.92461875054553e-01
1.29062681475543e+02	5.74307629468819e-01,-4.92990850086952e-01
1.29960383417000e+02	5.70926423722568e-01,-4.93497226918545e-01
1.30864329369248e+02	5.67538427751137e-01,-4.93980887113614e-01
1.31774562762814e+02	5.64143947590230e-01,-4.94441717275783e-01
1.32691127330313e+02	5.60743291696468e-01,-4.94879609112154e-01
1.33614067108542e+02	5.57336770838745e-01,-4.95294459494753e-01
1.34543426440597e+02	5.53924697987758e-01,-4.95686170519245e-01
1.35479249978007e+02	5.50507388203798e-01,-4.96054649560842e-01
1.36421582682876e+02	5.47085158522882e-01,-4.96399809327352e-01
1.37370469830043e+02	5.43658327841313e-01,-4.96721567909303e-01
1.38325957009261e+02	5.40227216798750e-01,-4.97019848827105e-01
1.39288090127383e+02	5.36792147659884e-01,-4.97294581075181e-01
1.40256915410569e+02	5.33353444194815e-01,-4.97545699163037e-01
1.41232479406508e+02	5.29911431558203e-01,-4.97773143153217e-01
1.42214828986654e+02	5.26466436167316e-01,-4.97976858696101e-01
1.43204011348479e+02	5.23018785579048e-01,-4.98156797061517e-01
1.44200074017736e+02	5.19568808366019e-01,-4.98312915167125e-01
1.45203064850749e+02	5.16116833991846e-01,-4.98445175603545e-01
1.46213032036707e+02	5.12663192685694e-01,-4.98553546656204e-01
1.47230024099983e+02	5.09208215316201e-01,-4.98638002323875e-01
1.48254089902463e+02	5.05752233264887e-01,-4.98698522333888e-01
1.49285278645892e+02	5.02295578299136e-01,-4.98735092154000e-01
1.50323639874245e+02	4.98838582444874e-01,-4.98747703000906e-01
1.51369223476099e+02	4.95381577859027e-01,-4.98736351845387e-01
1.52422079687033e+02	4.91924896701877e-01,-4.98701041414082e-01
1.53482259092046e+02	4.88468871009413e-01,-4.98641780187895e-01
1.54549812627979e+02	4.85013832565786e-01,-4.98558582397023e-01
1.55624791585969e+02	4.81560112775966e-01,-4.98451468012618e-01
1.56707247613912e+02	4.78108042538712e-01,-4.98320462735100e-01
1.57797232718941e+02	4.74657952119952e-01,-4.98165597979115e-01
1.58894799269929e+02	4.71210171026677e-01,-4.97986910855174e-01
1.60000000000004e+02	4.67765027881463e-01,-4.97784444147979e-01
1.61112888009079e+02	4.64322850297694e-01,-4.97558246291467e-01
1.62233516766408e+02	4.60883964755621e-01,-4.97308371340592e-01
1.63361940113155e+02	4.57448696479330e-01,-4.97034878939892e-01
1.64498212264974e+02	4.54017369314726e-01,-4.96737834288846e-01
1.65642387814624e+02	4.50590305608632e-01,-4.96417308104090e-01
1.66794521734583e+02	4.47167826089098e-01,-4.96073376578511e-01
1.67954669379695e+02	4.43750249747000e-01,-4.95706121337272e-01
1.69122886489825e+02	4.40337893719041e-01,-4.95315629390811e-01
1.70299229192542e+02	4.36931073172230e-01,-4.94901993084870e-01
1.71483754005811e+02	4.33530101189926e-01,-4.94465310047598e-01
1.72676517840712e+02	4.30135288659541e-01,-4.94005683133791e-01
1.73877578004173e+02	4.26746944161978e-01,-4.93523220366330e-01
1.75086992201722e+02	4.23365373862887e-01,-4.93018034874865e-01
1.76304818540262e+02	4.19990881405815e-01,-4.92490244831828e-01
1.77531115530859e+02	4.16623767807337e-01,-4.91939973385827e-01
1.78765942091559e+02	4.13264331354217e-01,-4.91367348592494e-01
1.80009357550214e+02	4.09912867502700e-01,-4.90772503342862e-01
1.81261421647332e+02	4.06569668779978e-01,-4.90155575289341e-01
1.82522194538952e+02	4.03235024687908e-01,-4.89516706769367e-01
1.83791736799530e+02	3.99909221609042e-01,-4.88856044726802e-01
1.85070109424850e+02	3.96592542715020e-01,-4.88173740631175e-01
1.86357373834957e+02	3.93285267877398e-01,-4.87469950394822e-01
1.87653591877105e+02	3.89987673580946e-01,-4.86744834288030e-01
1.88958825828729e+02	3.86700032839477e-01,-4.85998556852255e-01
1.90273138400440e+02	3.83422615114252e-01,-4.85231286811506e-01
1.91596592739033e+02	3.80155686235005e-01,-4.84443196981979e-01
1.92929252430526e+02	3.76899508323619e-01,-4.83634464180023e-01
1.94271181503212e+02	3.73654339720507e-01,-4.82805269128538e-01
1.95622444430736e+02	3.70420434913716e-01,-4.81955796361883e-01
1.96983106135191e+02	3.67198044470794e-01,-4.81086234129388e-01
1.98353231990243e+02	3.63987414973445e-01,-4.80196774297561e-01
1.99732887824263e+02	3.60788788954988e-01,-4.79287612251076e-01
2.01122139923497e+02	3.57602404840661e-01,-4.78358946792642e-01
2.02521055035250e+02	3.54428496890766e-01,-4.77410980041828e-01
2.03929700371087e+02	3.51267295146674e-01,-4.76443917332953e-01
2.05348143610070e+02	3.48119025379722e-01,-4.75457967112118e-01
2.06776452902004e+02	3.44983909042972e-01,-4.74453340833478e-01
2.08214696870715e+02	3.41862163225876e-01,-4.73430252854839e-01
2.09662944617343e+02	3.38754000611824e-01,-4.72388920332677e-01
2.11121265723668e+02	3.35659629438578e-01,-4.71329563116651e-01
2.12589730255447e+02	3.32579253461597e-01,-4.70252403643729e-01
2.14068408765783e+02	3.29513071920237e-01,-4.69157666831979e-01
2.15557372298516e+02	3.26461279506817e-01,-4.68045579974134e-01
2.17056692391633e+02	3.23424066338548e-01,-4.66916372631016e-01
2.18566441080709e+02	3.20401617932288e-01,-4.65770276524893e-01
2.20086690902365e+02	3.17394115182132e-01,-4.64607525432855e-01
2.21617514897754e+02	3.14401734339792e-01,-4.63428355080301e-01
2.23158986616071e+02	3.11424646997762e-01,-4.62233003034605e-01
2.24711180118085e+02	3.08463020075228e-01,-4.61021708599048e-01
2.26274169979701e+02	3.05517015806706e-01,-4.59794712707085e-01
2.27848031295537e+02	3.02586791733365e-01,-4.58552257817041e-01
2.29432839682538e+02	2.99672500697020e-01,-4.57294587807284e-01
2.31028671283605e+02	2.96774290836737e-01,-4.56021947871968e-01
2.32635602771256e+02	2.93892305588039e-01,-4.54734584417417e-01
2.34253711351306e+02	2.91026683684648e-01,-4.53432744959198e-01
2.35883074766582e+02	2.88177559162742e-01,-4.52116678019978e-01
2.37523771300654e+02	2.85345061367675e-01,-4.50786633028206e-01
2.39175879781596e+02	2.82529314963117e-01,-4.49442860217701e-01
2.40839479585777e+02	2.79730439942571e-01,-4.48085610528192e-01
2.42514650641670e+02	2.76948551643212e-01,-4.46715135506884e-01
2.44201473433696e+02	2.74183760762009e-01,-4.45331687211090e-01
2.45900029006089e+02	2.71436173374075e-01,-4.43935518111999e-01
2.47610398966789e+02	2.68705890953188e-01,-4.42526880999624e-01
2.49332665491367e+02	2.65993010394442e-01,-4.41106028888981e-01
2.51066911326967e+02	2.63297624038965e-01,-4.39673214927546e-01
2.52813219796288e+02	2.60619819700652e-01,-4.38228692304045e-01
2.54571674801581e+02	2.57959680694860e-01,-4.36772714158602e-01
2.56342360828686e+02	2.55317285869005e-01,-4.35305533494312e-01
2.58125362951087e+02	2.52692709635007e-01,-4.33827403090251e-01
2.59920766834002e+02	2.50086022003520e-01,-4.32338575415980e-01
2.61728658738497e+02	2.47497288619899e-01,-4.30839302547569e-01
2.63549125525631e+02	2.44926570801835e-01,-4.29329836085173e-01
2.65382254660629e+02	2.42373925578605e-01,-4.27810427072198e-01
2.67228134217086e+02	2.39839405731873e-01,-4.26281325916069e-01
2.69086852881196e+02	2.37323059837993e-01,-4.24742782310650e-01
2.70958499956016e+02	2.34824932311737e-01,-4.23195045160313e-01
2.72843165365754e+02	2.32345063451410e-01,-4.21638362505702e-01
2.74740939660089e+02	2.29883489485271e-01,-4.20072981451189e-01
2.76651914018525e+02	2.27440242619218e-01,-4.18499148094065e-01
2.78576180254768e+02	2.25015351085668e-01,-4.16917107455454e-01
2.80513830821139e+02	2.22608839193573e-01,-4.15327103412986e-01
2.82464958813018e+02	2.20220727379520e-01,-4.13729378635226e-01
2.84429657973310e+02	2.17851032259854e-01,-4.12124174517880e-01
2.86408022696959e+02	2.15499766683757e-01,-4.10511731121777e-01
2.88400148035474e+02	2.13166939787242e-01,-4.08892287112631e-01
2.90406129701500e+02	2.10852557047991e-01,-4.07266079702603e-01
2.92426064073417e+02	2.08556620340987e-01,-4.05633344593647e-01
2.94460048199969e+02	2.06279127994891e-01,-4.03994315922645e-01
2.96508179804927e+02	2.04020074849086e-01,-4.02349226208346e-01
2.98570557291787e+02	2.01779452311370e-01,-4.00698306300078e-01
3.00647279748492e+02	1.99557248416204e-01,-3.99041785328255e-01
3.02738446952199e+02	1.97353447883500e-01,-3.97379890656658e-01
3.04844159374069e+02	1.95168032177867e-01,-3.95712847836490e-01
3.06964518184094e+02	1.93000979568288e-01,-3.94040880562192e-01
3.09099625255960e+02	1.90852265188157e-01,-3.92364210629013e-01
3.11249583171940e+02	1.88721861095644e-01,-3.90683057892320e-01
3.13414495227826e+02	1.86609736334335e-01,-3.88997640228638e-01
3.15594465437884e+02	1.84515856994093e-01,-3.87308173498407e-01
3.17789598539861e+02	1.82440186272103e-01,-3.85614871510440e-01
3.20000000000009e+02	1.80382684534053e-01,-3.83917945988058e-01
3.22225776018160e+02	1.78343309375407e-01,-3.82217606536904e-01
3.24467033532819e+02	1.76322015682726e-01,-3.80514060614396e-01
3.26723880226312e+02	1.74318755695002e-01,-3.78807513500817e-01
3.28996424529951e+02	1.72333479064951e-01,-3.77098168272011e-01
3.31284775629251e+02	1.70366132920244e-01,-3.75386225773675e-01
3.33589043469169e+02	1.68416661924625e-01,-3.73671884597207e-01
3.35909338759392e+02	1.66485008338877e-01,-3.71955341057112e-01
3.38245772979652e+02	1.64571112081610e-01,-3.70236789169924e-01
3.40598458385085e+02	1.62674910789839e-01,-3.68516420634629e-01
3.42967508011624e+02	1.60796339879294e-01,-3.66794424814559e-01
3.45353035681427e+02	1.58935332604467e-01,-3.65070988720740e-01
3.47755156008349e+02	1.57091820118326e-01,-3.63346296996664e-01
3.50173984403447e+02	1.55265731531702e-01,-3.61620531904450e-01
3.52609637080526e+02	1.53456993972288e-01,-3.59893873312391e-01
3.55062231061721e+02	1.51665532643249e-01,-3.58166498683836e-01
3.57531884183121e+02	1.49891270881398e-01,-3.56438583067393e-01
3.60018715100430e+02	1.48134130214920e-01,-3.54710299088421e-01
3.62522843294667e+02	1.46394030420622e-01,-3.52981816941788e-01
3.65044389077907e+02	1.44670889580677e-01,-3.51253304385860e-01
3.67583473599063e+02	1.42964624138851e-01,-3.49524926737702e-01
3.70140218849704e+02	1.41275148956185e-01,-3.47796846869448e-01
3.72714747669917e+02	1.39602377366111e-01,-3.46069225205835e-01
3.75307183754213e+02	1.37946221228986e-01,-3.44342219722845e-01
3.77917651657462e+02	1.36306590986029e-01,-3.42615985947448e-01
3.80546276800883e+02	1.34683395712639e-01,-3.40890676958407e-01
3.83193185478069e+02	1.33076543171074e-01,-3.39166443388122e-01
3.85858504861056e+02	1.31485939862495e-01,-3.37443433425474e-01
3.88542363006427e+02	1.29911491078332e-01,-3.35721792819658e-01
3.91244888861474e+02	1.28353100950991e-01,-3.34001664884955e-01
3.93966212270386e+02	1.26810672503861e-01,-3.32283190506439e-01
3.96706463980488e+02	1.25284107700630e-01,-3.30566508146568e-01
3.99465775648529e+02	1.23773307493893e-01,-3.28851753852643e-01
4.02244279846998e+02	1.22278171873041e-01,-3.27139061265113e-01
4.05042110070503e+02	1.20798599911417e-01,-3.25428561626677e-01
4.07859400742177e+02	1.19334489812756e-01,-3.23720383792184e-01
4.10696287220143e+02	1.17885738956863e-01,-3.22014654239280e-01
4.13552905804011e+02	1.16452243944561e-01,-3.20311497079785e-01
4.16429393741432e+02	1.15033900641877e-01,-3.18611034071777e-01
4.19325889234690e+02	1.13630604223478e-01,-3.16913384632352e-01
4.22242531447340e+02	1.12242249215341e-01,-3.15218665851031e-01
4.25179460510898e+02	1.10868729536663e-01,-3.13526992503793e-01
4.28136817531570e+02	1.09509938541006e-01,-3.11838477067713e-01
4.31114744597035e+02	1.08165769056670e-01,-3.10153229736167e-01
4.34113384783269e+02	1.06836113426298e-01,-3.08471358434595e-01
4.37132882161421e+02	1.05520863545717e-01,-3.06792968836782e-01
4.40173381804733e+02	1.04219910902002e-01,-3.05118164381650e-01
4.43235029795511e+02	1.02933146610772e-01,-3.03447046290520e-01
4.46317973232145e+02	1.01660461452728e-01,-3.01779713584837e-01
4.49422360236174e+02	1.00401745909407e-01,-3.00116263104325e-01
4.52548339959406e+02	9.91568901981902e-02,-2.98456789525554e-01
4.55696062591078e+02	9.79257843065378e-02,-2.96801385380894e-01
4.58865679365080e+02	9.67083180254704e-02,-2.95150141077839e-01
4.62057342567214e+02	9.55043809822955e-02,-2.93503144918681e-01
4.65271205542515e+02	9.43138626725818e-02,-2.91860483120503e-01
4.68507422702616e+02	9.31366524913895e-02,-2.90222239835484e-01
4.71766149533168e+02	9.19726397637568e-02,-2.88588497171491e-01
4.75047542601312e+02	9.08217137744523e-02,-2.86959335212935e-01
4.78351759563197e+02	8.96837637969944e-02,-2.85334832041880e-01
4.81678959171558e+02	8.85586791219486e-02,-2.83715063759381e-01
4.85029301283344e+02	8.74463490845029e-02,-2.82100104507032e-01
4.88402946867396e+02	8.63466630913336e-02,-2.80490026488716e-01
4.91800058012181e+02	8.52595106467639e-02,-2.78884899992526e-01
4.95220797933582e+02	8.41847813782245e-02,-2.77284793412855e-01
4.98665330982737e+02	8.31223650610234e-02,-2.75689773272624e-01
5.02133822653938e+02	8.20721516424308e-02,-2.74099904245651e-01
5.05626439592579e+02	8.10340312650892e-02,-2.72515249179121e-01
5.09143349603166e+02	8.00078942897541e-02,-2.70935869116170e-01
5.12684721657376e+02	7.89936313173758e-02,-2.69361823318545e-01
5.16250725902179e+02	7.79911332105283e-02,-2.67793169289342e-01
5.19841533668009e+02	7.70002911141960e-02,-2.66229962795797e-01
5.23457317476998e+02	7.60209964759243e-02,-2.64672257892129e-01
5.27098251051265e+02	7.50531410653452e-02,-2.63120106942408e-01
5.30764509321261e+02	7.40966169930853e-02,-2.61573560643449e-01
5.34456268434175e+02	7.31513167290654e-02,-2.60032668047714e-01
5.38173705762396e+02	7.22171331202009e-02,-2.58497476586206e-01
5.41916999912037e+02	7.12939594075124e-02,-2.56968032091354e-01
5.45686330731512e+02	7.03816892426549e-02,-2.55444378819874e-01
5.49481879320182e+02	6.94802167038757e-02,-2.53926559475587e-01
5.53303828037053e+02	6.85894363114099e-02,-2.52414615232200e-01
5.57152360509539e+02	6.77092430423231e-02,-2.50908585756030e-01
5.61027661642283e+02	6.68395323448101e-02,-2.49408509228661e-01
5.64929917626039e+02	6.59802001519605e-02,-2.47914422369531e-01
5.68859315946625e+02	6.51311428949985e-02,-2.46426360458439e-01
5.72816045393923e+02	6.42922575160079e-02,-2.44944357357956e-01
5.76800296070952e+02	6.34634414801522e-02,-2.43468445535746e-01
5.80812259403004e+02	6.26445927873974e-02,-2.41998656086779e-01
5.84852128146837e+02	6.18356099837481e-02,-2.40535018755430e-01
5.88920096399941e+02	6.10363921720069e-02,-2.39077561957459e-01
5.93016359609859e+02	6.02468390220651e-02,-2.37626312801872e-01
5.97141114583579e+02	5.94668507807354e-02,-2.36181297112641e-01
6.01294559496990e+02	5.86963282811342e-02,-2.34742539450289e-01
6.05476893904404e+02	5.79351729516253e-02,-2.33310063133335e-01
6.09688318748142e+02	5.71832868243317e-02,-2.31883890259589e-01
6.13929036368192e+02	5.64405725432261e-02,-2.30464041727285e-01
6.18199250511924e+02	5.57069333718092e-02,-2.29050537256069e-01
6.22499166343886e+02	5.49822732003837e-02,-2.27643395407808e-01
6.26828990455656e+02	5.42664965529345e-02,-2.26242633607246e-01
6.31188930875773e+02	5.35595085936230e-02,-2.24848268162475e-01
6.35579197079727e+02	5.28612151329047e-02,-2.23460314285240e-01
6.40000000000024e+02	5.21715226332785e-02,-2.22078786111057e-01
6.44451552036324e+02	5.14903382146766e-02,-2.20703696719153e-01
6.48934067065643e+02	5.08175696595040e-02,-2.19335058152218e-01
6.53447760452628e+02	5.01531254173349e-02,-2.17972881435970e-01
6.57992849059907e+02	4.94969146092755e-02,-2.16617176598522e-01
6.62569551258507e+02	4.88488470320011e-02,-2.15267952689567e-01
6.67178086938343e+02	4.82088331614756e-02,-2.13925217799350e-01
6.71818677518788e+02	4.75767841563614e-02,-2.12588979077456e-01
6.76491545959309e+02	4.69526118611277e-02,-2.11259242751389e-01
6.81196916770176e+02	4.63362288088655e-02,-2.09936014144954e-01
6.85935016023254e+02	4.57275482238164e-02,-2.08619297696425e-01
6.90706071362860e+02	4.51264840236238e-02,-2.07309096976521e-01
6.95510312016704e+02	4.45329508213125e-02,-2.06005414706166e-01
7.00347968806900e+02	4.39468639270057e-02,-2.04708252774042e-01
7.05219274161058e+02	4.33681393493857e-02,-2.03417612253940e-01
7.10124462123448e+02	4.27966937969070e-02,-2.02133493421888e-01
7.15063768366248e+02	4.22324446787659e-02,-2.00855895773087e-01
7.20037430200866e+02	4.16753101056371e-02,-1.99584818038617e-01
7.25045686589339e+02	4.11252088901817e-02,-1.98320258201947e-01
7.30088778155819e+02	4.05820605473350e-02,-1.97062213515226e-01
7.35166947198131e+02	4.00457852943787e-02,-1.95810680515362e-01
7.40280437699413e+02	3.95163040508065e-02,-1.94565655039894e-01
7.45429495339841e+02	3.89935384379876e-02,-1.93327132242647e-01
7.50614367508432e+02	3.84774107786355e-02,-1.92095106609183e-01
7.55835303314929e+02	3.79678440960873e-02,-1.90869571972030e-01
7.61092553601771e+02	3.74647621134004e-02,-1.89650521525713e-01
7.66386370956144e+02	3.69680892522725e-02,-1.88437947841565e-01
7.71717009722117e+02	3.64777506317905e-02,-1.87231842882334e-01
7.77084726012860e+02	3.59936720670135e-02,-1.86032198016575e-01
7.82489777722954e+02	3.55157800673963e-02,-1.84839004032847e-01
7.87932424540777e+02	3.50440018350593e-02,-1.83652251153684e-01
7.93412927960983e+02	3.45782652629085e-02,-1.82471929049376e-01
7.98931551297063e+02	3.41184989326124e-02,-1.81298026851538e-01
8.04488559694002e+02	3.36646321124407e-02,-1.80130533166471e-01
8.10084220141011e+02	3.32165947549694e-02,-1.78969436088329e-01
8.15718801484360e+02	3.27743174946573e-02,-1.77814723212074e-01
8.21392574440291e+02	3.23377316452992e-02,-1.76666381646240e-01
8.27105811608028e+02	3.19067691973605e-02,-1.75524398025492e-01
8.32858787482871e+02	3.14813628151969e-02,-1.74388758522983e-01
8.38651778469386e+02	3.10614458341653e-02,-1.73259448862528e-01
8.44485062894686e+02	3.06469522576286e-02,-1.72136454330565e-01
8.50358921021801e+02	3.02378167538605e-02,-1.71019759787942e-01
8.56273635063146e+02	2.98339746528530e-02,-1.69909349681489e-01
8.62229489194076e+02	2.94353619430313e-02,-1.68805208055426e-01
8.68226769566545e+02	2.90419152678809e-02,-1.67707318562556e-01
8.74265764322848e+02	2.86535719224893e-02,-1.66615664475291e-01
8.80346763609472e+02	2.82702698500073e-02,-1.65530228696482e-01
8.86470059591028e+02	2.78919476380334e-02,-1.64450993770068e-01
8.92635946464296e+02	2.75185445149248e-02,-1.63377941891541e-01
8.98844720472355e+02	2.71500003460384e-02,-1.62311054918237e-01
9.05096679918818e+02	2.67862556299060e-02,-1.61250314379440e-01
9.11392125182163e+02	2.64272514943458e-02,-1.60195701486315e-01
9.17731358730167e+02	2.60729296925153e-02,-1.59147197141666e-01
9.24114685134435e+02	2.57232325989066e-02,-1.58104781949519e-01
9.30542411085037e+02	2.53781032052894e-02,-1.57068436224534e-01
9.37014845405239e+02	2.50374851166032e-02,-1.56038140001249e-01
9.43532299066344e+02	2.47013225468026e-02,-1.55013873043159e-01
9.50095085202631e+02	2.43695603146577e-02,-1.53995614851624e-01
9.56703519126400e+02	2.40421438395135e-02,-1.52983344674618e-01
9.63357918343123e+02	2.37190191372359e-02,-1.51977041515243e-01
9.70058602566695e+02	2.34001328149889e-02,-1.50976684140448e-01
9.76805893734798e+02	2.30854320682499e-02,-1.49982251088857e-01
9.83600116024369e+02	2.27748646755156e-02,-1.48993720679180e-01
9.90441595867171e+02	2.24683789941220e-02,-1.48011071018094e-01
9.97330661965481e+02	2.21659239558087e-02,-1.47034280008057e-01
1.00426764530788e+03	2.18674490622582e-02,-1.46063325354962e-01
1.01125287918517e+03	2.15729043806152e-02,-1.45098184575651e-01
1.01828669920634e+03	2.12822405389845e-02,-1.44138835005278e-01
1.02536944331476e+03	2.09954087219125e-02,-1.43185253804528e-01
1.03250145180437e+03	2.07123606658523e-02,-1.42237417966699e-01
1.03968306733603e+03	2.04330486546160e-02,-1.41295304324641e-01
1.04691463495400e+03	2.01574255148148e-02,-1.40358889557552e-01
1.05419650210254e+03	1.98854446112890e-02,-1.39428150197649e-01
1.06152901864253e+03	1.96170598425312e-02,-1.38503062636692e-01
1.06891253686836e+03	1.93522256361014e-02,-1.37583603132388e-01
1.07634741152480e+03	1.90908969440393e-02,-1.36669747814652e-01
1.08383399982408e+03	1.88330292382719e-02,-1.35761472691750e-01
1.09137266146303e+03	1.85785785060209e-02,-1.34858753656310e-01
1.09896375864037e+03	1.83275012452094e-02,-1.33961566491210e-01
1.10660765607411e+03	1.80797544598705e-02,-1.33069886875341e-01
1.11430472101909e+03	1.78352956555587e-02,-1.32183690389251e-01
1.12205532328457e+03	1.75940828347657e-02,-1.31302952520669e-01
1.12985983525209e+03	1.73560744923415e-02,-1.30427648669909e-01
1.13771863189326e+03	1.71212296109225e-02,-1.29557754155166e-01
1.14563209078785e+03	1.68895076563681e-02,-1.28693244217689e-01
1.15360059214191e+03	1.66608685732059e-02,-1.27834094026847e-01
1.16162451880602e+03	1.64352727800877e-02,-1.26980278685081e-01
1.16970425629368e+03	1.62126811652571e-02,-1.26131773232755e-01
1.17784019279989e+03	1.59930550820291e-02,-1.25288552652891e-01
1.18603271921973e+03	1.57763563442841e-02,-1.24450591875806e-01
1.19428222916717e+03	1.55625472219753e-02,-1.23617865783640e-01
1.20258911899399e+03	1.53515904366528e-02,-1.22790349214784e-01
1.21095378780882e+03	1.51434491570031e-02,-1.21968016968214e-01
1.21937663749629e+03	1.49380869944062e-02,-1.21150843807717e-01
1.22785807273639e+03	1.47354679985106e-02,-1.20338804466023e-01
1.23639850102386e+03	1.45355566528275e-02,-1.19531873648851e-01
1.24499833268778e+03	1.43383178704831e-02,-1.18730026038811e-01
1.25365798091132e+03	1.41437169892938e-02,-1.17933236299400e-01
1.26237786175155e+03	1.39517197682618e-02,-1.17141479078556e-01
1.27115839415946e+03	1.37622923826891e-02,-1.16354729012468e-01
1.28000000000006e+03	1.35754014200171e-02,-1.15572960729133e-01
1.28890310407266e+03	1.33910138755481e-02,-1.14796148851851e-01
1.29786813413129e+03	1.32090971481904e-02,-1.14024268002643e-01
1.30689552090527e+03	1.30296190362272e-02,-1.13257292805587e-01
1.31598569811982e+03	1.28525477331097e-02,-1.12495197890066e-01
1.32513910251702e+03	1.26778518232761e-02,-1.11737957893944e-01
1.33435617387669e+03	1.25055002779949e-02,-1.10985547466655e-01
1.34363735503759e+03	1.23354624512349e-02,-1.10237941272226e-01
1.35298309191863e+03	1.21677080755611e-02,-1.09495113992210e-01
1.36239383354036e+03	1.20022072580578e-02,-1.08757040328559e-01
1.37187003204652e+03	1.18389304762777e-02,-1.08023695006413e-01
1.38141214272573e+03	1.16778485742197e-02,-1.07295052776824e-01
1.39102062403342e+03	1.15189327583334e-02,-1.06571088419408e-01
1.40069593761381e+03	1.13621545935524e-02,-1.05851776744925e-01
1.41043854832213e+03	1.12074859993552e-02,-1.05137092597795e-01
1.42024892424691e+03	1.10548992458554e-02,-1.04427010858546e-01
1.43012753673251e+03	1.09043669499197e-02,-1.03721506446196e-01
1.44007486040174e+03	1.07558620713166e-02,-1.03020554320574e-01
1.45009137317869e+03	1.06093579088924e-02,-1.02324129484572e-01
1.46017755631165e+03	1.04648280967781e-02,-1.01632206986344e-01
1.47033389439627e+03	1.03222466006255e-02,-1.00944761921434e-01
1.48056087539884e+03	1.01815877138727e-02,-1.00261769434857e-01
1.49085899067969e+03	1.00428260540401e-02,-9.95832047231115e-02
1.50122873501687e+03	9.90593655905593e-03,-9.89090430361374e-02
1.51167060662987e+03	9.77089448361263e-03,-9.82392596792230e-02
1.52218510720355e+03	9.63767539555267e-03,-9.75738300148510e-02
1.53277274191230e+03	9.50625517228534e-03,-9.69127294644945e-02
1.54343401944424e+03	9.37660999723368e-03,-9.62559335103576e-02
1.55416945202573e+03	9.24871635631198e-03,-9.56034176970671e-02
1.56497955544592e+03	9.12255103443381e-03,-9.49551576333110e-02
1.57586484908157e+03	8.99809111205057e-03,-9.43111289934290e-02
1.58682585592198e+03	8.87531396172066e-03,-9.36713075189537e-02
1.59786310259414e+03	8.75419724470923e-03,-9.30356690201044e-02
1.60897711938801e+03	8.63471890761856e-03,-9.24041893772334e-02
1.62016844028203e+03	8.51685717904902e-03,-9.17768445422277e-02
1.63143760296873e+03	8.40059056629054e-03,-9.11536105398652e-02
1.64278514888059e+03	8.28589785204475e-03,-9.05344634691267e-02
1.65421162321607e+03	8.17275809117754e-03,-8.99193795044654e-02
1.66571757496575e+03	8.06115060750204e-03,-8.93083348970339e-02
1.67730355693878e+03	7.95105499063130e-03,-8.87013059758634e-02
1.68897012578938e+03	7.84245109266495e-03,-8.80982691490370e-02
1.70071784204361e+03	7.73531902529964e-03,-8.74992009047532e-02
1.71254727012630e+03	7.62963915657520e-03,-8.69040778124213e-02
1.72445897838816e+03	7.52539210784865e-03,-8.63128765236836e-02
1.73645353913310e+03	7.42255875075858e-03,-8.57255737734075e-02
1.74853152864571e+03	7.32112020421944e-03,-8.51421463806409e-02
1.76069352721896e+03	7.22105783144560e-03,-8.45625712495324e-02
1.77294011918207e+03	7.12235323700522e-03,-8.39868253702169e-02
1.78527189292860e+03	7.02498826390351e-03,-8.34148858196661e-02
1.79768944094472e+03	6.92894499069568e-03,-8.28467297625068e-02
1.81019335983765e+03	6.83420572862897e-03,-8.22823344518064e-02
1.82278425036434e+03	6.74075301881410e-03,-8.17216772298255e-02
1.83546271746035e+03	6.64856962942556e-03,-8.11647355287405e-02
1.84822937026888e+03	6.55763855299572e-03,-8.06114868713245e-02
1.86108482217009e+03	6.46794300341308e-03,-8.00619088716513e-02
1.87402969081049e+03	6.37946641359990e-03,-7.95159792356642e-02
1.88706459813270e+03	6.29219243256580e-03,-7.89736757618224e-02
1.90019017040527e+03	6.20610492281679e-03,-7.84349763416663e-02
1.91340703825281e+03	6.12118795772676e-03,-7.78998589603667e-02
1.92671583668626e+03	6.03742581893704e-03,-7.73683016972463e-02
1.94011720513340e+03	5.95480299378360e-03,-7.68402827262757e-02
1.95361178746961e+03	5.87330417275201e-03,-7.63157803165438e-02
1.96720023204875e+03	5.79291424695974e-03,-7.57947728327039e-02
1.98088319173436e+03	5.71361830566575e-03,-7.52772387353940e-02
1.99466132393098e+03	5.63540163380718e-03,-7.47631565816349e-02
2.00853529061578e+03	5.55824970956288e-03,-7.42525050252038e-02
2.02250575837034e+03	5.48214820194369e-03,-7.37452628169864e-02
2.03657339841269e+03	5.40708296840921e-03,-7.32414088053054e-02
2.05073888662953e+03	5.33304005251090e-03,-7.27409219362290e-02
2.06500290360874e+03	5.26000568156134e-03,-7.22437812538567e-02
2.07936613467207e+03	5.18796626432938e-03,-7.17499659005854e-02
2.09382926990802e+03	5.11690838876106e-03,-7.12594551173551e-02
2.10839300420509e+03	5.04681881972609e-03,-7.07722282438749e-02
2.12305803728508e+03	4.97768449678963e-03,-7.02882647188297e-02
2.13782507373673e+03	4.90949253200930e-03,-6.98075440800686e-02
2.15269482304962e+03	4.84223020775701e-03,-6.93300459647741e-02
2.16766799964818e+03	4.77588497458931e-03,-6.88557501096111e-02
2.18274532292608e+03	4.71044444902364e-03,-6.83846363508749e-02
2.19792751728076e+03	4.64589641157672e-03,-6.79166846245880e-02
2.21321531214825e+03	4.58222880458864e-03,-6.74518749666154e-02
2.22860944203819e+03	4.51942973019044e-03,-6.69901875127451e-02
2.24411064656916e+03	4.45748744827137e-03,-6.65316024987580e-02
2.25971967050419e+03	4.39639037446981e-03,-6.60761002604811e-02
2.27543726378653e+03	4.33612707818732e-03,-6.56236612338264e-02
2.29126418157573e+03	4.27668628062592e-03,-6.51742659548148e-02
2.30720118428384e+03	4.21805685284830e-03,-6.47278950595869e-02
2.32324903761205e+03	4.16022781386057e-03,-6.42845292843978e-02
2.33940851258738e+03	4.10318832871763e-03,-6.38441494656009e-02
2.35568038559980e+03	4.04692770665079e-03,-6.34067365396164e-02
2.37206543843947e+03	3.99143539921747e-03,-6.29722715428886e-02
2.38856445833435e+03	3.93670099847269e-03,-6.25407356118300e-02
2.40517823798799e+03	3.88271423516236e-03,-6.21121099827529e-02
2.42190757561765e+03	3.82946497693791e-03,-6.16863759917903e-02
2.43875327499260e+03	3.77694322662975e-03,-6.12635150747995e-02
2.45571614547280e+03	3.72513912035376e-03,-6.08435087672787e-02
2.47279700204773e+03	3.67404292601556e-03,-6.04263387042250e-02
2.48999666537558e+03	3.62364504145754e-03,-6.00119866200303e-02
2.50731596182266e+03	3.57393599281572e-03,-5.96004343483413e-02
2.52475572350313e+03	3.52490643285891e-03,-5.91916638219161e-02
2.54231678831894e+03	3.47654713934790e-03,-5.87856570724699e-02
2.56000000000013e+03	3.42884901343149e-03,-5.83823962305099e-02
2.57780620814533e+03	3.38180307797680e-03,-5.79818635251704e-02
2.59573626826261e+03	3.33540047609024e-03,-5.75840412840196e-02
2.61379104181055e+03	3.28963246948598e-03,-5.71889119328774e-02
2.63197139623967e+03	3.24449043695964e-03,-5.67964579956147e-02
2.65027820503406e+03	3.19996587286343e-03,-5.64066620939470e-02
2.66871234775341e+03	3.15605038560010e-03,-5.60195069472193e-02
2.68727471007519e+03	3.11273569613515e-03,-5.56349753721842e-02
2.70596618383727e+03	3.07001363652752e-03,-5.52530502827719e-02
2.72478766708074e+03	3.02787614847816e-03,-5.48737146898532e-02
2.74374006409305e+03	2.98631528189658e-03,-5.44969517009954e-02
2.76282428545148e+03	2.94532319348510e-03,-5.41227445202117e-02
2.78204124806685e+03	2.90489214536937e-03,-5.37510764477002e-02
2.80139187522764e+03	2.86501450360160e-03,-5.33819308795933e-02
2.82087709664427e+03	2.82568273697105e-03,-5.30152913076684e-02
2.84049784849383e+03	2.78688941554052e-03,-5.26511413190846e-02
2.86025507346503e+03	2.74862720934543e-03,-5.22894645960981e-02
2.88014972080350e+03	2.71088888708026e-03,-5.19302449157747e-02
2.90018274635740e+03	2.67366731482795e-03,-5.15734661496944e-02
2.92035511262332e+03	2.63695545467218e-03,-5.12191122636646e-02
2.94066778879257e+03	2.60074636359314e-03,-5.08671673174005e-02
2.96112175079769e+03	2.56503319211090e-03,-5.05176154642280e-02
2.98171798135941e+03	2.52980918307901e-03,-5.01704409507691e-02
3.00245747003377e+03	2.49506767046660e-03,-4.98256281166243e-02
3.02334121325976e+03	2.46080207815578e-03,-4.94831613940515e-02
3.04437021440713e+03	2.42700591875423e-03,-4.91430253076400e-02
3.06554548382462e+03	2.39367279242276e-03,-4.88052044739812e-02
3.08686803888851e+03	2.36079638571774e-03,-4.84696836013347e-02
3.10833890405149e+03	2.32837047045963e-03,-4.81364474892901e-02
3.12995911089186e+03	2.29638890255809e-03,-4.78054810284303e-02
3.15172969816316e+03	2.26484562096772e-03,-4.74767691999806e-02
3.17365171184398e+03	2.23373464654124e-03,-4.71502970754650e-02
3.19572620518830e+03	2.20305008097714e-03,-4.68260498163527e-02
3.21795423877605e+03	2.17278610565943e-03,-4.65040126737120e-02
3.24033688056409e+03	2.14293698073160e-03,-4.61841709878408e-02
3.26287520593749e+03	2.11349704396296e-03,-4.58665101879155e-02
3.28557029776121e+03	2.08446070973913e-03,-4.55510157916266e-02
3.30842324643216e+03	2.05582246804364e-03,-4.52376734048131e-02
3.33143514993153e+03	2.02757688345239e-03,-4.49264687210958e-02
3.35460711387759e+03	1.99971859414114e-03,-4.46173875215074e-02
3.37794025157879e+03	1.97224231090564e-03,-4.43104156741203e-02
3.40143568408726e+03	1.94514281620411e-03,-4.40055391336717e-02
3.42509454025263e+03	1.91841496316350e-03,-4.37027439411916e-02
3.44891795677636e+03	1.89205367469555e-03,-4.34020162236189e-02
3.47290707826623e+03	1.86605394252717e-03,-4.31033421934255e-02
3.49706305729145e+03	1.84041082631031e-03,-4.28067081482327e-02
3.52138705443794e+03	1.81511945264178e-03,-4.25121004704341e-02
3.54588023836416e+03	1.79017501427922e-03,-4.22195056268018e-02
3.57054378585724e+03	1.76557276918372e-03,-4.19289101681067e-02
3.59537888188947e+03	1.74130803966666e-03,-4.16403007287302e-02
3.62038671967532e+03	1.71737621152913e-03,-4.13536640262750e-02
3.64556850072871e+03	1.69377273321261e-03,-4.10689868611761e-02
3.67092543492072e+03	1.67049311496893e-03,-4.07862561163095e-02
3.69645874053780e+03	1.64753292799943e-03,-4.05054587566028e-02
3.72216964434020e+03	1.62488780368853e-03,-4.02265818286393e-02
3.74805938162101e+03	1.60255343278006e-03,-3.99496124602656e-02
3.77412919626543e+03	1.58052556452595e-03,-3.96745378602024e-02
3.80038034081058e+03	1.55880000599757e-03,-3.94013453176419e-02
3.82681407650566e+03	1.53737262124620e-03,-3.91300222018576e-02
3.85343167337255e+03	1.51623933055440e-03,-3.88605559618074e-02
3.88023441026684e+03	1.49539610968114e-03,-3.85929341257369e-02
3.90722357493925e+03	1.47483898912419e-03,-3.83271443007830e-02
3.93440046409753e+03	1.45456405335538e-03,-3.80631741725783e-02
3.96176638346874e+03	1.43456744013937e-03,-3.78010115048510e-02
3.98932264786198e+03	1.41484533978787e-03,-3.75406441390297e-02
4.01707058123159e+03	1.39539399446038e-03,-3.72820599938449e-02
4.04501151674072e+03	1.37620969746674e-03,-3.70252470649320e-02
4.07314679682541e+03	1.35728879259240e-03,-3.67701934244322e-02
4.10147777325910e+03	1.33862767336482e-03,-3.65168872205988e-02
4.13000580721752e+03	1.32022278247814e-03,-3.62653166773932e-02
4.15873226934416e+03	1.30207061102414e-03,-3.60154700940949e-02
4.18765853981608e+03	1.28416769793268e-03,-3.57673358448979e-02
4.21678600841022e+03	1.26651062927436e-03,-3.55209023785171e-02
4.24611607457018e+03	1.24909603763818e-03,-3.52761582177916e-02
4.27565014747350e+03	1.23192060151034e-03,-3.50330919592869e-02
4.30538964609927e+03	1.21498104463059e-03,-3.47916922729014e-02
4.33533599929639e+03	1.19827413541848e-03,-3.45519479014684e-02
4.36549064585219e+03	1.18179668635168e-03,-3.43138476603618e-02
4.39585503456155e+03	1.16554555335369e-03,-3.40773804371033e-02
4.42643062429652e+03	1.14951763524258e-03,-3.38425351909661e-02
4.45721888407641e+03	1.13370987312795e-03,-3.36093009525829e-02
4.48822129313836e+03	1.11811924985657e-03,-3.33776668235519e-02
4.51943934100841e+03	1.10274278940371e-03,-3.31476219760483e-02
4.55087452757310e+03	1.08757755638408e-03,-3.29191556524283e-02
4.58252836315148e+03	1.07262065546834e-03,-3.26922571648406e-02
4.61440236856772e+03	1.05786923080976e-03,-3.24669158948387e-02
4.64649807522413e+03	1.04332046557423e-03,-3.22431212929882e-02
4.67881702517480e+03	1.02897158136954e-03,-3.20208628784809e-02
4.71136077119964e+03	1.01481983774594e-03,-3.18001302387464e-02
4.74413087687898e+03	1.00086253164188e-03,-3.15809130290687e-02
4.77712891666873e+03	9.87096996938544e-04,-3.13632009721962e-02
4.81035647597602e+03	9.73520603918927e-04,-3.11469838579606e-02
4.84381515123534e+03	9.60130758784808e-04,-3.09322515428923e-02
4.87750654998525e+03	9.46924903170023e-04,-3.07189939498383e-02
4.91143229094564e+03	9.33900513669547e-04,-3.05072010675800e-02
4.94559400409550e+03	9.21055101328245e-04,-3.02968629504553e-02
4.97999333075120e+03	9.08386211229679e-04,-3.00879697179761e-02
5.01463192364536e+03	8.95891422006109e-04,-2.98805115544517e-02
5.04951144700630e+03	8.83568345356939e-04,-2.96744787086136e-02
5.08463357663793e+03	8.71414625662420e-04,-2.94698614932359e-02
5.12000000000031e+03	8.59427939469566e-04,-2.92666502847650e-02
5.15561241629071e+03	8.47605995116675e-04,-2.90648355229425e-02
5.19147253652526e+03	8.35946532271094e-04,-2.88644077104349e-02
5.22758208362114e+03	8.24447321495814e-04,-2.86653574124631e-02
5.26394279247938e+03	8.13106163858950e-04,-2.84676752564309e-02
5.30055641006817e+03	8.01920890486428e-04,-2.82713519315591e-02
5.33742469550686e+03	7.90889362182131e-04,-2.80763781885158e-02
5.37454942015043e+03	7.80009469016147e-04,-2.78827448390521e-02
5.41193236767459e+03	7.69279129899897e-04,-2.76904427556386e-02
5.44957533416153e+03	7.58696292248381e-04,-2.74994628710992e-02
5.48748012818615e+03	7.48258931531156e-04,-2.73097961782534e-02
5.52564857090300e+03	7.37965050944087e-04,-2.71214337295523e-02
5.56408249613375e+03	7.27812681009190e-04,-2.69343666367210e-02
5.60278375045533e+03	7.17799879181410e-04,-2.67485860704027e-02
5.64175419328859e+03	7.07924729525788e-04,-2.65640832597996e-02
5.68099569698771e+03	6.98185342326276e-04,-2.63808494923200e-02
5.72051014693011e+03	6.88579853743043e-04,-2.61988761132240e-02
5.76029944160706e+03	6.79106425439510e-04,-2.60181545252729e-02
5.80036549271484e+03	6.69763244249270e-04,-2.58386761883783e-02
5.84071022524669e+03	6.60548521846544e-04,-2.56604326192518e-02
5.88133557758518e+03	6.51460494394138e-04,-2.54834153910587e-02
5.92224350159543e+03	6.42497422190641e-04,-2.53076161330731e-02
5.96343596271886e+03	6.33657589380680e-04,-2.51330265303308e-02
6.00491494006759e+03	6.24939303607108e-04,-2.49596383232884e-02
6.04668242651957e+03	6.16340895687907e-04,-2.47874433074808e-02
6.08874042881431e+03	6.07860719306750e-04,-2.46164333331821e-02
6.13109096764929e+03	5.99497150713308e-04,-2.44466003050655e-02
6.17373607777707e+03	5.91248588388376e-04,-2.42779361818683e-02
6.21667780810302e+03	5.83113452756152e-04,-2.41104329760557e-02
6.25991822178378e+03	5.75090185896498e-04,-2.39440827534862e-02
6.30345939632636e+03	5.67177251234791e-04,-2.37788776330799e-02
6.34730342368800e+03	5.59373133250947e-04,-2.36148097864883e-02
6.39145241037665e+03	5.51676337186841e-04,-2.34518714377645e-02
6.43590847755216e+03	5.44085388787968e-04,-2.32900548630350e-02
6.48067376112824e+03	5.36598833998636e-04,-2.31293523901747e-02
6.52575041187503e+03	5.29215238686775e-04,-2.29697563984820e-02
6.57114059552248e+03	5.21933188395912e-04,-2.28112593183550e-02
6.61684649286437e+03	5.14751288047445e-04,-2.26538536309714e-02
6.66287029986312e+03	5.07668161702179e-04,-2.24975318679676e-02
6.70921422775524e+03	5.00682452270800e-04,-2.23422866111215e-02
6.75588050315764e+03	4.93792821279516e-04,-2.21881104920348e-02
6.80287136817457e+03	4.86997948615422e-04,-2.20349961918184e-02
6.85018908050532e+03	4.80296532253733e-04,-2.18829364407791e-02
6.89783591355277e+03	4.73687288032812e-04,-2.17319240181074e-02
6.94581415653252e+03	4.67168949409742e-04,-2.15819517515667e-02
6.99412611458295e+03	4.60740267200818e-04,-2.14330125171858e-02
7.04277410887593e+03	4.54400009356342e-04,-2.12850992389508e-02
7.09176047672838e+03	4.48146960737675e-04,-2.11382048884992e-02
7.14108757171453e+03	4.41979922865624e-04,-2.09923224848167e-02
7.19075776377900e+03	4.35897713706305e-04,-2.08474450939346e-02
7.24077343935071e+03	4.29899167437507e-04,-2.07035658286287e-02
7.29113700145747e+03	4.23983134229426e-04,-2.05606778481203e-02
7.34185086984150e+03	4.18148480040755e-04,-2.04187743577780e-02
7.39291748107565e+03	4.12394086373262e-04,-2.02778486088228e-02
7.44433928868046e+03	4.06718850092668e-04,-2.01378938980320e-02
7.49611876324208e+03	4.01121683185569e-04,-1.99989035674478e-02
7.54825839253092e+03	3.95601512585132e-04,-1.98608710040847e-02
7.60076068162122e+03	3.90157279938486e-04,-1.97237896396406e-02
7.65362815301138e+03	3.84787941421467e-04,-1.95876529502083e-02
7.70686334674516e+03	3.79492467532057e-04,-1.94524544559889e-02
7.76046882053374e+03	3.74269842905852e-04,-1.93181877210065e-02
7.81444714987857e+03	3.69119066118511e-04,-1.91848463528247e-02
7.86880092819513e+03	3.64039149469330e-04,-1.90524240022657e-02
7.92353276693755e+03	3.59029118841275e-04,-1.89209143631283e-02
7.97864529572403e+03	3.54088013472982e-04,-1.87903111719104e-02
8.03414116246325e+03	3.49214885799513e-04,-1.86606082075310e-02
8.09002303348151e+03	3.44408801264439e-04,-1.85317992910548e-02
8.14629359365089e+03	3.39668838138366e-04,-1.84038782854182e-02
8.20295554651826e+03	3.34994087346848e-04,-1.82768390951564e-02
8.26001161443511e+03	3.30383652300421e-04,-1.81506756661324e-02
8.31746453868839e+03	3.25836648720202e-04,-1.80253819852675e-02
8.37531707963222e+03	3.21352204466095e-04,-1.79009520802735e-02
8.43357201682050e+03	3.16929459373896e-04,-1.77773800193861e-02
8.49223214914044e+03	3.12567565095952e-04,-1.76546599110995e-02
8.55130029494706e+03	3.08265684928267e-04,-1.75327859039042e-02
8.61077929219860e+03	3.04022993663500e-04,-1.74117521860236e-02
8.67067199859285e+03	2.99838677421148e-04,-1.72915529851550e-02
8.73098129170445e+03	2.95711933504525e-04,-1.71721825682095e-02
8.79171006912318e+03	2.91641970237001e-04,-1.70536352410559e-02
8.85286124859312e+03	2.87628006818436e-04,-1.69359053482635e-02
8.91443776815290e+03	2.83669273166063e-04,-1.68189872728493e-02
8.97644258627679e+03	2.79765009788981e-04,-1.67028754360231e-02
9.03887868201690e+03	2.75914467613269e-04,-1.65875642969384e-02
9.10174905514628e+03	2.72116907865896e-04,-1.64730483524406e-02
9.16505672630304e+03	2.68371601915496e-04,-1.63593221368196e-02
9.22880473713551e+03	2.64677831148278e-04,-1.62463802215624e-02
9.29299615044834e+03	2.61034886809393e-04,-1.61342172151082e-02
9.35763405034968e+03	2.57442069892950e-04,-1.60228277626034e-02
9.42272154239935e+03	2.53898690996296e-04,-1.59122065456598e-02
9.48826175375803e+03	2.50404070178344e-04,-1.58023482821134e-02
9.55425783333754e+03	2.46957536846448e-04,-1.56932477257842e-02
9.62071295195212e+03	2.43558429626652e-04,-1.55848996662386e-02
9.68763030247075e+03	2.40206096227403e-04,-1.54772989285521e-02
9.75501309997057e+03	2.36899893314090e-04,-1.53704403730743e-02
9.82286458189136e+03	2.33639186401711e-04,-1.52643188951947e-02
9.89118800819108e+03	2.30423349723768e-04,-1.51589294251100e-02
9.95998666150247e+03	2.27251766103605e-04,-1.50542669275937e-02
1.00292638472908e+04	2.24123826853894e-04,-1.49503264017654e-02
1.00990228940127e+04	2.21038931649805e-04,-1.48471028808631e-02
1.01692671532759e+04	2.17996488416595e-04,-1.47445914320161e-02
1.02400000000007e+04	2.14995913216430e-04,-1.46427871560196e-02
1.03112248325815e+04	2.12036630138875e-04,-1.45416851871101e-02
1.03829450730506e+04	2.09118071181234e-04,-1.44412806927434e-02
1.04551641672424e+04	2.06239676157985e-04,-1.43415688733723e-02
1.05278855849588e+04	2.03400892574644e-04,-1.42425449622272e-02
1.06011128201364e+04	2.00601175535723e-04,-1.41442042250970e-02
1.06748493910138e+04	1.97839987631271e-04,-1.40465419601121e-02
1.07490988403009e+04	1.95116798841199e-04,-1.39495534975281e-02
1.08238647353493e+04	1.92431086431779e-04,-1.38532341995113e-02
1.08991506683231e+04	1.89782334848952e-04,-1.37575794599256e-02
1.09749602563724e+04	1.87170035631331e-04,-1.36625847041199e-02
1.10512971418061e+04	1.84593687307002e-04,-1.35682453887181e-02
1.11281649922676e+04	1.82052795292130e-04,-1.34745570014095e-02
1.12055675009107e+04	1.79546871809275e-04,-1.33815150607402e-02
1.12835083865773e+04	1.77075435779405e-04,-1.32891151159076e-02
1.13619913939755e+04	1.74638012744296e-04,-1.31973527465535e-02
1.14410202938603e+04	1.72234134761483e-04,-1.31062235625613e-02
1.15205988832142e+04	1.69863340327076e-04,-1.30157232038520e-02
1.16007309854298e+04	1.67525174282053e-04,-1.29258473401831e-02
1.16814204504935e+04	1.65219187721022e-04,-1.28365916709488e-02
1.17626711551704e+04	1.62944937913914e-04,-1.27479519249797e-02
1.18444870031910e+04	1.60701988216995e-04,-1.26599238603462e-02
1.19268719254378e+04	1.58489907990129e-04,-1.25725032641614e-02
1.20098298801353e+04	1.56308272514339e-04,-1.24856859523855e-02
1.20933648530392e+04	1.54156662910492e-04,-1.23994677696326e-02
1.21774808576287e+04	1.52034666060629e-04,-1.23138445889769e-02
1.22621819352987e+04	1.49941874522012e-04,-1.22288123117621e-02
1.23474721555542e+04	1.47877886460558e-04,-1.21443668674100e-02
1.24333556162061e+04	1.45842305567655e-04,-1.20605042132321e-02
1.25198364435677e+04	1.43834740978515e-04,-1.19772203342412e-02
1.26069187926528e+04	1.41854807209069e-04,-1.18945112429651e-02
1.26946068473761e+04	1.39902124073356e-04,-1.18123729792604e-02
1.27829048207534e+04	1.37976316613659e-04,-1.17308016101288e-02
1.28718169551044e+04	1.36077015031410e-04,-1.16497932295334e-02
1.29613475222566e+04	1.34203854608788e-04,-1.15693439582170e-02
1.30515008237502e+04	1.32356475647790e-04,-1.14894499435211e-02
1.31422811910451e+04	1.30534523396476e-04,-1.14101073592062e-02
1.32336929857288e+04	1.28737647980418e-04,-1.13313124052737e-02
1.33257405997263e+04	1.26965504337664e-04,-1.12530613077877e-02
1.34184284555106e+04	1.25217752151333e-04,-1.11753503186997e-02
1.35117610063154e+04	1.23494055787541e-04,-1.10981757156729e-02
1.36057427363492e+04	1.21794084225447e-04,-1.10215338019084e-02
1.37003781610108e+04	1.20117510996436e-04,-1.09454209059725e-02
1.37956718271056e+04	1.18464014128117e-04,-1.08698333816249e-02
1.38916283130651e+04	1.16833276068784e-04,-1.07947676076482e-02
1.39882522291660e+04	1.15224983639184e-04,-1.07202199876782e-02
1.40855482177520e+04	1.13638827967635e-04,-1.06461869500357e-02
1.41835209534569e+04	1.12074504426349e-04,-1.05726649475594e-02
1.42821751434292e+04	1.10531712586070e-04,-1.04996504574391e-02
1.43815155275581e+04	1.09010156139932e-04,-1.04271399810514e-02
1.44815468787015e+04	1.07509542864547e-04,-1.03551300437949e-02
1.45822740029151e+04	1.06029584554459e-04,-1.02836171949276e-02
1.46837017396831e+04	1.04569996964395e-04,-1.02125980074054e-02
1.47858349621514e+04	1.03130499763838e-04,-1.01420690777203e-02
1.48886785773610e+04	1.01710816477872e-04,-1.00720270257414e-02
1.49922375264843e+04	1.00310674431718e-04,-1.00024684945559e-02
1.50965167850620e+04	9.89298047050925e-05,-9.93339015031138e-03
1.52015213632425e+04	9.75679420755336e-05,-9.86478868205915e-03
1.53072563060229e+04	9.62248249681356e-05,-9.79666080159862e-03
1.54137266934904e+04	9.49001954073618e-05,-9.72900324332269e-03
1.55209376410676e+04	9.35937989684489e-05,-9.66181276406408e-03
1.56288942997572e+04	9.23053847229573e-05,-9.59508614294288e-03
1.57376018563904e+04	9.10347051959196e-05,-9.52882018121485e-03
1.58470655338752e+04	8.97815163191867e-05,-9.46301170212083e-03
1.59572905914482e+04	8.85455773796000e-05,-9.39765755073720e-03
1.60682823249266e+04	8.73266509765101e-05,-9.33275459382726e-03
1.61800460669631e+04	8.61245029753268e-05,-9.26829971969359e-03
1.62925871873019e+04	8.49389024617681e-05,-9.20428983803141e-03
1.64059110930366e+04	8.37696217009837e-05,-9.14072187978282e-03
1.65200232288703e+04	8.26164360891597e-05,-9.07759279699222e-03
1.66349290773769e+04	8.14791241122161e-05,-9.01489956266245e-03
1.67506341592646e+04	8.03574673057577e-05,-8.95263917061199e-03
1.68671440336411e+04	7.92512502074853e-05,-8.89080863533317e-03
1.69844642982810e+04	7.81602603243212e-05,-8.82940499185108e-03
1.71026005898942e+04	7.70842880843858e-05,-8.76842529558376e-03
1.72215585843973e+04	7.60231267977210e-05,-8.70786662220306e-03
1.73413439971858e+04	7.49765726204953e-05,-8.64772606749650e-03
1.74619625834090e+04	7.39444245135244e-05,-8.58800074723005e-03
1.75834201382465e+04	7.29264842018831e-05,-8.52868779701186e-03
1.77057224971864e+04	7.19225561402313e-05,-8.46978437215683e-03
1.78288755363059e+04	7.09324474734260e-05,-8.41128764755209e-03
1.79528851725537e+04	6.99559680002463e-05,-8.35319481752345e-03
1.80777573640339e+04	6.89929301351535e-05,-8.29550309570268e-03
1.82034981102927e+04	6.80431488764800e-05,-8.23820971489560e-03
1.83301134526062e+04	6.71064417643694e-05,-8.18131192695127e-03
1.84576094742712e+04	6.61826288533062e-05,-8.12480700263177e-03
1.85859923008968e+04	6.52715326714600e-05,-8.06869223148312e-03
1.87152681006995e+04	6.43729781893687e-05,-8.01296492170685e-03
1.88454430847988e+04	6.34867927869650e-05,-7.95762240003253e-03
1.89765235075162e+04	6.26128062181958e-05,-7.90266201159118e-03
1.91085156666752e+04	6.17508505809112e-05,-7.84808111978941e-03
1.92414259039044e+04	6.09007602830366e-05,-7.79387710618455e-03
1.93752606049416e+04	6.00623720096172e-05,-7.74004737036052e-03
1.95100261999413e+04	5.92355246951356e-05,-7.68658932980448e-03
1.96457291637829e+04	5.84200594889525e-05,-7.63350041978450e-03
1.97823760163823e+04	5.76158197272289e-05,-7.58077809322783e-03
1.99199733230051e+04	5.68226509022312e-05,-7.52841982060013e-03
2.00585276945817e+04	5.60404006306987e-05,-7.47642308978547e-03
2.01980457880255e+04	5.52689186288598e-05,-7.42478540596709e-03
2.03385343065520e+04	5.45080566779654e-05,-7.37350429150907e-03
2.04800000000015e+04	5.37576686016948e-05,-7.32257728583864e-03
2.06224496651631e+04	5.30176102344661e-05,-7.27200194532946e-03
2.07658901461013e+04	5.22877393930381e-05,-7.22177584318552e-03
2.09103283344849e+04	5.15679158534542e-05,-7.17189656932590e-03
2.10557711699178e+04	5.08580013196247e-05,-7.12236173027035e-03
2.12022256402730e+04	5.01578593994144e-05,-7.07316894902554e-03
2.13496987820278e+04	4.94673555764313e-05,-7.02431586497214e-03
2.14981976806020e+04	4.87863571881943e-05,-6.97580013375261e-03
2.16477294706987e+04	4.81147333947082e-05,-6.92761942715987e-03
2.17983013366464e+04	4.74523551585485e-05,-6.87977143302654e-03
2.19499205127449e+04	4.67990952178524e-05,-6.83225385511503e-03
2.21025942836123e+04	4.61548280614444e-05,-6.78506441300842e-03
2.22563299845353e+04	4.55194299066116e-05,-6.73820084200194e-03
2.24111350018216e+04	4.48927786730169e-05,-6.69166089299531e-03
2.25670167731547e+04	4.42747539604487e-05,-6.64544233238574e-03
2.27239827879512e+04	4.36652370267977e-05,-6.59954294196162e-03
2.28820405877208e+04	4.30641107634627e-05,-6.55396051879707e-03
2.30411977664286e+04	4.24712596733380e-05,-6.50869287514701e-03
2.32014619708597e+04	4.18865698490734e-05,-6.46373783834312e-03
2.33628409009871e+04	4.13099289509846e-05,-6.41909325069034e-03
2.35253423103411e+04	4.07412261856883e-05,-6.37475696936422e-03
2.36889740063821e+04	4.01803522840135e-05,-6.33072686630885e-03
2.38537438508758e+04	3.96271994812530e-05,-6.28700082813555e-03
2.40196597602707e+04	3.90816614962359e-05,-6.24357675602219e-03
2.41867297060786e+04	3.85436335087749e-05,-6.20045256561330e-03
2.43549617152576e+04	3.80130121430827e-05,-6.15762618692065e-03
2.45243638705975e+04	3.74896954459286e-05,-6.11509556422477e-03
2.46949443111087e+04	3.69735828665221e-05,-6.07285865597689e-03
2.48667112324125e+04	3.64645752383522e-05,-6.03091343470175e-03
2.50396728871355e+04	3.59625747599398e-05,-5.98925788690090e-03
2.52138375853058e+04	3.54674849751601e-05,-5.94789001295677e-03
2.53892136947524e+04	3.49792107565192e-05,-5.90680782703733e-03
2.55658096415070e+04	3.44976582854345e-05,-5.86600935700143e-03
2.57436339102090e+04	3.40227350337345e-05,-5.82549264430479e-03
2.59226950445133e+04	3.35543497477945e-05,-5.78525574390655e-03
2.61030016475005e+04	3.30924124301171e-05,-5.74529672417659e-03
2.62845623820903e+04	3.26368343204062e-05,-5.70561366680333e-03
2.64673859714579e+04	3.21875278818441e-05,-5.66620466670230e-03
2.66514811994529e+04	3.17444067809827e-05,-5.62706783192519e-03
2.68368569110214e+04	3.13073858740828e-05,-5.58820128356963e-03
2.70235220126310e+04	3.08763811881945e-05,-5.54960315568955e-03
2.72114854726987e+04	3.04513099058683e-05,-5.51127159520614e-03
2.74007563220217e+04	3.00320903509236e-05,-5.47320476181935e-03
2.75913436542115e+04	2.96186419702989e-05,-5.43540082792018e-03
2.77832566261305e+04	2.92108853199700e-05,-5.39785797850334e-03
2.79765044583322e+04	2.88087420493838e-05,-5.36057441108066e-03
2.81710964355041e+04	2.84121348866955e-05,-5.32354833559503e-03
2.83670419069139e+04	2.80209876227884e-05,-5.28677797433497e-03
2.85643502868585e+04	2.76352250984919e-05,-5.25026156184968e-03
2.87630310551164e+04	2.72547731887171e-05,-5.21399734486477e-03
2.89630937574032e+04	2.68795587885182e-05,-5.17798358219857e-03
2.91645480058303e+04	2.65095097991937e-05,-5.14221854467891e-03
2.93674034793664e+04	2.61445551148314e-05,-5.10670051506057e-03
2.95716699243030e+04	2.57846246079799e-05,-5.07142778794322e-03
2.97773571547223e+04	2.54296491163247e-05,-5.03639866968996e-03
2.99844750529688e+04	2.50795604297902e-05,-5.00161147834645e-03
3.01930335701241e+04	2.47342912766787e-05,-4.96706454356047e-03
3.04030427264853e+04	2.43937753120042e-05,-4.93275620650216e-03
3.06145126120459e+04	2.40579471036156e-05,-4.89868481978475e-03
3.08274533869811e+04	2.37267421200105e-05,-4.86484874738580e-03
3.10418752821354e+04	2.34000967178236e-05,-4.83124636456904e-03
3.12577885995147e+04	2.30779481297259e-05,-4.79787605780669e-03
3.14752037127810e+04	2.27602344527100e-05,-4.76473622470235e-03
3.16941310677506e+04	2.24468946356148e-05,-4.73182527391440e-03
3.19145811828966e+04	2.21378684674147e-05,-4.69914162507990e-03
3.21365646498535e+04	2.18330965662157e-05,-4.66668370873906e-03
3.23600921339265e+04	2.15325203676109e-05,-4.63444996626018e-03
3.25851743746041e+04	2.12360821129991e-05,-4.60243884976514e-03
3.28118221860735e+04	2.09437248386175e-05,-4.57064882205536e-03
3.30400464577409e+04	2.06553923654404e-05,-4.53907835653830e-03
3.32698581547541e+04	2.03710292873258e-05,-4.50772593715443e-03
3.35012683185294e+04	2.00905809610043e-05,-4.47659005830476e-03
3.37342880672825e+04	1.98139934952711e-05,-4.44566922477877e-03
3.39689285965622e+04	1.95412137405434e-05,-4.41496195168294e-03
3.42052011797887e+04	1.92721892792426e-05,-4.38446676436967e-03
3.44431171687949e+04	1.90068684151280e-05,-4.35418219836676e-03
3.46826879943719e+04	1.87452001635669e-05,-4.32410679930735e-03
3.49239251668183e+04	1.84871342414639e-05,-4.29423912286029e-03
3.51668402764932e+04	1.82326210585318e-05,-4.26457773466109e-03
3.54114449943730e+04	1.79816117065525e-05,-4.23512121024323e-03
3.56577510726121e+04	1.77340579507289e-05,-4.20586813497004e-03
3.59057703451077e+04	1.74899122201440e-05,-4.17681710396696e-03
3.61555147280681e+04	1.72491275991461e-05,-4.14796672205432e-03
3.64069962205857e+04	1.70116578172001e-05,-4.11931560368057e-03
3.66602269052127e+04	1.67774572413052e-05,-4.09086237285596e-03
3.69152189485426e+04	1.65464808661114e-05,-4.06260566308664e-03
3.71719846017939e+04	1.63186843062065e-05,-4.03454411730931e-03
3.74305362013993e+04	1.60940237869162e-05,-4.00667638782621e-03
3.76908861695980e+04	1.58724561363091e-05,-3.97900113624060e-03
3.79530470150327e+04	1.56539387765784e-05,-3.95151703339271e-03
3.82170313333507e+04	1.54384297161051e-05,-3.92422275929605e-03
3.84828518078091e+04	1.52258875413090e-05,-3.89711700307428e-03
3.87505212098836e+04	1.50162714088427e-05,-3.87019846289837e-03
3.90200523998829e+04	1.48095410373652e-05,-3.84346584592431e-03
3.92914583275660e+04	1.46056566999639e-05,-3.81691786823117e-03
3.95647520327649e+04	1.44045792168883e-05,-3.79055325475961e-03
3.98399466460105e+04	1.42062699475051e-05,-3.76437073925086e-03
4.01170553891638e+04	1.40106907833102e-05,-3.73836906418600e-03
4.03960915760513e+04	1.38178041400400e-05,-3.71254698072579e-03
4.06770686131043e+04	1.36275729511558e-05,-3.68690324865083e-03
4.09600000000034e+04	1.34399606601619e-05,-3.66143663630216e-03
4.12448993303266e+04	1.32549312138608e-05,-3.63614592052222e-03
4.15317802922030e+04	1.30724490554223e-05,-3.61102988659633e-03
4.18206566689701e+04	1.28924791174190e-05,-3.58608732819442e-03
4.21115423398359e+04	1.27149868152200e-05,-3.56131704731330e-03
4.24044512805463e+04	1.25399380399040e-05,-3.53671785421923e-03
4.26993975640559e+04	1.23672991528445e-05,-3.51228856739090e-03
4.29963953612044e+04	1.21970369777320e-05,-3.48802801346287e-03
4.32954589413977e+04	1.20291187953335e-05,-3.46393502716930e-03
4.35966026732932e+04	1.18635123368846e-05,-3.44000845128813e-03
4.38998410254902e+04	1.17001857775928e-05,-3.41624713658565e-03
4.41000000000000e+04	1.15942195503737e-05,-3.40074199845868e-03
