Freq.	V(vout)
2.00000000000000e+01	9.20298586761036e-01,-2.61579810792978e-01
2.01391110011344e+01	9.19339285165641e-01,-2.63124679942675e-01
2.02791895958006e+01	9.18368632049740e-01,-2.64675113251174e-01
2.04202425141439e+01	9.17386519663434e-01,-2.66231059356864e-01
2.05622765331213e+01	9.16392839925940e-01,-2.67792465224478e-01
2.07052984768276e+01	9.15387484444746e-01,-2.69359276122279e-01
2.08493152168224e+01	9.14370344535380e-01,-2.70931435599269e-01
2.09943336724614e+01	9.13341311241813e-01,-2.72508885462434e-01
2.11403608112276e+01	9.12300275357502e-01,-2.74091565754038e-01
2.12874036490672e+01	9.11247127447071e-01,-2.75679414728992e-01
2.14354692507259e+01	9.10181757868650e-01,-2.77272368832294e-01
2.15845647300886e+01	9.09104056796878e-01,-2.78870362676557e-01
2.17346972505212e+01	9.08013914246574e-01,-2.80473329019656e-01
2.18858740252148e+01	9.06911220097082e-01,-2.82081198742490e-01
2.20381023175322e+01	9.05795864117311e-01,-2.83693900826878e-01
2.21913894413569e+01	9.04667735991459e-01,-2.85311362333617e-01
2.23457427614444e+01	9.03526725345442e-01,-2.86933508380700e-01
2.25011696937762e+01	9.02372721774027e-01,-2.88560262121731e-01
2.26576777059160e+01	9.01205614868680e-01,-2.90191544724534e-01
2.28152743173685e+01	9.00025294246133e-01,-2.91827275349984e-01
2.29739670999407e+01	8.98831649577680e-01,-2.93467371131084e-01
2.31337636781058e+01	8.97624570619199e-01,-2.95111747152289e-01
2.32946717293691e+01	8.96403947241910e-01,-2.96760316429118e-01
2.34566989846376e+01	8.95169669463886e-01,-2.98412989888048e-01
2.36198532285906e+01	8.93921627482295e-01,-3.00069676346736e-01
2.37841423000545e+01	8.92659711706405e-01,-3.01730282494568e-01
2.39495740923786e+01	8.91383812791332e-01,-3.03394712873567e-01
2.41161565538152e+01	8.90093821672559e-01,-3.05062869859682e-01
2.42838976879010e+01	8.88789629601202e-01,-3.06734653644467e-01
2.44528055538414e+01	8.87471128180049e-01,-3.08409962217188e-01
2.46228882668984e+01	8.86138209400357e-01,-3.10088691347372e-01
2.47941539987798e+01	8.84790765679420e-01,-3.11770734567817e-01
2.49666109780323e+01	8.83428689898903e-01,-3.13455983158097e-01
2.51402674904366e+01	8.82051875443941e-01,-3.15144326128577e-01
2.53151318794057e+01	8.80660216243008e-01,-3.16835650204959e-01
2.54912125463853e+01	8.79253606808552e-01,-3.18529839813401e-01
2.56685179512581e+01	8.77831942278390e-01,-3.20226777066207e-01
2.58470566127499e+01	8.76395118457877e-01,-3.21926341748137e-01
2.60268371088387e+01	8.74943031862823e-01,-3.23628411303352e-01
2.62078680771673e+01	8.73475579763170e-01,-3.25332860823015e-01
2.63901582154580e+01	8.71992660227428e-01,-3.27039563033582e-01
2.65737162819303e+01	8.70494172167846e-01,-3.28748388285812e-01
2.67585510957223e+01	8.68980015386337e-01,-3.30459204544510e-01
2.69446715373139e+01	8.67450090621132e-01,-3.32171877379041e-01
2.71320865489535e+01	8.65904299594158e-01,-3.33886269954636e-01
2.73208051350880e+01	8.64342545059148e-01,-3.35602243024524e-01
2.75108363627950e+01	8.62764730850448e-01,-3.37319654922912e-01
2.77021893622186e+01	8.61170761932540e-01,-3.39038361558837e-01
2.78948733270082e+01	8.59560544450238e-01,-3.40758216410934e-01
2.80888975147600e+01	8.57933985779580e-01,-3.42479070523123e-01
2.82842712474620e+01	8.56290994579381e-01,-3.44200772501275e-01
2.84810039119415e+01	8.54631480843431e-01,-3.45923168510850e-01
2.86791049603166e+01	8.52955355953346e-01,-3.47646102275567e-01
2.88785839104500e+01	8.51262532732034e-01,-3.49369415077117e-01
2.90794503464063e+01	8.49552925497768e-01,-3.51092945755945e-01
2.92817139189126e+01	8.47826450118856e-01,-3.52816530713145e-01
2.94853843458221e+01	8.46083024068872e-01,-3.54540003913484e-01
2.96904714125811e+01	8.44322566482455e-01,-3.56263196889584e-01
2.98969849726989e+01	8.42544998211619e-01,-3.57985938747297e-01
3.01049349482215e+01	8.40750241882595e-01,-3.59708056172292e-01
3.03143313302081e+01	8.38938221953146e-01,-3.61429373437896e-01
3.05251841792113e+01	8.37108864770350e-01,-3.63149712414194e-01
3.07375036257604e+01	8.35262098628826e-01,-3.64868892578443e-01
3.09512998708479e+01	8.33397853829370e-01,-3.66586731026807e-01
3.11665831864201e+01	8.31516062737976e-01,-3.68303042487443e-01
3.13833639158702e+01	8.29616659845217e-01,-3.70017639334976e-01
3.16016524745352e+01	8.27699581825957e-01,-3.71730331606372e-01
3.18214593501969e+01	8.25764767599355e-01,-3.73440927018250e-01
3.20427951035850e+01	8.23812158389143e-01,-3.75149230985650e-01
3.22656703688852e+01	8.21841697784131e-01,-3.76855046642280e-01
3.24900958542496e+01	8.19853331798917e-01,-3.78558174862273e-01
3.27160823423114e+01	8.17847008934756e-01,-3.80258414283470e-01
3.29436406907031e+01	8.15822680240565e-01,-3.81955561332261e-01
3.31727818325778e+01	8.13780299374011e-01,-3.83649410249990e-01
3.34035167771350e+01	8.11719822662658e-01,-3.85339753120968e-01
3.36358566101488e+01	8.09641209165122e-01,-3.87026379902088e-01
3.38698124945013e+01	8.07544420732199e-01,-3.88709078454089e-01
3.41053956707185e+01	8.05429422067925e-01,-3.90387634574458e-01
3.43426174575103e+01	8.03296180790518e-01,-3.92061832032021e-01
3.45814892523148e+01	8.01144667493173e-01,-3.93731452603203e-01
3.48220225318452e+01	7.98974855804638e-01,-3.95396276110005e-01
3.50642288526416e+01	7.96786722449557e-01,-3.97056080459694e-01
3.53081198516264e+01	7.94580247308510e-01,-3.98710641686220e-01
3.55537072466630e+01	7.92355413477708e-01,-4.00359733993378e-01
3.58010028371191e+01	7.90112207328295e-01,-4.02003129799727e-01
3.60500185044334e+01	7.87850618565210e-01,-4.03640599785263e-01
3.63007662126867e+01	7.85570640285550e-01,-4.05271912939868e-01
3.65532580091762e+01	7.83272269036388e-01,-4.06896836613534e-01
3.68075060249952e+01	7.80955504871989e-01,-4.08515136568370e-01
3.70635224756151e+01	7.78620351410379e-01,-4.10126577032388e-01
3.73213196614725e+01	7.76266815889200e-01,-4.11730920755085e-01
3.75809099685607e+01	7.73894909220805e-01,-4.13327929064802e-01
3.78423058690241e+01	7.71504646046533e-01,-4.14917361927877e-01
3.81055199217578e+01	7.69096044790115e-01,-4.16498978009575e-01
3.83705647730108e+01	7.66669127710140e-01,-4.18072534736797e-01
3.86374531569941e+01	7.64223920951538e-01,-4.19637788362558e-01
3.89061978964917e+01	7.61760454596011e-01,-4.21194494032229e-01
3.91768119034774e+01	7.59278762711367e-01,-4.22742405851531e-01
3.94493081797347e+01	7.56778883399677e-01,-4.24281276956259e-01
3.97236998174817e+01	7.54260858844222e-01,-4.25810859583747e-01
4.00000000000003e+01	7.51724735355149e-01,-4.27330905146022e-01
4.02782220022691e+01	7.49170563413791e-01,-4.28841164304661e-01
4.05583791916015e+01	7.46598397715581e-01,-4.30341387047313e-01
4.08404850282880e+01	7.44008297211513e-01,-4.31831322765860e-01
4.11245530662430e+01	7.41400325148074e-01,-4.33310720336214e-01
4.14105969536554e+01	7.38774549105606e-01,-4.34779328199692e-01
4.16986304336452e+01	7.36131041035028e-01,-4.36236894445968e-01
4.19886673449230e+01	7.33469877292860e-01,-4.37683166897557e-01
4.22807216224556e+01	7.30791138674489e-01,-4.39117893195792e-01
4.25748072981347e+01	7.28094910445638e-01,-4.40540820888277e-01
4.28709385014521e+01	7.25381282371948e-01,-4.41951697517759e-01
4.31691294601774e+01	7.22650348746643e-01,-4.43350270712388e-01
4.34693945010427e+01	7.19902208416214e-01,-4.44736288277328e-01
4.37717480504299e+01	7.17136964804065e-01,-4.46109498287658e-01
4.40762046350648e+01	7.14354725932070e-01,-4.47469649182532e-01
4.43827788827142e+01	7.11555604439979e-01,-4.48816489860546e-01
4.46914855228892e+01	7.08739717602644e-01,-4.50149769776249e-01
4.50023393875528e+01	7.05907187344980e-01,-4.51469239037764e-01
4.53153554118323e+01	7.03058140254648e-01,-4.52774648505446e-01
4.56305486347374e+01	7.00192707592380e-01,-4.54065749891532e-01
4.59479341998818e+01	6.97311025299924e-01,-4.55342295860711e-01
4.62675273562119e+01	6.94413234005546e-01,-4.56604040131566e-01
4.65893434587387e+01	6.91499479027057e-01,-4.57850737578817e-01
4.69133979692756e+01	6.88569910372321e-01,-4.59082144336292e-01
4.72397064571817e+01	6.85624682737198e-01,-4.60298017900579e-01
4.75682846001093e+01	6.82663955500892e-01,-4.61498117235262e-01
4.78991481847576e+01	6.79687892718661e-01,-4.62682202875692e-01
4.82323131076309e+01	6.76696663111867e-01,-4.63850037034217e-01
4.85677953758023e+01	6.73690440055316e-01,-4.65001383705775e-01
4.89056111076832e+01	6.70669401561874e-01,-4.66136008773805e-01
4.92457765337971e+01	6.67633730264331e-01,-4.67253680116375e-01
4.95883079975600e+01	6.64583613394472e-01,-4.68354167712451e-01
4.99332219560650e+01	6.61519242759360e-01,-4.69437243748241e-01
5.02805349808736e+01	6.58440814714786e-01,-4.70502682723506e-01
5.06302637588117e+01	6.55348530135882e-01,-4.71550261557781e-01
5.09824250927710e+01	6.52242594384884e-01,-4.72579759696400e-01
5.13370359025167e+01	6.49123217276027e-01,-4.73590959216251e-01
5.16941132255002e+01	6.45990613037565e-01,-4.74583644931175e-01
5.20536742176779e+01	6.42845000270916e-01,-4.75557604496910e-01
5.24157361543351e+01	6.39686601906925e-01,-4.76512628515506e-01
5.27803164309163e+01	6.36515645159239e-01,-4.77448510639109e-01
5.31474325638610e+01	6.33332361474815e-01,-4.78365047673038e-01
5.35171021914451e+01	6.30136986481542e-01,-4.79262039678049e-01
5.38893430746282e+01	6.26929759933019e-01,-4.80139290071712e-01
5.42641730979075e+01	6.23710925650464e-01,-4.80996605728796e-01
5.46416102701764e+01	6.20480731461805e-01,-4.81833797080584e-01
5.50216727255904e+01	6.17239429137948e-01,-4.82650678213019e-01
5.54043787244376e+01	6.13987274326257e-01,-4.83447066963591e-01
5.57897466540169e+01	6.10724526481265e-01,-4.84222785016883e-01
5.61777950295205e+01	6.07451448792651e-01,-4.84977657998676e-01
5.65685424949245e+01	6.04168308110508e-01,-4.85711515568531e-01
5.69620078238835e+01	6.00875374867937e-01,-4.86424191510759e-01
5.73582099206338e+01	5.97572923001022e-01,-4.87115523823685e-01
5.77571678209005e+01	5.94261229866202e-01,-4.87785354807131e-01
5.81589006928131e+01	5.90940576155104e-01,-4.88433531148021e-01
5.85634278378257e+01	5.87611245806876e-01,-4.89059904004032e-01
5.89707686916448e+01	5.84273525918079e-01,-4.89664329085206e-01
5.93809428251627e+01	5.80927706650183e-01,-4.90246666733434e-01
5.97939699453983e+01	5.77574081134726e-01,-4.90806781999749e-01
6.02098698964434e+01	5.74212945376209e-01,-4.91344544719330e-01
6.06286626604167e+01	5.70844598152772e-01,-4.91859829584159e-01
6.10503683584231e+01	5.67469340914724e-01,-4.92352516213241e-01
6.14750072515213e+01	5.64087477681005e-01,-4.92822489220330e-01
6.19025997416964e+01	5.60699314933640e-01,-4.93269638279073e-01
6.23331663728408e+01	5.57305161510256e-01,-4.93693858185526e-01
6.27667278317409e+01	5.53905328494762e-01,-4.94095048917957e-01
6.32033049490710e+01	5.50500129106241e-01,-4.94473115693888e-01
6.36429187003943e+01	5.47089878586154e-01,-4.94827969024300e-01
6.40855902071706e+01	5.43674894083941e-01,-4.95159524764969e-01
6.45313407377709e+01	5.40255494541093e-01,-4.95467704164848e-01
6.49801917084997e+01	5.36832000573796e-01,-4.95752433911467e-01
6.54321646846233e+01	5.33404734354227e-01,-4.96013646173291e-01
6.58872813814067e+01	5.29974019490605e-01,-4.96251278639001e-01
6.63455636651562e+01	5.26540180906074e-01,-4.96465274553634e-01
6.68070335542704e+01	5.23103544716536e-01,-4.96655582751574e-01
6.72717132202981e+01	5.19664438107511e-01,-4.96822157686330e-01
6.77396249890031e+01	5.16223189210129e-01,-4.96964959457093e-01
6.82107913414375e+01	5.12780126976357e-01,-4.97083953832016e-01
6.86852349150212e+01	5.09335581053559e-01,-4.97179112268222e-01
6.91629785046302e+01	5.05889881658490e-01,-4.97250411928495e-01
6.96440450636909e+01	5.02443359450820e-01,-4.97297835694646e-01
7.01284577052838e+01	4.98996345406303e-01,-4.97321372177536e-01
7.06162397032534e+01	4.95549170689691e-01,-4.97321015723753e-01
7.11074144933266e+01	4.92102166527479e-01,-4.97296766418921e-01
7.16020056742388e+01	4.88655664080621e-01,-4.97248630087651e-01
7.21000370088674e+01	4.85209994317278e-01,-4.97176618290129e-01
7.26015324253739e+01	4.81765487885741e-01,-4.97080748315340e-01
7.31065160183531e+01	4.78322474987603e-01,-4.96961043170950e-01
7.36150120499911e+01	4.74881285251301e-01,-4.96817531569830e-01
7.41270449512307e+01	4.71442247606124e-01,-4.96650247913275e-01
7.46426393229457e+01	4.68005690156792e-01,-4.96459232270896e-01
7.51618199371220e+01	4.64571940058701e-01,-4.96244530357237e-01
7.56846117380488e+01	4.61141323393941e-01,-4.96006193505129e-01
7.62110398435161e+01	4.57714165048190e-01,-4.95744278635808e-01
7.67411295460223e+01	4.54290788588566e-01,-4.95458848225838e-01
7.72749063139888e+01	4.50871516142550e-01,-4.95149970270868e-01
7.78123957929840e+01	4.47456668278075e-01,-4.94817718246264e-01
7.83536238069553e+01	4.44046563884853e-01,-4.94462171064658e-01
7.88986163594699e+01	4.40641520057068e-01,-4.94083413030460e-01
7.94473996349641e+01	4.37241851977490e-01,-4.93681533791383e-01
8.00000000000012e+01	4.33847872803118e-01,-4.93256628287025e-01
8.05564440045387e+01	4.30459893552439e-01,-4.92808796694577e-01
8.11167583832036e+01	4.27078222994372e-01,-4.92338144371696e-01
8.16809700565767e+01	4.23703167538999e-01,-4.91844781796622e-01
8.22491061324866e+01	4.20335031130137e-01,-4.91328824505583e-01
8.28211939073115e+01	4.16974115139857e-01,-4.90790393027570e-01
8.33972608672910e+01	4.13620718265001e-01,-4.90229612816542e-01
8.39773346898467e+01	4.10275136425777e-01,-4.89646614181123e-01
8.45614432449118e+01	4.06937662666502e-01,-4.89041532211883e-01
8.51496145962701e+01	4.03608587058562e-01,-4.88414506706256e-01
8.57418770029048e+01	4.00288196605636e-01,-4.87765682091190e-01
8.63382589203556e+01	3.96976775151273e-01,-4.87095207343591e-01
8.69387890020860e+01	3.93674603288845e-01,-4.86403235908650e-01
8.75434961008606e+01	3.90381958273960e-01,-4.85689925616135e-01
8.81524092701303e+01	3.87099113939366e-01,-4.84955438594726e-01
8.87655577654290e+01	3.83826340612410e-01,-4.84199941184484e-01
8.93829710457790e+01	3.80563905035076e-01,-4.83423603847524e-01
9.00046787751062e+01	3.77312070286666e-01,-4.82626601077004e-01
9.06307108236654e+01	3.74071095709152e-01,-4.81809111304495e-01
9.12610972694754e+01	3.70841236835226e-01,-4.80971316805829e-01
9.18958683997643e+01	3.67622745319099e-01,-4.80113403605514e-01
9.25350547124245e+01	3.64415868870061e-01,-4.79235561379807e-01
9.31786869174780e+01	3.61220851188836e-01,-4.78337983358533e-01
9.38267959385519e+01	3.58037931906751e-01,-4.77420866225735e-01
9.44794129143640e+01	3.54867346527737e-01,-4.76484410019259e-01
9.51365692002193e+01	3.51709326373187e-01,-4.75528818029351e-01
9.57982963695159e+01	3.48564098529668e-01,-4.74554296696363e-01
9.64646262152625e+01	3.45431885799509e-01,-4.73561055507660e-01
9.71355907516054e+01	3.42312906654268e-01,-4.72549306893808e-01
9.78112222153672e+01	3.39207375191078e-01,-4.71519266124151e-01
9.84915530675950e+01	3.36115501091876e-01,-4.70471151201841e-01
9.91766159951206e+01	3.33037489585513e-01,-4.69405182758440e-01
9.98664439121307e+01	3.29973541412733e-01,-4.68321583948145e-01
1.00561069961748e+02	3.26923852794020e-01,-4.67220580341761e-01
1.01260527517624e+02	3.23888615400297e-01,-4.66102399820477e-01
1.01964850185543e+02	3.20868016326461e-01,-4.64967272469547e-01
1.02674071805034e+02	3.17862238067749e-01,-4.63815430471954e-01
1.03388226451001e+02	3.14871458498892e-01,-4.62647108002141e-01
1.04107348435357e+02	3.11895850856063e-01,-4.61462541119885e-01
1.04831472308671e+02	3.08935583721573e-01,-4.60261967664405e-01
1.05560632861833e+02	3.05990821011295e-01,-4.59045627148763e-01
1.06294865127723e+02	3.03061721964791e-01,-4.57813760654658e-01
1.07034204382891e+02	3.00148441138102e-01,-4.56566610727672e-01
1.07778686149257e+02	2.97251128399174e-01,-4.55304421273038e-01
1.08528346195816e+02	2.94369928925878e-01,-4.54027437452020e-01
1.09283220540354e+02	2.91504983206597e-01,-4.52735905578954e-01
1.10043345451182e+02	2.88656427043320e-01,-4.51430073019032e-01
1.10808757448876e+02	2.85824391557226e-01,-4.50110188086887e-01
1.11579493308035e+02	2.83009003196693e-01,-4.48776499946044e-01
1.12355590059042e+02	2.80210383747702e-01,-4.47429258509306e-01
1.13137084989850e+02	2.77428650346580e-01,-4.46068714340115e-01
1.13924015647768e+02	2.74663915495038e-01,-4.44695118554977e-01
1.14716419841268e+02	2.71916287077454e-01,-4.43308722726975e-01
1.15514335641802e+02	2.69185868380352e-01,-4.41909778790439e-01
1.16317801385627e+02	2.66472758114016e-01,-4.40498538946826e-01
1.17126855675652e+02	2.63777050436203e-01,-4.39075255571852e-01
1.17941537383290e+02	2.61098834977882e-01,-4.37640181123925e-01
1.18761885650326e+02	2.58438196870957e-01,-4.36193568053925e-01
1.19587939890797e+02	2.55795216777914e-01,-4.34735668716369e-01
1.20419739792888e+02	2.53169970923334e-01,-4.33266735282011e-01
1.21257325320834e+02	2.50562531127217e-01,-4.31787019651899e-01
1.22100736716847e+02	2.47972964840059e-01,-4.30296773372941e-01
1.22950014503043e+02	2.45401335179622e-01,-4.28796247555003e-01
1.23805199483394e+02	2.42847700969343e-01,-4.27285692789572e-01
1.24666332745682e+02	2.40312116778314e-01,-4.25765359070015e-01
1.25533455663483e+02	2.37794632962786e-01,-4.24235495713464e-01
1.26406609898143e+02	2.35295295709127e-01,-4.22696351284342e-01
1.27285837400790e+02	2.32814147078183e-01,-4.21148173519560e-01
1.28171180414342e+02	2.30351225050970e-01,-4.19591209255408e-01
1.29062681475543e+02	2.27906563575661e-01,-4.18025704356146e-01
1.29960383417000e+02	2.25480192615782e-01,-4.16451903644332e-01
1.30864329369248e+02	2.23072138199570e-01,-4.14870050832875e-01
1.31774562762814e+02	2.20682422470447e-01,-4.13280388458851e-01
1.32691127330313e+02	2.18311063738526e-01,-4.11683157819073e-01
1.33614067108542e+02	2.15958076533110e-01,-4.10078598907440e-01
1.34543426440597e+02	2.13623471656121e-01,-4.08466950354055e-01
1.35479249978007e+02	2.11307256236404e-01,-4.06848449366130e-01
1.36421582682876e+02	2.09009433784841e-01,-4.05223331670674e-01
1.37370469830043e+02	2.06730004250235e-01,-4.03591831458974e-01
1.38325957009261e+02	2.04468964075893e-01,-4.01954181332852e-01
1.39288090127383e+02	2.02226306256860e-01,-4.00310612252716e-01
1.40256915410569e+02	2.00002020397761e-01,-3.98661353487391e-01
1.41232479406508e+02	1.97796092771173e-01,-3.97006632565720e-01
1.42214828986654e+02	1.95608506376504e-01,-3.95346675229943e-01
1.43204011348479e+02	1.93439240999305e-01,-3.93681705390833e-01
1.44200074017736e+02	1.91288273270979e-01,-3.92011945084586e-01
1.45203064850749e+02	1.89155576728832e-01,-3.90337614431453e-01
1.46213032036707e+02	1.87041121876415e-01,-3.88658931596103e-01
1.47230024099983e+02	1.84944876244118e-01,-3.86976112749701e-01
1.48254089902463e+02	1.82866804449963e-01,-3.85289372033690e-01
1.49285278645892e+02	1.80806868260555e-01,-3.83598921525258e-01
1.50323639874245e+02	1.78765026652138e-01,-3.81904971204481e-01
1.51369223476099e+02	1.76741235871731e-01,-3.80207728923112e-01
1.52422079687033e+02	1.74735449498282e-01,-3.78507400375008e-01
1.53482259092046e+02	1.72747618503808e-01,-3.76804189068174e-01
1.54549812627979e+02	1.70777691314492e-01,-3.75098296298395e-01
1.55624791585969e+02	1.68825613871673e-01,-3.73389921124453e-01
1.56707247613912e+02	1.66891329692718e-01,-3.71679260344877e-01
1.57797232718941e+02	1.64974779931724e-01,-3.69966508476244e-01
1.58894799269929e+02	1.63075903440017e-01,-3.68251857732969e-01
1.60000000000004e+02	1.61194636826422e-01,-3.66535498008579e-01
1.61112888009079e+02	1.59330914517261e-01,-3.64817616858453e-01
1.62233516766408e+02	1.57484668816051e-01,-3.63098399483983e-01
1.63361940113155e+02	1.55655829962879e-01,-3.61378028718144e-01
1.64498212264974e+02	1.53844326193409e-01,-3.59656685012451e-01
1.65642387814624e+02	1.52050083797509e-01,-3.57934546425254e-01
1.66794521734583e+02	1.50273027177460e-01,-3.56211788611381e-01
1.67954669379695e+02	1.48513078905730e-01,-3.54488584813057e-01
1.69122886489825e+02	1.46770159782274e-01,-3.52765105852114e-01
1.70299229192542e+02	1.45044188891356e-01,-3.51041520123436e-01
1.71483754005811e+02	1.43335083657852e-01,-3.49317993589619e-01
1.72676517840712e+02	1.41642759903024e-01,-3.47594689776825e-01
1.73877578004173e+02	1.39967131899741e-01,-3.45871769771793e-01
1.75086992201722e+02	1.38308112427128e-01,-3.44149392219977e-01
1.76304818540262e+02	1.36665612824623e-01,-3.42427713324795e-01
1.77531115530859e+02	1.35039543045423e-01,-3.40706886847949e-01
1.78765942091559e+02	1.33429811709318e-01,-3.38987064110788e-01
1.80009357550214e+02	1.31836326154865e-01,-3.37268393996694e-01
1.81261421647332e+02	1.30258992490933e-01,-3.35551022954451e-01
1.82522194538952e+02	1.28697715647557e-01,-3.33835095002582e-01
1.83791736799530e+02	1.27152399426130e-01,-3.32120751734614e-01
1.85070109424850e+02	1.25622946548895e-01,-3.30408132325245e-01
1.86357373834957e+02	1.24109258707740e-01,-3.28697373537395e-01
1.87653591877105e+02	1.22611236612274e-01,-3.26988609730098e-01
1.88958825828729e+02	1.21128780037194e-01,-3.25281972867219e-01
1.90273138400440e+02	1.19661787868917e-01,-3.23577592526967e-01
1.91596592739033e+02	1.18210158151473e-01,-3.21875595912165e-01
1.92929252430526e+02	1.16773788131666e-01,-3.20176107861274e-01
1.94271181503212e+02	1.15352574303480e-01,-3.18479250860116e-01
1.95622444430736e+02	1.13946412451735e-01,-3.16785145054291e-01
1.96983106135191e+02	1.12555197694983e-01,-3.15093908262257e-01
1.98353231990243e+02	1.11178824527653e-01,-3.13405655989038e-01
1.99732887824263e+02	1.09817186861423e-01,-3.11720501440545e-01
2.01122139923497e+02	1.08470178065833e-01,-3.10038555538482e-01
2.02521055035250e+02	1.07137691008132e-01,-3.08359926935814e-01
2.03929700371087e+02	1.05819618092350e-01,-3.06684722032765e-01
2.05348143610070e+02	1.04515851297614e-01,-3.05013044993331e-01
2.06776452902004e+02	1.03226282215691e-01,-3.03344997762281e-01
2.08214696870715e+02	1.01950802087763e-01,-3.01680680082627e-01
2.09662944617343e+02	1.00689301840438e-01,-3.00020189513525e-01
2.11121265723668e+02	9.94416721210035e-02,-2.98363621448609e-01
2.12589730255447e+02	9.82078033319137e-02,-2.96711069134715e-01
2.14068408765783e+02	9.69875856645197e-02,-2.95062623690983e-01
2.15557372298516e+02	9.57809091320481e-02,-2.93418374128318e-01
2.17056692391633e+02	9.45876636018279e-02,-2.91778407369180e-01
2.18566441080709e+02	9.34077388267708e-02,-2.90142808267695e-01
2.20086690902365e+02	9.22410244761108e-02,-2.88511659630055e-01
2.21617514897754e+02	9.10874101654067e-02,-2.86885042235201e-01
2.23158986616071e+02	8.99467854858133e-02,-2.85263034855753e-01
2.24711180118085e+02	8.88190400326275e-02,-2.83645714279188e-01
2.26274169979701e+02	8.77040634331148e-02,-2.82033155329229e-01
2.27848031295537e+02	8.66017453736216e-02,-2.80425430887449e-01
2.29432839682538e+02	8.55119756259824e-02,-2.78822611915048e-01
2.31028671283605e+02	8.44346440732261e-02,-2.77224767474805e-01
2.32635602771256e+02	8.33696407345897e-02,-2.75631964753184e-01
2.34253711351306e+02	8.23168557898477e-02,-2.74044269082574e-01
2.35883074766582e+02	8.12761796029622e-02,-2.72461743963651e-01
2.37523771300654e+02	8.02475027450646e-02,-2.70884451087851e-01
2.39175879781596e+02	7.92307160167748e-02,-2.69312450359925e-01
2.40839479585777e+02	7.82257104698663e-02,-2.67745799920584e-01
2.42514650641670e+02	7.72323774282861e-02,-2.66184556169202e-01
2.44201473433696e+02	7.62506085085382e-02,-2.64628773786568e-01
2.45900029006089e+02	7.52802956394384e-02,-2.63078505757681e-01
2.47610398966789e+02	7.43213310812492e-02,-2.61533803394570e-01
2.49332665491367e+02	7.33736074442050e-02,-2.59994716359125e-01
2.51066911326967e+02	7.24370177064343e-02,-2.58461292685933e-01
2.52813219796288e+02	7.15114552312910e-02,-2.56933578805102e-01
2.54571674801581e+02	7.05968137841004e-02,-2.55411619565071e-01
2.56342360828686e+02	6.96929875483324e-02,-2.53895458255381e-01
2.58125362951087e+02	6.87998711412089e-02,-2.52385136629410e-01
2.59920766834002e+02	6.79173596287559e-02,-2.50880694927062e-01
2.61728658738497e+02	6.70453485403091e-02,-2.49382171897387e-01
2.63549125525631e+02	6.61837338824832e-02,-2.47889604821140e-01
2.65382254660629e+02	6.53324121526127e-02,-2.46403029533257e-01
2.67228134217086e+02	6.44912803516754e-02,-2.44922480445255e-01
2.69086852881196e+02	6.36602359967073e-02,-2.43447990567522e-01
2.70958499956016e+02	6.28391771327184e-02,-2.41979591531523e-01
2.72843165365754e+02	6.20280023441178e-02,-2.40517313611887e-01
2.74740939660089e+02	6.12266107656599e-02,-2.39061185748380e-01
2.76651914018525e+02	6.04349020929185e-02,-2.37611235567758e-01
2.78576180254768e+02	5.96527765923001e-02,-2.36167489405491e-01
2.80513830821139e+02	5.88801351106042e-02,-2.34729972327349e-01
2.82464958813018e+02	5.81168790841410e-02,-2.33298708150851e-01
2.84429657973310e+02	5.73629105474154e-02,-2.31873719466566e-01
2.86408022696959e+02	5.66181321413860e-02,-2.30455027659263e-01
2.88400148035474e+02	5.58824471213088e-02,-2.29042652928906e-01
2.90406129701500e+02	5.51557593641744e-02,-2.27636614311484e-01
2.92426064073417e+02	5.44379733757478e-02,-2.26236929699681e-01
2.94460048199969e+02	5.37289942972193e-02,-2.24843615863371e-01
2.96508179804927e+02	5.30287279114760e-02,-2.23456688469945e-01
2.98570557291787e+02	5.23370806490022e-02,-2.22076162104452e-01
3.00647279748492e+02	5.16539595934170e-02,-2.20702050289572e-01
3.02738446952199e+02	5.09792724866592e-02,-2.19334365505389e-01
3.04844159374069e+02	5.03129277338255e-02,-2.17973119208995e-01
3.06964518184094e+02	4.96548344076730e-02,-2.16618321853884e-01
3.09099625255960e+02	4.90049022527927e-02,-2.15269982909173e-01
3.11249583171940e+02	4.83630416894624e-02,-2.13928110878612e-01
3.13414495227826e+02	4.77291638171875e-02,-2.12592713319407e-01
3.15594465437884e+02	4.71031804179378e-02,-2.11263796860840e-01
3.17789598539861e+02	4.64850039590874e-02,-2.09941367222688e-01
3.20000000000009e+02	4.58745475960664e-02,-2.08625429233439e-01
3.22225776018160e+02	4.52717251747316e-02,-2.07315986848303e-01
3.24467033532819e+02	4.46764512334637e-02,-2.06013043167024e-01
3.26723880226312e+02	4.40886410049988e-02,-2.04716600451472e-01
3.28996424529951e+02	4.35082104180016e-02,-2.03426660143040e-01
3.31284775629251e+02	4.29350760983866e-02,-2.02143222879826e-01
3.33589043469169e+02	4.23691553703960e-02,-2.00866288513609e-01
3.35909338759392e+02	4.18103662574401e-02,-1.99595856126609e-01
3.38245772979652e+02	4.12586274827072e-02,-1.98331924048044e-01
3.40598458385085e+02	4.07138584695505e-02,-1.97074489870470e-01
3.42967508011624e+02	4.01759793416583e-02,-1.95823550465915e-01
3.45353035681427e+02	3.96449109230133e-02,-1.94579102001801e-01
3.47755156008349e+02	3.91205747376490e-02,-1.93341139956649e-01
3.50173984403447e+02	3.86028930092080e-02,-1.92109659135582e-01
3.52609637080526e+02	3.80917886603095e-02,-1.90884653685615e-01
3.55062231061721e+02	3.75871853117316e-02,-1.89666117110727e-01
3.57531884183121e+02	3.70890072814140e-02,-1.88454042286736e-01
3.60018715100430e+02	3.65971795832887e-02,-1.87248421475953e-01
3.62522843294667e+02	3.61116279259411e-02,-1.86049246341637e-01
3.65044389077907e+02	3.56322787111117e-02,-1.84856507962235e-01
3.67583473599063e+02	3.51590590320395e-02,-1.83670196845418e-01
3.70140218849704e+02	3.46918966716556e-02,-1.82490302941913e-01
3.72714747669917e+02	3.42307201006309e-02,-1.81316815659125e-01
3.75307183754213e+02	3.37754584752832e-02,-1.80149723874555e-01
3.77917651657462e+02	3.33260416353497e-02,-1.78989015949025e-01
3.80546276800883e+02	3.28824001016283e-02,-1.77834679739686e-01
3.83193185478069e+02	3.24444650734942e-02,-1.76686702612832e-01
3.85858504861056e+02	3.20121684262955e-02,-1.75545071456524e-01
3.88542363006427e+02	3.15854427086330e-02,-1.74409772692996e-01
3.91244888861474e+02	3.11642211395288e-02,-1.73280792290882e-01
3.93966212270386e+02	3.07484376054869e-02,-1.72158115777243e-01
3.96706463980488e+02	3.03380266574531e-02,-1.71041728249390e-01
3.99465775648529e+02	2.99329235076746e-02,-1.69931614386533e-01
4.02244279846998e+02	2.95330640264668e-02,-1.68827758461222e-01
4.05042110070503e+02	2.91383847388894e-02,-1.67730144350611e-01
4.07859400742177e+02	2.87488228213367e-02,-1.66638755547528e-01
4.10696287220143e+02	2.83643160980452e-02,-1.65553575171363e-01
4.13552905804011e+02	2.79848030375233e-02,-1.64474585978768e-01
4.16429393741432e+02	2.76102227489054e-02,-1.63401770374178e-01
4.19325889234690e+02	2.72405149782358e-02,-1.62335110420153e-01
4.22242531447340e+02	2.68756201046845e-02,-1.61274587847535e-01
4.25179460510898e+02	2.65154791366978e-02,-1.60220184065432e-01
4.28136817531570e+02	2.61600337080898e-02,-1.59171880171031e-01
4.31114744597035e+02	2.58092260740744e-02,-1.58129656959229e-01
4.34113384783269e+02	2.54629991072437e-02,-1.57093494932097e-01
4.37132882161421e+02	2.51212962934951e-02,-1.56063374308180e-01
4.40173381804733e+02	2.47840617279088e-02,-1.55039275031615e-01
4.43235029795511e+02	2.44512401105812e-02,-1.54021176781100e-01
4.46317973232145e+02	2.41227767424141e-02,-1.53009058978689e-01
4.49422360236174e+02	2.37986175208651e-02,-1.52002900798424e-01
4.52548339959406e+02	2.34787089356600e-02,-1.51002681174816e-01
4.55696062591078e+02	2.31629980644706e-02,-1.50008378811159e-01
4.58865679365080e+02	2.28514325685604e-02,-1.49019972187693e-01
4.62057342567214e+02	2.25439606884007e-02,-1.48037439569608e-01
4.65271205542515e+02	2.22405312392590e-02,-1.47060759014905e-01
4.68507422702616e+02	2.19410936067626e-02,-1.46089908382096e-01
4.71766149533168e+02	2.16455977424397e-02,-1.45124865337762e-01
4.75047542601312e+02	2.13539941592392e-02,-1.44165607363964e-01
4.78351759563197e+02	2.10662339270327e-02,-1.43212111765508e-01
4.81678959171558e+02	2.07822686680997e-02,-1.42264355677067e-01
4.85029301283344e+02	2.05020505525985e-02,-1.41322316070168e-01
4.88402946867396e+02	2.02255322940246e-02,-1.40385969760032e-01
4.91800058012181e+02	1.99526671446582e-02,-1.39455293412283e-01
4.95220797933582e+02	1.96834088910036e-02,-1.38530263549522e-01
4.98665330982737e+02	1.94177118492204e-02,-1.37610856557763e-01
5.02133822653938e+02	1.91555308605501e-02,-1.36697048692747e-01
5.05626439592579e+02	1.88968212867392e-02,-1.35788816086120e-01
5.09143349603166e+02	1.86415390054589e-02,-1.34886134751483e-01
5.12684721657376e+02	1.83896404057257e-02,-1.33988980590322e-01
5.16250725902179e+02	1.81410823833218e-02,-1.33097329397814e-01
5.19841533668009e+02	1.78958223362181e-02,-1.32211156868502e-01
5.23457317476998e+02	1.76538181600008e-02,-1.31330438601867e-01
5.27098251051265e+02	1.74150282433030e-02,-1.30455150107765e-01
5.30764509321261e+02	1.71794114632431e-02,-1.29585266811759e-01
5.34456268434175e+02	1.69469271808694e-02,-1.28720764060331e-01
5.38173705762396e+02	1.67175352366151e-02,-1.27861617125985e-01
5.41916999912037e+02	1.64911959457614e-02,-1.27007801212240e-01
5.45686330731512e+02	1.62678700939136e-02,-1.26159291458505e-01
5.49481879320182e+02	1.60475189324867e-02,-1.25316062944858e-01
5.53303828037053e+02	1.58301041742068e-02,-1.24478090696716e-01
5.57152360509539e+02	1.56155879886243e-02,-1.23645349689394e-01
5.61027661642283e+02	1.54039329976431e-02,-1.22817814852575e-01
5.64929917626039e+02	1.51951022710662e-02,-1.21995461074666e-01
5.68859315946625e+02	1.49890593221566e-02,-1.21178263207061e-01
5.72816045393923e+02	1.47857681032171e-02,-1.20366196068314e-01
5.76800296070952e+02	1.45851930011882e-02,-1.19559234448202e-01
5.80812259403004e+02	1.43872988332647e-02,-1.18757353111701e-01
5.84852128146837e+02	1.41920508425326e-02,-1.17960526802878e-01
5.88920096399941e+02	1.39994146936267e-02,-1.17168730248674e-01
5.93016359609859e+02	1.38093564684095e-02,-1.16381938162615e-01
5.97141114583579e+02	1.36218426616714e-02,-1.15600125248423e-01
6.01294559496990e+02	1.34368401768542e-02,-1.14823266203549e-01
6.05476893904404e+02	1.32543163217972e-02,-1.14051335722615e-01
6.09688318748142e+02	1.30742388045075e-02,-1.13284308500780e-01
6.13929036368192e+02	1.28965757289539e-02,-1.12522159237016e-01
6.18199250511924e+02	1.27212955908858e-02,-1.11764862637306e-01
6.22499166343886e+02	1.25483672736772e-02,-1.11012393417769e-01
6.26828990455656e+02	1.23777600441963e-02,-1.10264726307703e-01
6.31188930875773e+02	1.22094435487013e-02,-1.09521836052546e-01
6.35579197079727e+02	1.20433878087626e-02,-1.08783697416774e-01
6.40000000000024e+02	1.18795632172111e-02,-1.08050285186717e-01
6.44451552036324e+02	1.17179405341151e-02,-1.07321574173306e-01
6.48934067065643e+02	1.15584908827833e-02,-1.06597539214751e-01
6.53447760452628e+02	1.14011857457966e-02,-1.05878155179141e-01
6.57992849059907e+02	1.12459969610671e-02,-1.05163396966992e-01
6.62569551258507e+02	1.10928967179267e-02,-1.04453239513708e-01
6.67178086938343e+02	1.09418575532430e-02,-1.03747657791995e-01
6.71818677518788e+02	1.07928523475647e-02,-1.03046626814198e-01
6.76491545959309e+02	1.06458543212967e-02,-1.02350121634581e-01
6.81196916770176e+02	1.05008370309031e-02,-1.01658117351538e-01
6.85935016023254e+02	1.03577743651408e-02,-1.00970589109758e-01
6.90706071362860e+02	1.02166405413221e-02,-1.00287512102311e-01
6.95510312016704e+02	1.00774101016076e-02,-9.96088615726897e-02
7.00347968806900e+02	9.94005790932863e-03,-9.89346128167885e-02
7.05219274161058e+02	9.80455914533947e-03,-9.82647411848265e-02
7.10124462123448e+02	9.67088930440050e-03,-9.75992220832157e-02
7.15063768366248e+02	9.53902419159084e-03,-9.69380309763754e-02
7.20037430200866e+02	9.40893991875165e-03,-9.62811433884922e-02
7.25045686589339e+02	9.28061290095967e-03,-9.56285349052303e-02
7.30088778155819e+02	9.15401985303128e-03,-9.49801811753883e-02
7.35166947198131e+02	9.02913778605693e-03,-9.43360579125080e-02
7.40280437699413e+02	8.90594400396614e-03,-9.36961408964331e-02
7.45429495339841e+02	8.78441610012287e-03,-9.30604059748200e-02
7.50614367508432e+02	8.66453195395163e-03,-9.24288290646026e-02
7.55835303314929e+02	8.54626972759390e-03,-9.18013861534094e-02
7.61092553601771e+02	8.42960786259509e-03,-9.11780533009366e-02
7.66386370956144e+02	8.31452507662204e-03,-9.05588066402769e-02
7.71717009722117e+02	8.20100036021092e-03,-8.99436223792045e-02
7.77084726012860e+02	8.08901297354551e-03,-8.93324768014179e-02
7.82489777722954e+02	7.97854244326580e-03,-8.87253462677411e-02
7.87932424540777e+02	7.86956855930698e-03,-8.81222072172847e-02
7.93412927960983e+02	7.76207137176853e-03,-8.75230361685656e-02
7.98931551297063e+02	7.65603118781354e-03,-8.69278097205898e-02
8.04488559694002e+02	7.55142856859803e-03,-8.63365045538950e-02
8.10084220141011e+02	7.44824432623027e-03,-8.57490974315571e-02
8.15718801484360e+02	7.34645952076002e-03,-8.51655652001599e-02
8.21392574440291e+02	7.24605545719742e-03,-8.45858847907280e-02
8.27105811608028e+02	7.14701368256169e-03,-8.40100332196262e-02
8.32858787482871e+02	7.04931598295925e-03,-8.34379875894234e-02
8.38651778469386e+02	6.95294438069138e-03,-8.28697250897230e-02
8.44485062894686e+02	6.85788113139109e-03,-8.23052229979612e-02
8.50358921021801e+02	6.76410872118921e-03,-8.17444586801725e-02
8.56273635063146e+02	6.67160986390950e-03,-8.11874095917238e-02
8.62229489194076e+02	6.58036749829265e-03,-8.06340532780180e-02
8.68226769566545e+02	6.49036478524902e-03,-8.00843673751673e-02
8.74265764322848e+02	6.40158510514001e-03,-7.95383296106374e-02
8.80346763609472e+02	6.31401205508780e-03,-7.89959178038623e-02
8.86470059591028e+02	6.22762944631347e-03,-7.84571098668316e-02
8.92635946464296e+02	6.14242130150315e-03,-7.79218838046501e-02
8.98844720472355e+02	6.05837185220217e-03,-7.73902177160703e-02
9.05096679918818e+02	5.97546553623702e-03,-7.68620897939988e-02
9.11392125182163e+02	5.89368699516487e-03,-7.63374783259772e-02
9.17731358730167e+02	5.81302107175057e-03,-7.58163616946374e-02
9.24114685134435e+02	5.73345280747090e-03,-7.52987183781327e-02
9.30542411085037e+02	5.65496744004588e-03,-7.47845269505450e-02
9.37014845405239e+02	5.57755040099706e-03,-7.42737660822686e-02
9.43532299066344e+02	5.50118731323239e-03,-7.37664145403703e-02
9.50095085202631e+02	5.42586398865776e-03,-7.32624511889287e-02
9.56703519126400e+02	5.35156642581476e-03,-7.27618549893502e-02
9.63357918343123e+02	5.27828080765630e-03,-7.22646050006481e-02
9.70058602566695e+02	5.20599349878854e-03,-7.17706803797831e-02
9.76805893734798e+02	5.13469104386075e-03,-7.12800603818176e-02
9.83600116024369e+02	5.06436016485557e-03,-7.07927243602172e-02
9.90441595867171e+02	4.99498775896874e-03,-7.03086517670485e-02
9.97330661965481e+02	4.92656089640085e-03,-6.98278221531754e-02
1.00426764530788e+03	4.85906681817406e-03,-6.93502151684363e-02
1.01125287918517e+03	4.79249293397367e-03,-6.88758105618042e-02
1.01828669920634e+03	4.72682682001408e-03,-6.84045881815285e-02
1.02536944331476e+03	4.66205621692928e-03,-6.79365279752598e-02
1.03250145180437e+03	4.59816902768741e-03,-6.74716099901582e-02
1.03968306733603e+03	4.53515331552932e-03,-6.70098143729854e-02
1.04691463495400e+03	4.47299730193082e-03,-6.65511213701805e-02
1.05419650210254e+03	4.41168936458851e-03,-6.60955113279205e-02
1.06152901864253e+03	4.35121803542901e-03,-6.56429646921660e-02
1.06891253686836e+03	4.29157199864118e-03,-6.51934620086915e-02
1.07634741152480e+03	4.23274008873144e-03,-6.47469839231023e-02
1.08383399982408e+03	4.17471128860165e-03,-6.43035111808363e-02
1.09137266146303e+03	4.11747472764964e-03,-6.38630246271534e-02
1.09896375864037e+03	4.06101967989200e-03,-6.34255052071104e-02
1.10660765607411e+03	4.00533556210892e-03,-6.29909339655242e-02
1.11430472101909e+03	3.95041193201104e-03,-6.25592920469212e-02
1.12205532328457e+03	3.89623848642790e-03,-6.21305606954755e-02
1.12985983525209e+03	3.84280505951795e-03,-6.17047212549346e-02
1.13771863189326e+03	3.79010162099982e-03,-6.12817551685337e-02
1.14563209078785e+03	3.73811827440464e-03,-6.08616439788984e-02
1.15360059214191e+03	3.68684525534929e-03,-6.04443693279369e-02
1.16162451880602e+03	3.63627292983032e-03,-6.00299129567212e-02
1.16970425629368e+03	3.58639179253829e-03,-5.96182567053581e-02
1.17784019279989e+03	3.53719246519245e-03,-5.92093825128496e-02
1.18603271921973e+03	3.48866569489546e-03,-5.88032724169443e-02
1.19428222916717e+03	3.44080235250798e-03,-5.83999085539782e-02
1.20258911899399e+03	3.39359343104292e-03,-5.79992731587076e-02
1.21095378780882e+03	3.34703004407918e-03,-5.76013485641315e-02
1.21937663749629e+03	3.30110342419468e-03,-5.72061172013062e-02
1.22785807273639e+03	3.25580492141841e-03,-5.68135615991512e-02
1.23639850102386e+03	3.21112600170143e-03,-5.64236643842465e-02
1.24499833268778e+03	3.16705824547376e-03,-5.60364082806151e-02
1.25365798091132e+03	3.12359334588261e-03,-5.56517761095349e-02
1.26237786175155e+03	3.08072310772506e-03,-5.52697507892666e-02
1.27115839415946e+03	3.03843944572088e-03,-5.48903153348525e-02
1.28000000000006e+03	2.99673438314313e-03,-5.45134528578676e-02
1.28890310407266e+03	2.95560005039838e-03,-5.41391465661729e-02
1.29786813413129e+03	2.91502868362441e-03,-5.37673797636620e-02
1.30689552090527e+03	2.87501262330531e-03,-5.33981358500006e-02
1.31598569811982e+03	2.83554431290369e-03,-5.30313983203600e-02
1.32513910251702e+03	2.79661629750992e-03,-5.26671507651452e-02
1.33435617387669e+03	2.75822122250811e-03,-5.23053768697163e-02
1.34363735503759e+03	2.72035183225873e-03,-5.19460604141042e-02
1.35298309191863e+03	2.68300096879767e-03,-5.15891852727220e-02
1.36239383354036e+03	2.64616157055150e-03,-5.12347354140696e-02
1.37187003204652e+03	2.60982667106887e-03,-5.08826949004342e-02
1.38141214272573e+03	2.57398939776771e-03,-5.05330478875854e-02
1.39102062403342e+03	2.53864297069824e-03,-5.01857786244659e-02
1.40069593761381e+03	2.50378070132143e-03,-4.98408714528774e-02
1.41043854832213e+03	2.46939599130290e-03,-4.94983108071616e-02
1.42024892424691e+03	2.43548233132197e-03,-4.91580812138782e-02
1.43012753673251e+03	2.40203329989571e-03,-4.88201672914772e-02
1.44007486040174e+03	2.36904256221792e-03,-4.84845537499687e-02
1.45009137317869e+03	2.33650386901269e-03,-4.81512253905875e-02
1.46017755631165e+03	2.30441105540258e-03,-4.78201671054556e-02
1.47033389439627e+03	2.27275803979106e-03,-4.74913638772395e-02
1.48056087539884e+03	2.24153882275918e-03,-4.71648007788056e-02
1.49085899067969e+03	2.21074748597627e-03,-4.68404629728713e-02
1.50122873501687e+03	2.18037819112447e-03,-4.65183357116536e-02
1.51167060662987e+03	2.15042517883698e-03,-4.61984043365146e-02
1.52218510720355e+03	2.12088276764983e-03,-4.58806542776036e-02
1.53277274191230e+03	2.09174535296710e-03,-4.55650710534977e-02
1.54343401944424e+03	2.06300740603923e-03,-4.52516402708383e-02
1.55416945202573e+03	2.03466347295459e-03,-4.49403476239663e-02
1.56497955544592e+03	2.00670817364379e-03,-4.46311788945542e-02
1.57586484908157e+03	1.97913620089688e-03,-4.43241199512366e-02
1.58682585592198e+03	1.95194231939311e-03,-4.40191567492377e-02
1.59786310259414e+03	1.92512136474318e-03,-4.37162753299975e-02
1.60897711938801e+03	1.89866824254381e-03,-4.34154618207958e-02
1.62016844028203e+03	1.87257792744443e-03,-4.31167024343745e-02
1.63143760296873e+03	1.84684546222602e-03,-4.28199834685575e-02
1.64278514888059e+03	1.82146595689171e-03,-4.25252913058703e-02
1.65421162321607e+03	1.79643458776920e-03,-4.22326124131566e-02
1.66571757496575e+03	1.77174659662473e-03,-4.19419333411944e-02
1.67730355693878e+03	1.74739728980717e-03,-4.16532407243092e-02
1.68897012578938e+03	1.72338203731016e-03,-4.13665212799929e-02
1.70071784204361e+03	1.69969627203242e-03,-4.10817618085070e-02
1.71254727012630e+03	1.67633548886162e-03,-4.07989491924994e-02
1.72445897838816e+03	1.65329524386321e-03,-4.05180703966132e-02
1.73645353913310e+03	1.63057115346112e-03,-4.02391124670953e-02
1.74853152864571e+03	1.60815889362919e-03,-3.99620625314050e-02
1.76069352721896e+03	1.58605419909304e-03,-3.96869077978211e-02
1.77294011918207e+03	1.56425286254244e-03,-3.94136355550489e-02
1.78527189292860e+03	1.54275073385384e-03,-3.91422331718259e-02
1.79768944094472e+03	1.52154371932315e-03,-3.88726880965277e-02
1.81019335983765e+03	1.50062778090846e-03,-3.86049878567731e-02
1.82278425036434e+03	1.47999893548267e-03,-3.83391200590283e-02
1.83546271746035e+03	1.45965325409594e-03,-3.80750723882117e-02
1.84822937026888e+03	1.43958686127844e-03,-3.78128326072954e-02
1.86108482217009e+03	1.41979593419883e-03,-3.75523885569182e-02
1.87402969081049e+03	1.40027670214056e-03,-3.72937281549753e-02
1.88706459813270e+03	1.38102544567829e-03,-3.70368393962314e-02
1.90019017040527e+03	1.36203849601847e-03,-3.67817103519215e-02
1.91340703825281e+03	1.34331223431790e-03,-3.65283291693545e-02
1.92671583668626e+03	1.32484309101128e-03,-3.62766840715172e-02
1.94011720513340e+03	1.30662754514760e-03,-3.60267633566771e-02
1.95361178746961e+03	1.28866212373522e-03,-3.57785553979870e-02
1.96720023204875e+03	1.27094340109566e-03,-3.55320486430891e-02
1.98088319173436e+03	1.25346799822579e-03,-3.52872316137186e-02
1.99466132393098e+03	1.23623258216857e-03,-3.50440929053093e-02
2.00853529061578e+03	1.21923386539194e-03,-3.48026211865980e-02
2.02250575837034e+03	1.20246860517604e-03,-3.45628051992303e-02
2.03657339841269e+03	1.18593360300847e-03,-3.43246337573660e-02
2.05073888662953e+03	1.16962570398752e-03,-3.40880957472862e-02
2.06500290360874e+03	1.15354179623335e-03,-3.38531801269998e-02
2.07936613467207e+03	1.13767881030692e-03,-3.36198759258510e-02
2.09382926990802e+03	1.12203371863663e-03,-3.33881722441276e-02
2.10839300420509e+03	1.10660353495255e-03,-3.31580582526697e-02
2.12305803728508e+03	1.09138531372816e-03,-3.29295231924791e-02
2.13782507373673e+03	1.07637614962949e-03,-3.27025563743298e-02
2.15269482304962e+03	1.06157317697156e-03,-3.24771471783784e-02
2.16766799964818e+03	1.04697356919321e-03,-3.22532850537759e-02
2.18274532292608e+03	1.03257453828311e-03,-3.20309595182826e-02
2.19792751728076e+03	1.01837333432497e-03,-3.18101601578774e-02
2.21321531214825e+03	1.00436724493724e-03,-3.15908766263750e-02
2.22860944203819e+03	9.90553594776054e-04,-3.13730986450406e-02
2.24411064656916e+03	9.76929745033574e-04,-3.11568160022059e-02
2.25971967050419e+03	9.63493092943098e-04,-3.09420185528865e-02
2.27543726378653e+03	9.50241071290716e-04,-3.07286962184000e-02
2.29126418157573e+03	9.37171147933473e-04,-3.05168389859851e-02
2.30720118428384e+03	9.24280825323985e-04,-3.03064369084223e-02
2.32324903761205e+03	9.11567640041362e-04,-3.00974801036547e-02
2.33940851258738e+03	8.99029162328426e-04,-2.98899587544109e-02
2.35568038559980e+03	8.86662995635083e-04,-2.96838631078286e-02
2.37206543843947e+03	8.74466776167813e-04,-2.94791834750791e-02
2.38856445833435e+03	8.62438172445168e-04,-2.92759102309933e-02
2.40517823798799e+03	8.50574884859225e-04,-2.90740338136890e-02
2.42190757561765e+03	8.38874645242896e-04,-2.88735447241992e-02
2.43875327499260e+03	8.27335216460682e-04,-2.86744335261004e-02
2.45571614547280e+03	8.15954391916652e-04,-2.84766908451477e-02
2.47279700204773e+03	8.04729995245529e-04,-2.82803073689006e-02
2.48999666537558e+03	7.93659879831386e-04,-2.80852738463608e-02
2.50731596182266e+03	7.82741928421060e-04,-2.78915810876053e-02
2.52475572350313e+03	7.71974052725101e-04,-2.76992199634231e-02
2.54231678831894e+03	7.61354193024066e-04,-2.75081814049516e-02
2.56000000000013e+03	7.50880317788111e-04,-2.73184564033159e-02
2.57780620814533e+03	7.40550423261631e-04,-2.71300360092695e-02
2.59573626826261e+03	7.30362533133597e-04,-2.69429113328339e-02
2.61379104181055e+03	7.20314698132195e-04,-2.67570735429429e-02
2.63197139623967e+03	7.10404995664980e-04,-2.65725138670860e-02
2.65027820503406e+03	7.00631529455850e-04,-2.63892235909546e-02
2.66871234775341e+03	6.90992429186902e-04,-2.62071940580886e-02
2.68727471007519e+03	6.81485850145109e-04,-2.60264166695252e-02
2.70596618383727e+03	6.72109972873744e-04,-2.58468828834483e-02
2.72478766708074e+03	6.62863002828504e-04,-2.56685842148405e-02
2.74374006409305e+03	6.53743170038256e-04,-2.54915122351357e-02
2.76282428545148e+03	6.44748728770358e-04,-2.53156585718729e-02
2.78204124806685e+03	6.35877957214053e-04,-2.51410149083524e-02
2.80139187522764e+03	6.27129157100286e-04,-2.49675729832946e-02
2.82087709664427e+03	6.18500653462346e-04,-2.47953245904958e-02
2.84049784849383e+03	6.09990794264027e-04,-2.46242615784903e-02
2.86025507346503e+03	6.01597950100662e-04,-2.44543758502121e-02
2.88014972080350e+03	5.93320513890620e-04,-2.42856593626581e-02
2.90018274635740e+03	5.85156900583451e-04,-2.41181041265522e-02
2.92035511262332e+03	5.77105546809531e-04,-2.39517022060144e-02
2.94066778879257e+03	5.69164910659332e-04,-2.37864457182246e-02
2.96112175079769e+03	5.61333471340770e-04,-2.36223268330951e-02
2.98171798135941e+03	5.53609728903635e-04,-2.34593377729404e-02
3.00245747003377e+03	5.45992203955263e-04,-2.32974708121503e-02
3.02334121325976e+03	5.38479437380037e-04,-2.31367182768636e-02
3.04437021440713e+03	5.31069990062696e-04,-2.29770725446442e-02
3.06554548382462e+03	5.23762442615370e-04,-2.28185260441578e-02
3.08686803888851e+03	5.16555395108327e-04,-2.26610712548512e-02
3.10833890405149e+03	5.09447466809778e-04,-2.25047007066320e-02
3.12995911089186e+03	5.02437295902039e-04,-2.23494069795520e-02
3.15172969816316e+03	4.95523539255896e-04,-2.21951827034889e-02
3.17365171184398e+03	4.88704872153652e-04,-2.20420205578323e-02
3.19572620518830e+03	4.81979988053406e-04,-2.18899132711701e-02
3.21795423877605e+03	4.75347598299640e-04,-2.17388536209782e-02
3.24033688056409e+03	4.68806431940620e-04,-2.15888344333074e-02
3.26287520593749e+03	4.62355235445381e-04,-2.14398485824773e-02
3.28557029776121e+03	4.55992772475989e-04,-2.12918889907681e-02
3.30842324643216e+03	4.49717823652608e-04,-2.11449486281158e-02
3.33143514993153e+03	4.43529186321751e-04,-2.09990205118078e-02
3.35460711387759e+03	4.37425674327675e-04,-2.08540977061809e-02
3.37794025157879e+03	4.31406117786879e-04,-2.07101733223205e-02
3.40143568408726e+03	4.25469362870199e-04,-2.05672405177615e-02
3.42509454025263e+03	4.19614271565156e-04,-2.04252924961911e-02
3.44891795677636e+03	4.13839721486950e-04,-2.02843225071523e-02
3.47290707826623e+03	4.08144605646598e-04,-2.01443238457496e-02
3.49706305729145e+03	4.02527832253526e-04,-2.00052898523563e-02
3.52138705443794e+03	3.96988324473329e-04,-1.98672139123239e-02
3.54588023836416e+03	3.91525020274770e-04,-1.97300894556912e-02
3.57054378585724e+03	3.86136872192904e-04,-1.95939099568969e-02
3.59537888188947e+03	3.80822847138404e-04,-1.94586689344932e-02
3.62038671967532e+03	3.75581926200881e-04,-1.93243599508605e-02
3.64556850072871e+03	3.70413104454875e-04,-1.91909766119242e-02
3.67092543492072e+03	3.65315390772387e-04,-1.90585125668727e-02
3.69645874053780e+03	3.60287807618463e-04,-1.89269615078776e-02
3.72216964434020e+03	3.55329390888553e-04,-1.87963171698140e-02
3.74805938162101e+03	3.50439189716572e-04,-1.86665733299843e-02
3.77412919626543e+03	3.45616266267653e-04,-1.85377238078424e-02
3.80038034081058e+03	3.40859695604654e-04,-1.84097624647191e-02
3.82681407650566e+03	3.36168565481648e-04,-1.82826832035500e-02
3.85343167337255e+03	3.31541976177648e-04,-1.81564799686043e-02
3.88023441026684e+03	3.26979040325099e-04,-1.80311467452156e-02
3.90722357493925e+03	3.22478882744163e-04,-1.79066775595138e-02
3.93440046409753e+03	3.18040640262038e-04,-1.77830664781587e-02
3.96176638346874e+03	3.13663461569169e-04,-1.76603076080754e-02
3.98932264786198e+03	3.09346507042995e-04,-1.75383950961902e-02
4.01707058123159e+03	3.05088948591299e-04,-1.74173231291696e-02
4.04501151674072e+03	3.00889969494264e-04,-1.72970859331597e-02
4.07314679682541e+03	2.96748764255012e-04,-1.71776777735269e-02
4.10147777325910e+03	2.92664538420494e-04,-1.70590929546018e-02
4.13000580721752e+03	2.88636508474361e-04,-1.69413258194216e-02
4.15873226934416e+03	2.84663901637101e-04,-1.68243707494779e-02
4.18765853981608e+03	2.80745955762233e-04,-1.67082221644618e-02
4.21678600841022e+03	2.76881919165932e-04,-1.65928745220137e-02
4.24611607457018e+03	2.73071050489803e-04,-1.64783223174736e-02
4.27565014747350e+03	2.69312618562236e-04,-1.63645600836317e-02
4.30538964609927e+03	2.65605902247282e-04,-1.62515823904828e-02
4.33533599929639e+03	2.61950190324336e-04,-1.61393838449795e-02
4.36549064585219e+03	2.58344781343475e-04,-1.60279590907892e-02
4.39585503456155e+03	2.54788983483348e-04,-1.59173028080512e-02
4.42643062429652e+03	2.51282114435720e-04,-1.58074097131353e-02
4.45721888407641e+03	2.47823501264010e-04,-1.56982745584026e-02
4.48822129313836e+03	2.44412480282765e-04,-1.55898921319670e-02
4.51943934100841e+03	2.41048396909927e-04,-1.54822572574588e-02
4.55087452757310e+03	2.37730605573318e-04,-1.53753647937887e-02
4.58252836315148e+03	2.34458469571208e-04,-1.52692096349142e-02
4.61440236856772e+03	2.31231360935850e-04,-1.51637867096076e-02
4.64649807522413e+03	2.28048660343737e-04,-1.50590909812237e-02
4.67881702517480e+03	2.24909756977005e-04,-1.49551174474711e-02
4.71136077119964e+03	2.21814048416512e-04,-1.48518611401834e-02
4.74413087687898e+03	2.18760940507677e-04,-1.47493171250929e-02
4.77712891666873e+03	2.15749847275533e-04,-1.46474805016039e-02
4.81035647597602e+03	2.12780190793561e-04,-1.45463464025696e-02
4.84381515123534e+03	2.09851401078007e-04,-1.44459099940690e-02
4.87750654998525e+03	2.06962915978908e-04,-1.43461664751854e-02
4.91143229094564e+03	2.04114181076966e-04,-1.42471110777862e-02
4.94559400409550e+03	2.01304649560034e-04,-1.41487390663049e-02
4.97999333075120e+03	1.98533782144886e-04,-1.40510457375230e-02
5.01463192364536e+03	1.95801046960648e-04,-1.39540264203540e-02
5.04951144700630e+03	1.93105919434703e-04,-1.38576764756297e-02
5.08463357663793e+03	1.90447882221695e-04,-1.37619912958856e-02
5.12000000000031e+03	1.87826425071338e-04,-1.36669663051502e-02
5.15561241629071e+03	1.85241044759622e-04,-1.35725969587329e-02
5.19147253652526e+03	1.82691244978056e-04,-1.34788787430159e-02
5.22758208362114e+03	1.80176536235007e-04,-1.33858071752455e-02
5.26394279247938e+03	1.77696435775730e-04,-1.32933778033255e-02
5.30055641006817e+03	1.75250467474493e-04,-1.32015862056118e-02
5.33742469550686e+03	1.72838161756912e-04,-1.31104279907081e-02
5.37454942015043e+03	1.70459055506063e-04,-1.30198987972630e-02
5.41193236767459e+03	1.68112691961158e-04,-1.29299942937690e-02
5.44957533416153e+03	1.65798620655673e-04,-1.28407101783609e-02
5.48748012818615e+03	1.63516397302187e-04,-1.27520421786183e-02
5.52564857090300e+03	1.61265583732440e-04,-1.26639860513663e-02
5.56408249613375e+03	1.59045747802535e-04,-1.25765375824799e-02
5.60278375045533e+03	1.56856463300170e-04,-1.24896925866887e-02
5.64175419328859e+03	1.54697309883568e-04,-1.24034469073822e-02
5.68099569698771e+03	1.52567872987270e-04,-1.23177964164172e-02
5.72051014693011e+03	1.50467743749421e-04,-1.22327370139266e-02
5.76029944160706e+03	1.48396518923753e-04,-1.21482646281286e-02
5.80036549271484e+03	1.46353800809067e-04,-1.20643752151376e-02
5.84071022524669e+03	1.44339197179235e-04,-1.19810647587762e-02
5.88133557758518e+03	1.42352321201581e-04,-1.18983292703885e-02
5.92224350159543e+03	1.40392791353799e-04,-1.18161647886545e-02
5.96343596271886e+03	1.38460231369267e-04,-1.17345673794058e-02
6.00491494006759e+03	1.36554270154138e-04,-1.16535331354422e-02
6.04668242651957e+03	1.34674541714938e-04,-1.15730581763497e-02
6.08874042881431e+03	1.32820685091492e-04,-1.14931386483200e-02
6.13109096764929e+03	1.30992344293380e-04,-1.14137707239702e-02
6.17373607777707e+03	1.29189168218932e-04,-1.13349506021649e-02
6.21667780810302e+03	1.27410810595255e-04,-1.12566745078383e-02
6.25991822178378e+03	1.25656929917255e-04,-1.11789386918183e-02
6.30345939632636e+03	1.23927189375219e-04,-1.11017394306510e-02
6.34730342368800e+03	1.22221256790377e-04,-1.10250730264274e-02
6.39145241037665e+03	1.20538804548771e-04,-1.09489358066098e-02
6.43590847755216e+03	1.18879509550175e-04,-1.08733241238605e-02
6.48067376112824e+03	1.17243053134382e-04,-1.07982343558713e-02
6.52575041187503e+03	1.15629121020399e-04,-1.07236629051936e-02
6.57114059552248e+03	1.14037403257443e-04,-1.06496061990704e-02
6.61684649286437e+03	1.12467594151814e-04,-1.05760606892685e-02
6.66287029986312e+03	1.10919392220576e-04,-1.05030228519128e-02
6.70921422775524e+03	1.09392500120509e-04,-1.04304891873209e-02
6.75588050315764e+03	1.07886624601981e-04,-1.03584562198393e-02
6.80287136817457e+03	1.06401476452494e-04,-1.02869204976797e-02
6.85018908050532e+03	1.04936770430926e-04,-1.02158785927580e-02
6.89783591355277e+03	1.03492225223270e-04,-1.01453271005330e-02
6.94581415653252e+03	1.02067563388477e-04,-1.00752626398463e-02
6.99412611458295e+03	1.00662511296437e-04,-1.00056818527640e-02
7.04277410887593e+03	9.92767990812097e-05,-9.93658140441900e-03
7.09176047672838e+03	9.79101605945029e-05,-9.86795798285374e-03
7.14108757171453e+03	9.65623333450060e-05,-9.79980829886513e-03
7.19075776377900e+03	9.52330584544538e-05,-9.73212908584961e-03
7.24077343935071e+03	9.39220806038366e-05,-9.66491709964964e-03
7.29113700145747e+03	9.26291479855746e-05,-9.59816911840105e-03
7.34185086984150e+03	9.13540122621332e-05,-9.53188194238130e-03
7.39291748107565e+03	9.00964285045216e-05,-9.46605239385914e-03
7.44433928868046e+03	8.88561551610511e-05,-9.40067731694467e-03
7.49611876324208e+03	8.76329539955060e-05,-9.33575357744102e-03
7.54825839253092e+03	8.64265900567520e-05,-9.27127806269639e-03
7.60076068162122e+03	8.52368316204150e-05,-9.20724768145763e-03
7.65362815301138e+03	8.40634501520080e-05,-9.14365936372440e-03
7.70686334674516e+03	8.29062202594322e-05,-9.08051006060445e-03
7.76046882053374e+03	8.17649196551110e-05,-9.01779674416980e-03
7.81444714987857e+03	8.06393291113891e-05,-8.95551640731385e-03
7.86880092819513e+03	7.95292324064746e-05,-8.89366606360978e-03
7.92353276693755e+03	7.84344163054597e-05,-8.83224274716918e-03
7.97864529572403e+03	7.73546704995927e-05,-8.77124351250236e-03
8.03414116246325e+03	7.62897875770534e-05,-8.71066543437906e-03
8.09002303348151e+03	7.52395629797226e-05,-8.65050560769042e-03
8.14629359365089e+03	7.42037949623579e-05,-8.59076114731166e-03
8.20295554651826e+03	7.31822845555671e-05,-8.53142918796580e-03
8.26001161443511e+03	7.21748355291786e-05,-8.47250688408817e-03
8.31746453868839e+03	7.11812543529678e-05,-8.41399140969188e-03
8.37531707963222e+03	7.02013501580301e-05,-8.35587995823430e-03
8.43357201682050e+03	6.92349347017468e-05,-8.29816974248420e-03
8.49223214914044e+03	6.82818223338558e-05,-8.24085799438992e-03
8.55130029494706e+03	6.73418299556456e-05,-8.18394196494847e-03
8.61077929219860e+03	6.64147769907008e-05,-8.12741892407529e-03
8.67067199859285e+03	6.55004853444600e-05,-8.07128616047515e-03
8.73098129170445e+03	6.45987793757595e-05,-8.01554098151370e-03
8.79171006912318e+03	6.37094858581748e-05,-7.96018071308997e-03
8.85286124859312e+03	6.28324339502810e-05,-7.90520269950972e-03
8.91443776815290e+03	6.19674551581430e-05,-7.85060430335967e-03
8.97644258627679e+03	6.11143833130049e-05,-7.79638290538235e-03
9.03887868201690e+03	6.02730545254277e-05,-7.74253590435224e-03
9.10174905514628e+03	5.94433071663987e-05,-7.68906071695221e-03
9.16505672630304e+03	5.86249818278176e-05,-7.63595477765118e-03
9.22880473713551e+03	5.78179212989184e-05,-7.58321553858243e-03
9.29299615044834e+03	5.70219705260941e-05,-7.53084046942277e-03
9.35763405034968e+03	5.62369765949798e-05,-7.47882705727247e-03
9.42272154239935e+03	5.54627886953932e-05,-7.42717280653602e-03
9.48826175375803e+03	5.46992580877194e-05,-7.37587523880383e-03
9.55425783333754e+03	5.39462380821814e-05,-7.32493189273446e-03
9.62071295195212e+03	5.32035840099143e-05,-7.27434032393778e-03
9.68763030247075e+03	5.24711531905568e-05,-7.22409810485901e-03
9.75501309997057e+03	5.17488049044719e-05,-7.17420282466345e-03
9.82286458189136e+03	5.10364003730161e-05,-7.12465208912182e-03
9.89118800819108e+03	5.03338027272939e-05,-7.07544352049669e-03
9.95998666150247e+03	4.96408769776469e-05,-7.02657475742950e-03
1.00292638472908e+04	4.89574899958835e-05,-6.97804345482826e-03
1.00990228940127e+04	4.82835104848249e-05,-6.92984728375620e-03
1.01692671532759e+04	4.76188089541926e-05,-6.88198393132104e-03
1.02400000000007e+04	4.69632576957510e-05,-6.83445110056501e-03
1.03112248325815e+04	4.63167307597824e-05,-6.78724651035569e-03
1.03829450730506e+04	4.56791039264488e-05,-6.74036789527754e-03
1.04551641672424e+04	4.50502546903647e-05,-6.69381300552411e-03
1.05278855849588e+04	4.44300622281993e-05,-6.64757960679106e-03
1.06011128201364e+04	4.38184073818339e-05,-6.60166548016986e-03
1.06748493910138e+04	4.32151726311668e-05,-6.55606842204226e-03
1.07490988403009e+04	4.26202420748681e-05,-6.51078624397536e-03
1.08238647353493e+04	4.20335014071349e-05,-6.46581677261749e-03
1.08991506683231e+04	4.14548378926162e-05,-6.42115784959482e-03
1.09749602563724e+04	4.08841403501947e-05,-6.37680733140851e-03
1.10512971418061e+04	4.03212991288731e-05,-6.33276308933272e-03
1.11281649922676e+04	3.97662060841740e-05,-6.28902300931327e-03
1.12055675009107e+04	3.92187545634200e-05,-6.24558499186692e-03
1.12835083865773e+04	3.86788393784107e-05,-6.20244695198139e-03
1.13619913939755e+04	3.81463567919781e-05,-6.15960681901605e-03
1.14410202938603e+04	3.76212044914099e-05,-6.11706253660328e-03
1.15205988832142e+04	3.71032815745791e-05,-6.07481206255050e-03
1.16007309854298e+04	3.65924885280573e-05,-6.03285336874282e-03
1.16814204504935e+04	3.60887272060808e-05,-5.99118444104644e-03
1.17626711551704e+04	3.55919008152618e-05,-5.94980327921264e-03
1.18444870031910e+04	3.51019138940207e-05,-5.90870789678241e-03
1.19268719254378e+04	3.46186722946519e-05,-5.86789632099180e-03
1.20098298801353e+04	3.41420831652454e-05,-5.82736659267781e-03
1.20933648530392e+04	3.36720549318577e-05,-5.78711676618502e-03
1.21774808576287e+04	3.32084972816363e-05,-5.74714490927278e-03
1.22621819352987e+04	3.27513211422794e-05,-5.70744910302310e-03
1.23474721555542e+04	3.23004386702781e-05,-5.66802744174904e-03
1.24333556162061e+04	3.18557632311310e-05,-5.62887803290390e-03
1.25198364435677e+04	3.14172093800245e-05,-5.58999899699089e-03
1.26069187926528e+04	3.09846928509076e-05,-5.55138846747345e-03
1.26946068473761e+04	3.05581305362068e-05,-5.51304459068621e-03
1.27829048207534e+04	3.01374404722452e-05,-5.47496552574653e-03
1.28718169551044e+04	2.97225418247723e-05,-5.43714944446661e-03
1.29613475222566e+04	2.93133548699069e-05,-5.39959453126630e-03
1.30515008237502e+04	2.89098009829947e-05,-5.36229898308638e-03
1.31422811910451e+04	2.85118026212461e-05,-5.32526100930249e-03
1.32336929857288e+04	2.81192833085664e-05,-5.28847883163969e-03
1.33257405997263e+04	2.77321676217985e-05,-5.25195068408751e-03
1.34184284555106e+04	2.73503811756332e-05,-5.21567481281562e-03
1.35117610063154e+04	2.69738506097833e-05,-5.17964947609010e-03
1.36057427363492e+04	2.66025035722571e-05,-5.14387294419029e-03
1.37003781610108e+04	2.62362687066828e-05,-5.10834349932609e-03
1.37956718271056e+04	2.58750756416632e-05,-5.07305943555596e-03
1.38916283130651e+04	2.55188549707974e-05,-5.03801905870546e-03
1.39882522291660e+04	2.51675382452446e-05,-5.00322068628623e-03
1.40855482177520e+04	2.48210579583046e-05,-4.96866264741569e-03
1.41835209534569e+04	2.44793475303611e-05,-4.93434328273714e-03
1.42821751434292e+04	2.41423413021711e-05,-4.90026094434049e-03
1.43815155275581e+04	2.38099745135902e-05,-4.86641399568356e-03
1.44815468787015e+04	2.34821832994812e-05,-4.83280081151375e-03
1.45822740029151e+04	2.31589046729954e-05,-4.79941977779047e-03
1.46837017396831e+04	2.28400765123076e-05,-4.76626929160797e-03
1.47858349621514e+04	2.25256375529107e-05,-4.73334776111866e-03
1.48886785773610e+04	2.22155273733225e-05,-4.70065360545706e-03
1.49922375264843e+04	2.19096863823277e-05,-4.66818525466424e-03
1.50965167850620e+04	2.16080558106300e-05,-4.63594114961268e-03
1.52015213632425e+04	2.13105776971741e-05,-4.60391974193180e-03
1.53072563060229e+04	2.10171948782847e-05,-4.57211949393389e-03
1.54137266934904e+04	2.07278509776035e-05,-4.54053887854057e-03
1.55209376410676e+04	2.04424903956653e-05,-4.50917637920973e-03
1.56288942997572e+04	2.01610582965729e-05,-4.47803048986308e-03
1.57376018563904e+04	1.98835005999213e-05,-4.44709971481403e-03
1.58470655338752e+04	1.96097639707826e-05,-4.41638256869617e-03
1.59572905914482e+04	1.93397958071153e-05,-4.38587757639225e-03
1.60682823249266e+04	1.90735442313773e-05,-4.35558327296356e-03
1.61800460669631e+04	1.88109580801295e-05,-4.32549820357989e-03
1.62925871873019e+04	1.85519868938113e-05,-4.29562092344990e-03
1.64059110930366e+04	1.82965809086385e-05,-4.26594999775195e-03
1.65200232288703e+04	1.80446910448419e-05,-4.23648400156555e-03
1.66349290773769e+04	1.77962688980671e-05,-4.20722151980306e-03
1.67506341592646e+04	1.75512667312140e-05,-4.17816114714203e-03
1.68671440336411e+04	1.73096374626122e-05,-4.14930148795795e-03
1.69844642982810e+04	1.70713346609225e-05,-4.12064115625741e-03
1.71026005898942e+04	1.68363125328261e-05,-4.09217877561180e-03
1.72215585843973e+04	1.66045259146592e-05,-4.06391297909140e-03
1.73413439971858e+04	1.63759302655351e-05,-4.03584240919998e-03
1.74619625834090e+04	1.61504816576785e-05,-4.00796571780977e-03
1.75834201382465e+04	1.59281367671368e-05,-3.98028156609696e-03
1.77057224971864e+04	1.57088528670265e-05,-3.95278862447760e-03
1.78288755363059e+04	1.54925878184504e-05,-3.92548557254390e-03
1.79528851725537e+04	1.52793000627404e-05,-3.89837109900105e-03
1.80777573640339e+04	1.50689486126573e-05,-3.87144390160445e-03
1.82034981102927e+04	1.48614930464667e-05,-3.84470268709726e-03
1.83301134526062e+04	1.46568934971098e-05,-3.81814617114860e-03
1.84576094742712e+04	1.44551106480619e-05,-3.79177307829192e-03
1.85859923008968e+04	1.42561057229190e-05,-3.76558214186402e-03
1.87152681006995e+04	1.40598404792246e-05,-3.73957210394429e-03
1.88454430847988e+04	1.38662772014079e-05,-3.71374171529454e-03
1.89765235075162e+04	1.36753786924846e-05,-3.68808973529913e-03
1.91085156666752e+04	1.34871082681041e-05,-3.66261493190554e-03
1.92414259039044e+04	1.33014297487508e-05,-3.63731608156535e-03
1.93752606049416e+04	1.31183074522428e-05,-3.61219196917567e-03
1.95100261999413e+04	1.29377061885843e-05,-3.58724138802085e-03
1.96457291637829e+04	1.27595912515007e-05,-3.56246313971475e-03
1.97823760163823e+04	1.25839284128943e-05,-3.53785603414329e-03
1.99199733230051e+04	1.24106839159746e-05,-3.51341888940742e-03
2.00585276945817e+04	1.22398244678487e-05,-3.48915053176651e-03
2.01980457880255e+04	1.20713172351136e-05,-3.46504979558210e-03
2.03385343065520e+04	1.19051298349234e-05,-3.44111552326205e-03
2.04800000000015e+04	1.17412303314998e-05,-3.41734656520506e-03
2.06224496651631e+04	1.15795872282997e-05,-3.39374177974562e-03
2.07658901461013e+04	1.14201694616244e-05,-3.37030003309924e-03
2.09103283344849e+04	1.12629463966274e-05,-3.34702019930815e-03
2.10557711699178e+04	1.11078878193272e-05,-3.32390116018734e-03
2.12022256402730e+04	1.09549639320303e-05,-3.30094180527094e-03
2.13496987820278e+04	1.08041453466590e-05,-3.27814103175906e-03
2.14981976806020e+04	1.06554030809653e-05,-3.25549774446483e-03
2.16477294706987e+04	1.05087085501819e-05,-3.23301085576202e-03
2.17983013366464e+04	1.03640335639564e-05,-3.21067928553281e-03
2.19499205127449e+04	1.02213503198904e-05,-3.18850196111609e-03
2.21025942836123e+04	1.00806313979900e-05,-3.16647781725597e-03
2.22563299845353e+04	9.94184975626976e-06,-3.14460579605078e-03
2.24111350018216e+04	9.80497872447221e-06,-3.12288484690231e-03
2.25670167731547e+04	9.66999199949679e-06,-3.10131392646547e-03
2.27239827879512e+04	9.53686364085513e-06,-3.07989199859823e-03
2.28820405877208e+04	9.40556806484744e-06,-3.05861803431200e-03
2.30411977664286e+04	9.27608003986641e-06,-3.03749101172225e-03
2.32014619708597e+04	9.14837468175149e-06,-3.01650991599953e-03
2.33628409009871e+04	9.02242744890436e-06,-2.99567373932081e-03
2.35253423103411e+04	8.89821413766847e-06,-2.97498148082117e-03
2.36889740063821e+04	8.77571087729700e-06,-2.95443214654577e-03
2.38537438508758e+04	8.65489412594053e-06,-2.93402474940222e-03
2.40196597602707e+04	8.53574066601307e-06,-2.91375830911326e-03
2.41867297060786e+04	8.41822759872915e-06,-2.89363185216969e-03
2.43549617152576e+04	8.30233234135686e-06,-2.87364441178375e-03
2.45243638705975e+04	8.18803262194794e-06,-2.85379502784272e-03
2.46949443111087e+04	8.07530647480592e-06,-2.83408274686288e-03
2.48667112324125e+04	7.96413223680023e-06,-2.81450662194379e-03
2.50396728871355e+04	7.85448854310765e-06,-2.79506571272288e-03
2.52138375853058e+04	7.74635432268759e-06,-2.77575908533032e-03
2.53892136947524e+04	7.63970879507252e-06,-2.75658581234425e-03
2.55658096415070e+04	7.53453146569685e-06,-2.73754497274632e-03
2.57436339102090e+04	7.43080212173229e-06,-2.71863565187745e-03
2.59226950445133e+04	7.32850082909272e-06,-2.69985694139404e-03
2.61030016475005e+04	7.22760792818490e-06,-2.68120793922432e-03
2.62845623820903e+04	7.12810402936416e-06,-2.66268774952513e-03
2.64673859714579e+04	7.02997001075859e-06,-2.64429548263892e-03
2.66514811994529e+04	6.93318701305545e-06,-2.62603025505109e-03
2.68368569110214e+04	6.83773643723893e-06,-2.60789118934760e-03
2.70235220126310e+04	6.74359993981770e-06,-2.58987741417287e-03
2.72114854726987e+04	6.65075942969084e-06,-2.57198806418801e-03
2.74007563220217e+04	6.55919706545205e-06,-2.55422228002925e-03
2.75913436542115e+04	6.46889525081149e-06,-2.53657920826675e-03
2.77832566261305e+04	6.37983663186205e-06,-2.51905800136367e-03
2.79765044583322e+04	6.29200409360066e-06,-2.50165781763545e-03
2.81710964355041e+04	6.20538075677212e-06,-2.48437782120950e-03
2.83670419069139e+04	6.11994997409346e-06,-2.46721718198504e-03
2.85643502868585e+04	6.03569532792070e-06,-2.45017507559328e-03
2.87630310551164e+04	5.95260062642646e-06,-2.43325068335788e-03
2.89630937574032e+04	5.87064990062766e-06,-2.41644319225568e-03
2.91645480058303e+04	5.78982740138304e-06,-2.39975179487766e-03
2.93674034793664e+04	5.71011759654987e-06,-2.38317568939020e-03
2.95716699243030e+04	5.63150516768569e-06,-2.36671407949664e-03
2.97773571547223e+04	5.55397500717265e-06,-2.35036617439902e-03
2.99844750529688e+04	5.47751221549411e-06,-2.33413118876017e-03
3.01930335701241e+04	5.40210209801707e-06,-2.31800834266599e-03
3.04030427264853e+04	5.32773016275378e-06,-2.30199686158807e-03
3.06145126120459e+04	5.25438211704780e-06,-2.28609597634648e-03
3.08274533869811e+04	5.18204386500557e-06,-2.27030492307287e-03
3.10418752821354e+04	5.11070150473316e-06,-2.25462294317382e-03
3.12577885995147e+04	5.04034132572245e-06,-2.23904928329442e-03
3.14752037127810e+04	4.97094980637582e-06,-2.22358319528214e-03
3.16941310677506e+04	4.90251361113478e-06,-2.20822393615090e-03
3.19145811828966e+04	4.83501958792485e-06,-2.19297076804540e-03
3.21365646498535e+04	4.76845476589007e-06,-2.17782295820576e-03
3.23600921339265e+04	4.70280635278932e-06,-2.16277977893229e-03
3.25851743746041e+04	4.63806173233652e-06,-2.14784050755061e-03
3.28118221860735e+04	4.57420846183554e-06,-2.13300442637693e-03
3.30400464577409e+04	4.51123427018147e-06,-2.11827082268364e-03
3.32698581547541e+04	4.44912705500698e-06,-2.10363898866507e-03
3.35012683185294e+04	4.38787488065134e-06,-2.08910822140351e-03
3.37342880672825e+04	4.32746597572159e-06,-2.07467782283553e-03
3.39689285965622e+04	4.26788873078817e-06,-2.06034709971839e-03
3.42052011797887e+04	4.20913169643007e-06,-2.04611536359683e-03
3.44431171687949e+04	4.15118358075607e-06,-2.03198193077000e-03
3.46826879943719e+04	4.09403324732853e-06,-2.01794612225862e-03
3.49239251668183e+04	4.03766971289396e-06,-2.00400726377243e-03
3.51668402764932e+04	3.98208214570680e-06,-1.99016468567780e-03
3.54114449943730e+04	3.92725986288169e-06,-1.97641772296557e-03
3.56577510726121e+04	3.87319232868930e-06,-1.96276571521916e-03
3.59057703451077e+04	3.81986915240344e-06,-1.94920800658285e-03
3.61555147280681e+04	3.76728008654863e-06,-1.93574394573028e-03
3.64069962205857e+04	3.71541502440085e-06,-1.92237288583324e-03
3.66602269052127e+04	3.66426399865483e-06,-1.90909418453052e-03
3.69152189485426e+04	3.61381717898753e-06,-1.89590720389718e-03
3.71719846017939e+04	3.56406487060410e-06,-1.88281131041386e-03
3.74305362013993e+04	3.51499751206115e-06,-1.86980587493637e-03
3.76908861695980e+04	3.46660567362238e-06,-1.85689027266552e-03
3.79530470150327e+04	3.41888005529523e-06,-1.84406388311708e-03
3.82170313333507e+04	3.37181148515688e-06,-1.83132609009202e-03
3.84828518078091e+04	3.32539091755365e-06,-1.81867628164694e-03
3.87505212098836e+04	3.27960943143275e-06,-1.80611385006465e-03
3.90200523998829e+04	3.23445822845034e-06,-1.79363819182502e-03
3.92914583275660e+04	3.18992863135620e-06,-1.78124870757599e-03
3.95647520327649e+04	3.14601208249653e-06,-1.76894480210482e-03
3.98399466460105e+04	3.10270014192808e-06,-1.75672588430947e-03
4.01170553891638e+04	3.05998448599930e-06,-1.74459136717028e-03
4.03960915760513e+04	3.01785690548608e-06,-1.73254066772172e-03
4.06770686131043e+04	2.97630930434336e-06,-1.72057320702444e-03
4.09600000000034e+04	2.93533369788732e-06,-1.70868841013746e-03
4.12448993303266e+04	2.89492221139128e-06,-1.69688570609058e-03
4.15317802922030e+04	2.85506707857018e-06,-1.68516452785695e-03
4.18206566689701e+04	2.81576064002590e-06,-1.67352431232582e-03
4.21115423398359e+04	2.77699534183679e-06,-1.66196450027557e-03
4.24044512805463e+04	2.73876373389917e-06,-1.65048453634680e-03
4.26993975640559e+04	2.70105846902720e-06,-1.63908386901566e-03
4.29963953612044e+04	2.66387230083382e-06,-1.62776195056743e-03
4.32954589413977e+04	2.62719808286730e-06,-1.61651823707014e-03
4.35966026732932e+04	2.59102876708764e-06,-1.60535218834852e-03
4.38998410254902e+04	2.55535740237375e-06,-1.59426326795801e-03
4.41000000000000e+04	2.53221383552710e-06,-1.58702733888036e-03
