Freq.	V(vout)
2.00000000000000e+01	9.99880850560354e-01,-4.99978468466934e-03
2.01391110011344e+01	9.99880501570680e-01,-5.03455918009723e-03
2.02791895958006e+01	9.99880147709541e-01,-5.06957551434711e-03
2.04202425141439e+01	9.99879788908940e-01,-5.10483536876526e-03
2.05622765331213e+01	9.99879425099932e-01,-5.14034043637635e-03
2.07052984768276e+01	9.99879056212610e-01,-5.17609242196431e-03
2.08493152168224e+01	9.99878682176091e-01,-5.21209304215381e-03
2.09943336724614e+01	9.99878302918503e-01,-5.24834402549222e-03
2.11403608112276e+01	9.99877918366969e-01,-5.28484711253222e-03
2.12874036490672e+01	9.99877528447599e-01,-5.32160405591488e-03
2.14354692507259e+01	9.99877133085467e-01,-5.35861662045341e-03
2.15845647300886e+01	9.99876732204605e-01,-5.39588658321739e-03
2.17346972505212e+01	9.99876325727982e-01,-5.43341573361769e-03
2.18858740252148e+01	9.99875913577495e-01,-5.47120587349182e-03
2.20381023175322e+01	9.99875495673949e-01,-5.50925881719002e-03
2.21913894413569e+01	9.99875071937043e-01,-5.54757639166184e-03
2.23457427614444e+01	9.99874642285357e-01,-5.58616043654336e-03
2.25011696937762e+01	9.99874206636333e-01,-5.62501280424497e-03
2.26576777059160e+01	9.99873764906264e-01,-5.66413536003979e-03
2.28152743173685e+01	9.99873317010272e-01,-5.70352998215269e-03
2.29739670999407e+01	9.99872862862294e-01,-5.74319856184989e-03
2.31337636781058e+01	9.99872402375067e-01,-5.78314300352919e-03
2.32946717293691e+01	9.99871935460112e-01,-5.82336522481083e-03
2.34566989846376e+01	9.99871462027712e-01,-5.86386715662897e-03
2.36198532285906e+01	9.99870981986900e-01,-5.90465074332377e-03
2.37841423000545e+01	9.99870495245438e-01,-5.94571794273412e-03
2.39495740923786e+01	9.99870001709803e-01,-5.98707072629101e-03
2.41161565538152e+01	9.99869501285164e-01,-6.02871107911152e-03
2.42838976879010e+01	9.99868993875369e-01,-6.07064100009349e-03
2.44528055538414e+01	9.99868479382924e-01,-6.11286250201074e-03
2.46228882668984e+01	9.99867957708972e-01,-6.15537761160909e-03
2.47941539987798e+01	9.99867428753278e-01,-6.19818836970292e-03
2.49666109780323e+01	9.99866892414210e-01,-6.24129683127240e-03
2.51402674904366e+01	9.99866348588715e-01,-6.28470506556146e-03
2.53151318794057e+01	9.99865797172303e-01,-6.32841515617633e-03
2.54912125463853e+01	9.99865238059026e-01,-6.37242920118483e-03
2.56685179512581e+01	9.99864671141457e-01,-6.41674931321629e-03
2.58470566127499e+01	9.99864096310670e-01,-6.46137761956215e-03
2.60268371088387e+01	9.99863513456218e-01,-6.50631626227733e-03
2.62078680771673e+01	9.99862922466116e-01,-6.55156739828213e-03
2.63901582154580e+01	9.99862323226813e-01,-6.59713319946500e-03
2.65737162819303e+01	9.99861715623174e-01,-6.64301585278588e-03
2.67585510957223e+01	9.99861099538459e-01,-6.68921756038030e-03
2.69446715373139e+01	9.99860474854296e-01,-6.73574053966421e-03
2.71320865489535e+01	9.99859841450665e-01,-6.78258702343945e-03
2.73208051350880e+01	9.99859199205867e-01,-6.82975925999999e-03
2.75108363627950e+01	9.99858547996509e-01,-6.87725951323891e-03
2.77021893622186e+01	9.99857887697474e-01,-6.92509006275608e-03
2.78948733270082e+01	9.99857218181897e-01,-6.97325320396653e-03
2.80888975147600e+01	9.99856539321147e-01,-7.02175124820963e-03
2.82842712474620e+01	9.99855850984795e-01,-7.07058652285898e-03
2.84810039119415e+01	9.99855153040594e-01,-7.11976137143305e-03
2.86791049603166e+01	9.99854445354449e-01,-7.16927815370653e-03
2.88785839104500e+01	9.99853727790397e-01,-7.21913924582254e-03
2.90794503464063e+01	9.99853000210575e-01,-7.26934704040546e-03
2.92817139189126e+01	9.99852262475199e-01,-7.31990394667464e-03
2.94853843458221e+01	9.99851514442533e-01,-7.37081239055886e-03
2.96904714125811e+01	9.99850755968862e-01,-7.42207481481145e-03
2.98969849726989e+01	9.99849986908468e-01,-7.47369367912642e-03
3.01049349482215e+01	9.99849207113600e-01,-7.52567146025513e-03
3.03143313302081e+01	9.99848416434442e-01,-7.57801065212388e-03
3.05251841792113e+01	9.99847614719092e-01,-7.63071376595234e-03
3.07375036257604e+01	9.99846801813525e-01,-7.68378333037262e-03
3.09512998708479e+01	9.99845977561569e-01,-7.73722189154931e-03
3.11665831864201e+01	9.99845141804872e-01,-7.79103201330024e-03
3.13833639158702e+01	9.99844294382873e-01,-7.84521627721806e-03
3.16016524745352e+01	9.99843435132771e-01,-7.89977728279269e-03
3.18214593501969e+01	9.99842563889492e-01,-7.95471764753451e-03
3.20427951035850e+01	9.99841680485660e-01,-8.01004000709851e-03
3.22656703688852e+01	9.99840784751564e-01,-8.06574701540912e-03
3.24900958542496e+01	9.99839876515125e-01,-8.12184134478602e-03
3.27160823423114e+01	9.99838955601862e-01,-8.17832568607071e-03
3.29436406907031e+01	9.99838021834861e-01,-8.23520274875397e-03
3.31727818325778e+01	9.99837075034740e-01,-8.29247526110420e-03
3.34035167771350e+01	9.99836115019612e-01,-8.35014597029650e-03
3.36358566101488e+01	9.99835141605055e-01,-8.40821764254282e-03
3.38698124945013e+01	9.99834154604073e-01,-8.46669306322280e-03
3.41053956707185e+01	9.99833153827060e-01,-8.52557503701559e-03
3.43426174575103e+01	9.99832139081765e-01,-8.58486638803255e-03
3.45814892523148e+01	9.99831110173258e-01,-8.64456995995073e-03
3.48220225318452e+01	9.99830066903885e-01,-8.70468861614746e-03
3.50642288526416e+01	9.99829009073238e-01,-8.76522523983561e-03
3.53081198516264e+01	9.99827936478110e-01,-8.82618273419992e-03
3.55537072466630e+01	9.99826848912462e-01,-8.88756402253413e-03
3.58010028371191e+01	9.99825746167379e-01,-8.94937204837916e-03
3.60500185044334e+01	9.99824628031032e-01,-9.01160977566203e-03
3.63007662126867e+01	9.99823494288637e-01,-9.07428018883591e-03
3.65532580091762e+01	9.99822344722413e-01,-9.13738629302097e-03
3.68075060249952e+01	9.99821179111542e-01,-9.20093111414618e-03
3.70635224756151e+01	9.99819997232124e-01,-9.26491769909213e-03
3.73213196614725e+01	9.99818798857138e-01,-9.32934911583471e-03
3.75809099685607e+01	9.99817583756393e-01,-9.39422845358987e-03
3.78423058690241e+01	9.99816351696490e-01,-9.45955882295916e-03
3.81055199217578e+01	9.99815102440771e-01,-9.52534335607646e-03
3.83705647730108e+01	9.99813835749280e-01,-9.59158520675548e-03
3.86374531569941e+01	9.99812551378712e-01,-9.65828755063838e-03
3.89061978964917e+01	9.99811249082368e-01,-9.72545358534533e-03
3.91768119034774e+01	9.99809928610109e-01,-9.79308653062502e-03
3.94493081797347e+01	9.99808589708305e-01,-9.86118962850628e-03
3.97236998174817e+01	9.99807232119790e-01,-9.92976614345056e-03
4.00000000000003e+01	9.99805855583810e-01,-9.99881936250556e-03
4.02782220022691e+01	9.99804459835974e-01,-1.00683525954598e-02
4.05583791916015e+01	9.99803044608203e-01,-1.01383691749981e-02
4.08404850282880e+01	9.99801609628679e-01,-1.02088724568584e-02
4.11245530662430e+01	9.99800154621794e-01,-1.02798658199895e-02
4.14105969536554e+01	9.99798679308093e-01,-1.03513526667093e-02
4.16986304336452e+01	9.99797183404226e-01,-1.04233364228651e-02
4.19886673449230e+01	9.99795666622890e-01,-1.04958205379940e-02
4.22807216224556e+01	9.99794128672775e-01,-1.05688084854851e-02
4.25748072981347e+01	9.99792569258506e-01,-1.06423037627423e-02
4.28709385014521e+01	9.99790988080593e-01,-1.07163098913480e-02
4.31691294601774e+01	9.99789384835365e-01,-1.07908304172287e-02
4.34693945010427e+01	9.99787759214918e-01,-1.08658689108209e-02
4.37717480504299e+01	9.99786110907053e-01,-1.09414289672381e-02
4.40762046350648e+01	9.99784439595217e-01,-1.10175142064398e-02
4.43827788827142e+01	9.99782744958442e-01,-1.10941282734001e-02
4.46914855228892e+01	9.99781026671285e-01,-1.11712748382791e-02
4.50023393875528e+01	9.99779284403764e-01,-1.12489575965940e-02
4.53153554118323e+01	9.99777517821294e-01,-1.13271802693920e-02
4.56305486347374e+01	9.99775726584627e-01,-1.14059466034243e-02
4.59479341998818e+01	9.99773910349781e-01,-1.14852603713213e-02
4.62675273562119e+01	9.99772068767979e-01,-1.15651253717684e-02
4.65893434587387e+01	9.99770201485580e-01,-1.16455454296838e-02
4.69133979692756e+01	9.99768308144012e-01,-1.17265243963964e-02
4.72397064571817e+01	9.99766388379703e-01,-1.18080661498260e-02
4.75682846001093e+01	9.99764441824010e-01,-1.18901745946638e-02
4.78991481847576e+01	9.99762468103152e-01,-1.19728536625547e-02
4.82323131076309e+01	9.99760466838135e-01,-1.20561073122798e-02
4.85677953758023e+01	9.99758437644679e-01,-1.21399395299416e-02
4.89056111076832e+01	9.99756380133149e-01,-1.22243543291487e-02
4.92457765337971e+01	9.99754293908475e-01,-1.23093557512031e-02
4.95883079975600e+01	9.99752178570080e-01,-1.23949478652881e-02
4.99332219560650e+01	9.99750033711801e-01,-1.24811347686570e-02
5.02805349808736e+01	9.99747858921813e-01,-1.25679205868237e-02
5.06302637588117e+01	9.99745653782549e-01,-1.26553094737547e-02
5.09824250927710e+01	9.99743417870621e-01,-1.27433056120610e-02
5.13370359025167e+01	9.99741150756736e-01,-1.28319132131929e-02
5.16941132255002e+01	9.99738852005619e-01,-1.29211365176349e-02
5.20536742176779e+01	9.99736521175927e-01,-1.30109797951025e-02
5.24157361543351e+01	9.99734157820161e-01,-1.31014473447396e-02
5.27803164309163e+01	9.99731761484588e-01,-1.31925434953179e-02
5.31474325638610e+01	9.99729331709145e-01,-1.32842726054367e-02
5.35171021914451e+01	9.99726868027361e-01,-1.33766390637252e-02
5.38893430746282e+01	9.99724369966259e-01,-1.34696472890447e-02
5.42641730979075e+01	9.99721837046270e-01,-1.35633017306930e-02
5.46416102701764e+01	9.99719268781141e-01,-1.36576068686100e-02
5.50216727255904e+01	9.99716664677839e-01,-1.37525672135839e-02
5.54043787244376e+01	9.99714024236462e-01,-1.38481873074598e-02
5.57897466540169e+01	9.99711346950138e-01,-1.39444717233487e-02
5.61777950295205e+01	9.99708632304932e-01,-1.40414250658383e-02
5.65685424949245e+01	9.99705879779743e-01,-1.41390519712048e-02
5.69620078238835e+01	9.99703088846211e-01,-1.42373571076262e-02
5.73582099206338e+01	9.99700258968609e-01,-1.43363451753974e-02
5.77571678209005e+01	9.99697389603746e-01,-1.44360209071456e-02
5.81589006928131e+01	9.99694480200860e-01,-1.45363890680477e-02
5.85634278378257e+01	9.99691530201514e-01,-1.46374544560494e-02
5.89707686916448e+01	9.99688539039489e-01,-1.47392219020848e-02
5.93809428251627e+01	9.99685506140674e-01,-1.48416962702979e-02
5.97939699453983e+01	9.99682430922958e-01,-1.49448824582656e-02
6.02098698964434e+01	9.99679312796121e-01,-1.50487853972214e-02
6.06286626604167e+01	9.99676151161717e-01,-1.51534100522816e-02
6.10503683584231e+01	9.99672945412959e-01,-1.52587614226714e-02
6.14750072515213e+01	9.99669694934609e-01,-1.53648445419539e-02
6.19025997416964e+01	9.99666399102856e-01,-1.54716644782594e-02
6.23331663728408e+01	9.99663057285194e-01,-1.55792263345168e-02
6.27667278317409e+01	9.99659668840310e-01,-1.56875352486860e-02
6.32033049490710e+01	9.99656233117951e-01,-1.57965963939918e-02
6.36429187003943e+01	9.99652749458809e-01,-1.59064149791593e-02
6.40855902071706e+01	9.99649217194389e-01,-1.60169962486509e-02
6.45313407377709e+01	9.99645635646882e-01,-1.61283454829042e-02
6.49801917084997e+01	9.99642004129038e-01,-1.62404679985720e-02
6.54321646846233e+01	9.99638321944036e-01,-1.63533691487633e-02
6.58872813814067e+01	9.99634588385343e-01,-1.64670543232857e-02
6.63455636651562e+01	9.99630802736588e-01,-1.65815289488898e-02
6.68070335542704e+01	9.99626964271422e-01,-1.66967984895146e-02
6.72717132202981e+01	9.99623072253378e-01,-1.68128684465340e-02
6.77396249890031e+01	9.99619125935731e-01,-1.69297443590061e-02
6.82107913414375e+01	9.99615124561356e-01,-1.70474318039221e-02
6.86852349150212e+01	9.99611067362585e-01,-1.71659363964588e-02
6.91629785046302e+01	9.99606953561056e-01,-1.72852637902304e-02
6.96440450636909e+01	9.99602782367570e-01,-1.74054196775437e-02
7.01284577052838e+01	9.99598552981937e-01,-1.75264097896537e-02
7.06162397032534e+01	9.99594264592823e-01,-1.76482398970208e-02
7.11074144933266e+01	9.99589916377596e-01,-1.77709158095699e-02
7.16020056742388e+01	9.99585507502172e-01,-1.78944433769508e-02
7.21000370088674e+01	9.99581037120851e-01,-1.80188284888000e-02
7.26015324253739e+01	9.99576504376158e-01,-1.81440770750041e-02
7.31065160183531e+01	9.99571908398681e-01,-1.82701951059651e-02
7.36150120499911e+01	9.99567248306902e-01,-1.83971885928663e-02
7.41270449512307e+01	9.99562523207032e-01,-1.85250635879410e-02
7.46426393229457e+01	9.99557732192837e-01,-1.86538261847415e-02
7.51618199371220e+01	9.99552874345470e-01,-1.87834825184105e-02
7.56846117380488e+01	9.99547948733292e-01,-1.89140387659535e-02
7.62110398435161e+01	9.99542954411696e-01,-1.90455011465134e-02
7.67411295460223e+01	9.99537890422928e-01,-1.91778759216458e-02
7.72749063139888e+01	9.99532755795902e-01,-1.93111693955965e-02
7.78123957929840e+01	9.99527549546016e-01,-1.94453879155804e-02
7.83536238069553e+01	9.99522270674966e-01,-1.95805378720618e-02
7.88986163594699e+01	9.99516918170554e-01,-1.97166256990365e-02
7.94473996349641e+01	9.99511491006496e-01,-1.98536578743152e-02
8.00000000000012e+01	9.99505988142229e-01,-1.99916409198087e-02
8.05564440045387e+01	9.99500408522705e-01,-2.01305814018147e-02
8.11167583832036e+01	9.99494751078201e-01,-2.02704859313059e-02
8.16809700565767e+01	9.99489014724106e-01,-2.04113611642197e-02
8.22491061324866e+01	9.99483198360722e-01,-2.05532138017500e-02
8.28211939073115e+01	9.99477300873050e-01,-2.06960505906401e-02
8.33972608672910e+01	9.99471321130577e-01,-2.08398783234768e-02
8.39773346898467e+01	9.99465257987068e-01,-2.09847038389875e-02
8.45614432449118e+01	9.99459110280338e-01,-2.11305340223368e-02
8.51496145962701e+01	9.99452876832041e-01,-2.12773758054269e-02
8.57418770029048e+01	9.99446556447436e-01,-2.14252361671979e-02
8.63382589203556e+01	9.99440147915170e-01,-2.15741221339304e-02
8.69387890020860e+01	9.99433650007040e-01,-2.17240407795498e-02
8.75434961008606e+01	9.99427061477762e-01,-2.18749992259317e-02
8.81524092701303e+01	9.99420381064736e-01,-2.20270046432096e-02
8.87655577654290e+01	9.99413607487805e-01,-2.21800642500831e-02
8.93829710457790e+01	9.99406739449010e-01,-2.23341853141291e-02
9.00046787751062e+01	9.99399775632347e-01,-2.24893751521134e-02
9.06307108236654e+01	9.99392714703514e-01,-2.26456411303044e-02
9.12610972694754e+01	9.99385555309659e-01,-2.28029906647883e-02
9.18958683997643e+01	9.99378296079123e-01,-2.29614312217859e-02
9.25350547124245e+01	9.99370935621181e-01,-2.31209703179712e-02
9.31786869174780e+01	9.99363472525775e-01,-2.32816155207910e-02
9.38267959385519e+01	9.99355905363249e-01,-2.34433744487866e-02
9.44794129143640e+01	9.99348232684077e-01,-2.36062547719170e-02
9.51365692002193e+01	9.99340453018589e-01,-2.37702642118836e-02
9.57982963695159e+01	9.99332564876690e-01,-2.39354105424562e-02
9.64646262152625e+01	9.99324566747580e-01,-2.41017015898010e-02
9.71355907516054e+01	9.99316457099467e-01,-2.42691452328101e-02
9.78112222153672e+01	9.99308234379274e-01,-2.44377494034323e-02
9.84915530675950e+01	9.99299897012348e-01,-2.46075220870055e-02
9.91766159951206e+01	9.99291443402163e-01,-2.47784713225911e-02
9.98664439121307e+01	9.99282871930012e-01,-2.49506052033092e-02
1.00561069961748e+02	9.99274180954705e-01,-2.51239318766759e-02
1.01260527517624e+02	9.99265368812257e-01,-2.52984595449421e-02
1.01964850185543e+02	9.99256433815574e-01,-2.54741964654335e-02
1.02674071805034e+02	9.99247374254130e-01,-2.56511509508923e-02
1.03388226451001e+02	9.99238188393649e-01,-2.58293313698206e-02
1.04107348435357e+02	9.99228874475773e-01,-2.60087461468252e-02
1.04831472308671e+02	9.99219430717730e-01,-2.61894037629633e-02
1.05560632861833e+02	9.99209855311997e-01,-2.63713127560909e-02
1.06294865127723e+02	9.99200146425961e-01,-2.65544817212116e-02
1.07034204382891e+02	9.99190302201567e-01,-2.67389193108274e-02
1.07778686149257e+02	9.99180320754973e-01,-2.69246342352909e-02
1.08528346195816e+02	9.99170200176191e-01,-2.71116352631586e-02
1.09283220540354e+02	9.99159938528724e-01,-2.72999312215464e-02
1.10043345451182e+02	9.99149533849206e-01,-2.74895309964855e-02
1.10808757448876e+02	9.99138984147028e-01,-2.76804435332810e-02
1.11579493308035e+02	9.99128287403962e-01,-2.78726778368703e-02
1.12355590059042e+02	9.99117441573780e-01,-2.80662429721848e-02
1.13137084989850e+02	9.99106444581872e-01,-2.82611480645109e-02
1.13924015647768e+02	9.99095294324848e-01,-2.84574022998544e-02
1.14716419841268e+02	9.99083988670148e-01,-2.86550149253046e-02
1.15514335641802e+02	9.99072525455637e-01,-2.88539952494006e-02
1.16317801385627e+02	9.99060902489196e-01,-2.90543526424992e-02
1.17126855675652e+02	9.99049117548314e-01,-2.92560965371430e-02
1.17941537383290e+02	9.99037168379664e-01,-2.94592364284306e-02
1.18761885650326e+02	9.99025052698682e-01,-2.96637818743884e-02
1.19587939890797e+02	9.99012768189137e-01,-2.98697424963425e-02
1.20419739792888e+02	9.99000312502694e-01,-3.00771279792929e-02
1.21257325320834e+02	9.98987683258472e-01,-3.02859480722885e-02
1.22100736716847e+02	9.98974878042599e-01,-3.04962125888032e-02
1.22950014503043e+02	9.98961894407755e-01,-3.07079314071133e-02
1.23805199483394e+02	9.98948729872713e-01,-3.09211144706762e-02
1.24666332745682e+02	9.98935381921874e-01,-3.11357717885099e-02
1.25533455663483e+02	9.98921848004796e-01,-3.13519134355738e-02
1.26406609898143e+02	9.98908125535709e-01,-3.15695495531507e-02
1.27285837400790e+02	9.98894211893037e-01,-3.17886903492295e-02
1.28171180414342e+02	9.98880104418902e-01,-3.20093460988896e-02
1.29062681475543e+02	9.98865800418625e-01,-3.22315271446852e-02
1.29960383417000e+02	9.98851297160226e-01,-3.24552438970319e-02
1.30864329369248e+02	9.98836591873905e-01,-3.26805068345931e-02
1.31774562762814e+02	9.98821681751526e-01,-3.29073265046681e-02
1.32691127330313e+02	9.98806563946094e-01,-3.31357135235809e-02
1.33614067108542e+02	9.98791235571219e-01,-3.33656785770694e-02
1.34543426440597e+02	9.98775693700573e-01,-3.35972324206762e-02
1.35479249978007e+02	9.98759935367350e-01,-3.38303858801393e-02
1.36421582682876e+02	9.98743957563704e-01,-3.40651498517848e-02
1.37370469830043e+02	9.98727757240191e-01,-3.43015353029189e-02
1.38325957009261e+02	9.98711331305197e-01,-3.45395532722215e-02
1.39288090127383e+02	9.98694676624363e-01,-3.47792148701403e-02
1.40256915410569e+02	9.98677790019997e-01,-3.50205312792856e-02
1.41232479406508e+02	9.98660668270482e-01,-3.52635137548252e-02
1.42214828986654e+02	9.98643308109676e-01,-3.55081736248801e-02
1.43204011348479e+02	9.98625706226300e-01,-3.57545222909212e-02
1.44200074017736e+02	9.98607859263326e-01,-3.60025712281658e-02
1.45203064850749e+02	9.98589763817344e-01,-3.62523319859743e-02
1.46213032036707e+02	9.98571416437938e-01,-3.65038161882484e-02
1.47230024099983e+02	9.98552813627032e-01,-3.67570355338283e-02
1.48254089902463e+02	9.98533951838251e-01,-3.70120017968909e-02
1.49285278645892e+02	9.98514827476252e-01,-3.72687268273481e-02
1.50323639874245e+02	9.98495436896060e-01,-3.75272225512456e-02
1.51369223476099e+02	9.98475776402392e-01,-3.77875009711606e-02
1.52422079687033e+02	9.98455842248966e-01,-3.80495741666011e-02
1.53482259092046e+02	9.98435630637810e-01,-3.83134542944043e-02
1.54549812627979e+02	9.98415137718556e-01,-3.85791535891352e-02
1.55624791585969e+02	9.98394359587723e-01,-3.88466843634848e-02
1.56707247613912e+02	9.98373292288000e-01,-3.91160590086686e-02
1.57797232718941e+02	9.98351931807506e-01,-3.93872899948248e-02
1.58894799269929e+02	9.98330274079051e-01,-3.96603898714116e-02
1.60000000000004e+02	9.98308314979383e-01,-3.99353712676050e-02
1.61112888009079e+02	9.98286050328423e-01,-4.02122468926954e-02
1.62233516766408e+02	9.98263475888497e-01,-4.04910295364845e-02
1.63361940113155e+02	9.98240587363547e-01,-4.07717320696806e-02
1.64498212264974e+02	9.98217380398342e-01,-4.10543674442947e-02
1.65642387814624e+02	9.98193850577674e-01,-4.13389486940341e-02
1.66794521734583e+02	9.98169993425540e-01,-4.16254889346971e-02
1.67954669379695e+02	9.98145804404322e-01,-4.19140013645649e-02
1.69122886489825e+02	9.98121278913948e-01,-4.22044992647948e-02
1.70299229192542e+02	9.98096412291043e-01,-4.24969959998099e-02
1.71483754005811e+02	9.98071199808077e-01,-4.27915050176898e-02
1.72676517840712e+02	9.98045636672491e-01,-4.30880398505589e-02
1.73877578004173e+02	9.98019718025816e-01,-4.33866141149738e-02
1.75086992201722e+02	9.97993438942783e-01,-4.36872415123094e-02
1.76304818540262e+02	9.97966794430417e-01,-4.39899358291432e-02
1.77531115530859e+02	9.97939779427125e-01,-4.42947109376385e-02
1.78765942091559e+02	9.97912388801762e-01,-4.46015807959257e-02
1.80009357550214e+02	9.97884617352695e-01,-4.49105594484818e-02
1.81261421647332e+02	9.97856459806853e-01,-4.52216610265081e-02
1.82522194538952e+02	9.97827910818757e-01,-4.55348997483062e-02
1.83791736799530e+02	9.97798964969547e-01,-4.58502899196512e-02
1.85070109424850e+02	9.97769616765990e-01,-4.61678459341639e-02
1.86357373834957e+02	9.97739860639478e-01,-4.64875822736792e-02
1.87653591877105e+02	9.97709690945013e-01,-4.68095135086140e-02
1.88958825828729e+02	9.97679101960178e-01,-4.71336542983303e-02
1.90273138400440e+02	9.97648087884094e-01,-4.74600193914981e-02
1.91596592739033e+02	9.97616642836363e-01,-4.77886236264533e-02
1.92929252430526e+02	9.97584760856003e-01,-4.81194819315545e-02
1.94271181503212e+02	9.97552435900362e-01,-4.84526093255355e-02
1.95622444430736e+02	9.97519661844020e-01,-4.87880209178555e-02
1.96983106135191e+02	9.97486432477679e-01,-4.91257319090457e-02
1.98353231990243e+02	9.97452741507039e-01,-4.94657575910522e-02
1.99732887824263e+02	9.97418582551656e-01,-4.98081133475759e-02
2.01122139923497e+02	9.97383949143789e-01,-5.01528146544083e-02
2.02521055035250e+02	9.97348834727230e-01,-5.04998770797638e-02
2.03929700371087e+02	9.97313232656118e-01,-5.08493162846073e-02
2.05348143610070e+02	9.97277136193743e-01,-5.12011480229786e-02
2.06776452902004e+02	9.97240538511330e-01,-5.15553881423117e-02
2.08214696870715e+02	9.97203432686809e-01,-5.19120525837499e-02
2.09662944617343e+02	9.97165811703566e-01,-5.22711573824567e-02
2.11121265723668e+02	9.97127668449188e-01,-5.26327186679209e-02
2.12589730255447e+02	9.97088995714178e-01,-5.29967526642575e-02
2.14068408765783e+02	9.97049786190667e-01,-5.33632756905035e-02
2.15557372298516e+02	9.97010032471101e-01,-5.37323041609078e-02
2.17056692391633e+02	9.96969727046917e-01,-5.41038545852156e-02
2.18566441080709e+02	9.96928862307194e-01,-5.44779435689481e-02
2.20086690902365e+02	9.96887430537299e-01,-5.48545878136748e-02
2.21617514897754e+02	9.96845423917506e-01,-5.52338041172808e-02
2.23158986616071e+02	9.96802834521601e-01,-5.56156093742272e-02
2.24711180118085e+02	9.96759654315475e-01,-5.60000205758055e-02
2.26274169979701e+02	9.96715875155685e-01,-5.63870548103847e-02
2.27848031295537e+02	9.96671488788016e-01,-5.67767292636519e-02
2.29432839682538e+02	9.96626486846008e-01,-5.71690612188456e-02
2.31028671283605e+02	9.96580860849478e-01,-5.75640680569814e-02
2.32635602771256e+02	9.96534602203010e-01,-5.79617672570705e-02
2.34253711351306e+02	9.96487702194443e-01,-5.83621763963300e-02
2.35883074766582e+02	9.96440151993326e-01,-5.87653131503853e-02
2.37523771300654e+02	9.96391942649360e-01,-5.91711952934642e-02
2.39175879781596e+02	9.96343065090818e-01,-5.95798406985821e-02
2.40839479585777e+02	9.96293510122954e-01,-5.99912673377187e-02
2.42514650641670e+02	9.96243268426378e-01,-6.04054932819856e-02
2.44201473433696e+02	9.96192330555424e-01,-6.08225367017844e-02
2.45900029006089e+02	9.96140686936495e-01,-6.12424158669550e-02
2.47610398966789e+02	9.96088327866380e-01,-6.16651491469141e-02
2.49332665491367e+02	9.96035243510561e-01,-6.20907550107839e-02
2.51066911326967e+02	9.95981423901493e-01,-6.25192520275100e-02
2.52813219796288e+02	9.95926858936868e-01,-6.29506588659679e-02
2.54571674801581e+02	9.95871538377850e-01,-6.33849942950597e-02
2.56342360828686e+02	9.95815451847302e-01,-6.38222771837981e-02
2.58125362951087e+02	9.95758588827973e-01,-6.42625265013800e-02
2.59920766834002e+02	9.95700938660683e-01,-6.47057613172464e-02
2.61728658738497e+02	9.95642490542473e-01,-6.51520008011319e-02
2.63549125525631e+02	9.95583233524736e-01,-6.56012642230999e-02
2.65382254660629e+02	9.95523156511329e-01,-6.60535709535654e-02
2.67228134217086e+02	9.95462248256661e-01,-6.65089404633047e-02
2.69086852881196e+02	9.95400497363753e-01,-6.69673923234505e-02
2.70958499956016e+02	9.95337892282286e-01,-6.74289462054743e-02
2.72843165365754e+02	9.95274421306614e-01,-6.78936218811524e-02
2.74740939660089e+02	9.95210072573763e-01,-6.83614392225191e-02
2.76651914018525e+02	9.95144834061402e-01,-6.88324182018031e-02
2.78576180254768e+02	9.95078693585790e-01,-6.93065788913490e-02
2.80513830821139e+02	9.95011638799701e-01,-6.97839414635226e-02
2.82464958813018e+02	9.94943657190326e-01,-7.02645261906000e-02
2.84429657973310e+02	9.94874736077144e-01,-7.07483534446393e-02
2.86408022696959e+02	9.94804862609781e-01,-7.12354436973357e-02
2.88400148035474e+02	9.94734023765828e-01,-7.17258175198582e-02
2.90406129701500e+02	9.94662206348650e-01,-7.22194955826688e-02
2.92426064073417e+02	9.94589396985156e-01,-7.27164986553228e-02
2.94460048199969e+02	9.94515582123556e-01,-7.32168476062494e-02
2.96508179804927e+02	9.94440748031084e-01,-7.37205634025143e-02
2.98570557291787e+02	9.94364880791697e-01,-7.42276671095608e-02
3.00647279748492e+02	9.94287966303753e-01,-7.47381798909311e-02
3.02738446952199e+02	9.94209990277652e-01,-7.52521230079665e-02
3.04844159374069e+02	9.94130938233467e-01,-7.57695178194861e-02
3.06964518184094e+02	9.94050795498529e-01,-7.62903857814434e-02
3.09099625255960e+02	9.93969547205003e-01,-7.68147484465605e-02
3.11249583171940e+02	9.93887178287428e-01,-7.73426274639391e-02
3.13414495227826e+02	9.93803673480228e-01,-7.78740445786480e-02
3.15594465437884e+02	9.93719017315203e-01,-7.84090216312864e-02
3.17789598539861e+02	9.93633194118987e-01,-7.89475805575220e-02
3.20000000000009e+02	9.93546188010480e-01,-7.94897433876046e-02
3.22225776018160e+02	9.93457982898256e-01,-8.00355322458536e-02
3.24467033532819e+02	9.93368562477932e-01,-8.05849693501179e-02
3.26723880226312e+02	9.93277910229524e-01,-8.11380770112105e-02
3.28996424529951e+02	9.93186009414763e-01,-8.16948776323138e-02
3.31284775629251e+02	9.93092843074387e-01,-8.22553937083572e-02
3.33589043469169e+02	9.92998394025404e-01,-8.28196478253662e-02
3.35909338759392e+02	9.92902644858328e-01,-8.33876626597803e-02
3.38245772979652e+02	9.92805577934381e-01,-8.39594609777424e-02
3.40598458385085e+02	9.92707175382671e-01,-8.45350656343557e-02
3.42967508011624e+02	9.92607419097342e-01,-8.51144995729100e-02
3.45353035681427e+02	9.92506290734683e-01,-8.56977858240745e-02
3.47755156008349e+02	9.92403771710228e-01,-8.62849475050585e-02
3.50173984403447e+02	9.92299843195804e-01,-8.68760078187374e-02
3.52609637080526e+02	9.92194486116565e-01,-8.74709900527450e-02
3.55062231061721e+02	9.92087681147991e-01,-8.80699175785294e-02
3.57531884183121e+02	9.91979408712857e-01,-8.86728138503735e-02
3.60018715100430e+02	9.91869648978169e-01,-8.92797024043783e-02
3.62522843294667e+02	9.91758381852077e-01,-8.98906068574088e-02
3.65044389077907e+02	9.91645586980752e-01,-9.05055509060008e-02
3.67583473599063e+02	9.91531243745233e-01,-9.11245583252289e-02
3.70140218849704e+02	9.91415331258246e-01,-9.17476529675339e-02
3.72714747669917e+02	9.91297828360994e-01,-9.23748587615099e-02
3.75307183754213e+02	9.91178713619908e-01,-9.30061997106483e-02
3.77917651657462e+02	9.91057965323380e-01,-9.36416998920403e-02
3.80546276800883e+02	9.90935561478454e-01,-9.42813834550348e-02
3.83193185478069e+02	9.90811479807495e-01,-9.49252746198521e-02
3.85858504861056e+02	9.90685697744818e-01,-9.55733976761521e-02
3.88542363006427e+02	9.90558192433300e-01,-9.62257769815558e-02
3.91244888861474e+02	9.90428940720945e-01,-9.68824369601198e-02
3.93966212270386e+02	9.90297919157431e-01,-9.75434021007620e-02
3.96706463980488e+02	9.90165103990621e-01,-9.82086969556382e-02
3.99465775648529e+02	9.90030471163045e-01,-9.88783461384682e-02
4.02244279846998e+02	9.89893996308348e-01,-9.95523743228103e-02
4.05042110070503e+02	9.89755654747712e-01,-1.00230806240284e-01
4.07859400742177e+02	9.89615421486248e-01,-1.00913666678739e-01
4.10696287220143e+02	9.89473271209351e-01,-1.01600980480369e-01
4.13552905804011e+02	9.89329178279030e-01,-1.02292772539769e-01
4.16429393741432e+02	9.89183116730211e-01,-1.02989067801940e-01
4.19325889234690e+02	9.89035060266999e-01,-1.03689891260233e-01
4.22242531447340e+02	9.88884982258922e-01,-1.04395267954229e-01
4.25179460510898e+02	9.88732855737139e-01,-1.05105222967570e-01
4.28136817531570e+02	9.88578653390620e-01,-1.05819781425720e-01
4.31114744597035e+02	9.88422347562292e-01,-1.06538968493666e-01
4.34113384783269e+02	9.88263910245167e-01,-1.07262809373555e-01
4.37132882161421e+02	9.88103313078427e-01,-1.07991329302267e-01
4.40173381804733e+02	9.87940527343493e-01,-1.08724553548922e-01
4.43235029795511e+02	9.87775523960055e-01,-1.09462507412317e-01
4.46317973232145e+02	9.87608273482081e-01,-1.10205216218297e-01
4.49422360236174e+02	9.87438746093795e-01,-1.10952705317056e-01
4.52548339959406e+02	9.87266911605630e-01,-1.11705000080366e-01
4.55696062591078e+02	9.87092739450146e-01,-1.12462125898728e-01
4.58865679365080e+02	9.86916198677934e-01,-1.13224108178463e-01
4.62057342567214e+02	9.86737257953480e-01,-1.13990972338711e-01
4.65271205542515e+02	9.86555885551015e-01,-1.14762743808367e-01
4.68507422702616e+02	9.86372049350327e-01,-1.15539448022928e-01
4.71766149533168e+02	9.86185716832560e-01,-1.16321110421267e-01
4.75047542601312e+02	9.85996855075980e-01,-1.17107756442328e-01
4.78351759563197e+02	9.85805430751718e-01,-1.17899411521729e-01
4.81678959171558e+02	9.85611410119494e-01,-1.18696101088292e-01
4.85029301283344e+02	9.85414759023309e-01,-1.19497850560479e-01
4.88402946867396e+02	9.85215442887128e-01,-1.20304685342748e-01
4.91800058012181e+02	9.85013426710523e-01,-1.21116630821813e-01
4.95220797933582e+02	9.84808675064312e-01,-1.21933712362824e-01
4.98665330982737e+02	9.84601152086168e-01,-1.22755955305444e-01
5.02133822653938e+02	9.84390821476208e-01,-1.23583384959843e-01
5.05626439592579e+02	9.84177646492566e-01,-1.24416026602590e-01
5.09143349603166e+02	9.83961589946948e-01,-1.25253905472451e-01
5.12684721657376e+02	9.83742614200167e-01,-1.26097046766094e-01
5.16250725902179e+02	9.83520681157659e-01,-1.26945475633683e-01
5.19841533668009e+02	9.83295752264993e-01,-1.27799217174384e-01
5.23457317476998e+02	9.83067788503353e-01,-1.28658296431759e-01
5.27098251051265e+02	9.82836750385014e-01,-1.29522738389054e-01
5.30764509321261e+02	9.82602597948806e-01,-1.30392567964394e-01
5.34456268434175e+02	9.82365290755561e-01,-1.31267810005848e-01
5.38173705762396e+02	9.82124787883551e-01,-1.32148489286408e-01
5.41916999912037e+02	9.81881047923920e-01,-1.33034630498837e-01
5.45686330731512e+02	9.81634028976100e-01,-1.33926258250416e-01
5.49481879320182e+02	9.81383688643227e-01,-1.34823397057567e-01
5.53303828037053e+02	9.81129984027547e-01,-1.35726071340368e-01
5.57152360509539e+02	9.80872871725817e-01,-1.36634305416940e-01
5.61027661642283e+02	9.80612307824705e-01,-1.37548123497719e-01
5.64929917626039e+02	9.80348247896183e-01,-1.38467549679607e-01
5.68859315946625e+02	9.80080646992928e-01,-1.39392607939991e-01
5.72816045393923e+02	9.79809459643713e-01,-1.40323322130644e-01
5.76800296070952e+02	9.79534639848809e-01,-1.41259715971494e-01
5.80812259403004e+02	9.79256141075387e-01,-1.42201813044259e-01
5.84852128146837e+02	9.78973916252929e-01,-1.43149636785962e-01
5.88920096399941e+02	9.78687917768638e-01,-1.44103210482300e-01
5.93016359609859e+02	9.78398097462869e-01,-1.45062557260880e-01
5.97141114583579e+02	9.78104406624563e-01,-1.46027700084324e-01
6.01294559496990e+02	9.77806795986694e-01,-1.46998661743227e-01
6.05476893904404e+02	9.77505215721736e-01,-1.47975464848975e-01
6.09688318748142e+02	9.77199615437142e-01,-1.48958131826424e-01
6.13929036368192e+02	9.76889944170839e-01,-1.49946684906426e-01
6.18199250511924e+02	9.76576150386757e-01,-1.50941146118215e-01
6.22499166343886e+02	9.76258181970366e-01,-1.51941537281638e-01
6.26828990455656e+02	9.75935986224246e-01,-1.52947879999237e-01
6.31188930875773e+02	9.75609509863686e-01,-1.53960195648182e-01
6.35579197079727e+02	9.75278699012308e-01,-1.54978505372039e-01
6.40000000000024e+02	9.74943499197731e-01,-1.56002830072389e-01
6.44451552036324e+02	9.74603855347261e-01,-1.57033190400284e-01
6.48934067065643e+02	9.74259711783628e-01,-1.58069606747547e-01
6.53447760452628e+02	9.73911012220756e-01,-1.59112099237899e-01
6.57992849059907e+02	9.73557699759584e-01,-1.60160687717933e-01
6.62569551258507e+02	9.73199716883925e-01,-1.61215391747910e-01
6.67178086938343e+02	9.72837005456382e-01,-1.62276230592398e-01
6.71818677518788e+02	9.72469506714308e-01,-1.63343223210728e-01
6.76491545959309e+02	9.72097161265830e-01,-1.64416388247285e-01
6.81196916770176e+02	9.71719909085925e-01,-1.65495744021626e-01
6.85935016023254e+02	9.71337689512561e-01,-1.66581308518413e-01
6.90706071362860e+02	9.70950441242901e-01,-1.67673099377180e-01
6.95510312016704e+02	9.70558102329575e-01,-1.68771133881906e-01
7.00347968806900e+02	9.70160610177031e-01,-1.69875428950422e-01
7.05219274161058e+02	9.69757901537952e-01,-1.70986001123620e-01
7.10124462123448e+02	9.69349912509756e-01,-1.72102866554483e-01
7.15063768366248e+02	9.68936578531184e-01,-1.73226040996935e-01
7.20037430200866e+02	9.68517834378969e-01,-1.74355539794486e-01
7.25045686589339e+02	9.68093614164595e-01,-1.75491377868702e-01
7.30088778155819e+02	9.67663851331161e-01,-1.76633569707479e-01
7.35166947198131e+02	9.67228478650334e-01,-1.77782129353114e-01
7.40280437699413e+02	9.66787428219411e-01,-1.78937070390197e-01
7.45429495339841e+02	9.66340631458485e-01,-1.80098405933293e-01
7.50614367508432e+02	9.65888019107730e-01,-1.81266148614435e-01
7.55835303314929e+02	9.65429521224799e-01,-1.82440310570409e-01
7.61092553601771e+02	9.64965067182342e-01,-1.83620903429852e-01
7.66386370956144e+02	9.64494585665658e-01,-1.84807938300129e-01
7.71717009722117e+02	9.64018004670468e-01,-1.86001425754027e-01
7.77084726012860e+02	9.63535251500837e-01,-1.87201375816228e-01
7.82489777722954e+02	9.63046252767226e-01,-1.88407797949588e-01
7.87932424540777e+02	9.62550934384704e-01,-1.89620701041204e-01
7.93412927960983e+02	9.62049221571294e-01,-1.90840093388274e-01
7.98931551297063e+02	9.61541038846499e-01,-1.92065982683750e-01
8.04488559694002e+02	9.61026310029975e-01,-1.93298376001784e-01
8.10084220141011e+02	9.60504958240381e-01,-1.94537279782958e-01
8.15718801484360e+02	9.59976905894398e-01,-1.95782699819309e-01
8.21392574440291e+02	9.59442074705937e-01,-1.97034641239144e-01
8.27105811608028e+02	9.58900385685528e-01,-1.98293108491635e-01
8.32858787482871e+02	9.58351759139903e-01,-1.99558105331215e-01
8.38651778469386e+02	9.57796114671780e-01,-2.00829634801752e-01
8.44485062894686e+02	9.57233371179849e-01,-2.02107699220513e-01
8.50358921021801e+02	9.56663446858980e-01,-2.03392300161921e-01
8.56273635063146e+02	9.56086259200634e-01,-2.04683438441094e-01
8.62229489194076e+02	9.55501724993514e-01,-2.05981114097171e-01
8.68226769566545e+02	9.54909760324445e-01,-2.07285326376436e-01
8.74265764322848e+02	9.54310280579482e-01,-2.08596073715220e-01
8.80346763609472e+02	9.53703200445284e-01,-2.09913353722601e-01
8.86470059591028e+02	9.53088433910725e-01,-2.11237163162887e-01
8.92635946464296e+02	9.52465894268774e-01,-2.12567497937896e-01
8.98844720472355e+02	9.51835494118642e-01,-2.13904353069026e-01
9.05096679918818e+02	9.51197145368204e-01,-2.15247722679119e-01
9.11392125182163e+02	9.50550759236703e-01,-2.16597599974119e-01
9.17731358730167e+02	9.49896246257752e-01,-2.17953977224527e-01
9.24114685134435e+02	9.49233516282622e-01,-2.19316845746654e-01
9.30542411085037e+02	9.48562478483854e-01,-2.20686195883675e-01
9.37014845405239e+02	9.47883041359171e-01,-2.22062016986482e-01
9.43532299066344e+02	9.47195112735723e-01,-2.23444297394346e-01
9.50095085202631e+02	9.46498599774656e-01,-2.24833024415381e-01
9.56703519126400e+02	9.45793408976028e-01,-2.26228184306819e-01
9.63357918343123e+02	9.45079446183752e-01,-2.27629762254941e-01
9.70058602566695e+02	9.44356616592483e-01,-2.29037742355619e-01
9.76805893734798e+02	9.43624824751695e-01,-2.30452107593074e-01
9.83600116024369e+02	9.42883974573311e-01,-2.31872839820067e-01
9.90441595867171e+02	9.42133969338127e-01,-2.33299919737102e-01
9.97330661965481e+02	9.41374711702940e-01,-2.34733326871630e-01
1.00426764530788e+03	9.40606103708084e-01,-2.36173039557083e-01
1.01125287918517e+03	9.39828046785375e-01,-2.37619034911747e-01
1.01828669920634e+03	9.39040441766469e-01,-2.39071288817476e-01
1.02536944331476e+03	9.38243188891655e-01,-2.40529775898261e-01
1.03250145180437e+03	9.37436187819083e-01,-2.41994469498646e-01
1.03968306733603e+03	9.36619337634438e-01,-2.43465341662006e-01
1.04691463495400e+03	9.35792536861067e-01,-2.44942363108693e-01
1.05419650210254e+03	9.34955683470582e-01,-2.46425503214050e-01
1.06152901864253e+03	9.34108674893922e-01,-2.47914729986303e-01
1.06891253686836e+03	9.33251408032915e-01,-2.49410010044340e-01
1.07634741152480e+03	9.32383779272322e-01,-2.50911308595380e-01
1.08383399982408e+03	9.31505684492391e-01,-2.52418589412543e-01
1.09137266146303e+03	9.30617019081918e-01,-2.53931814812325e-01
1.09896375864037e+03	9.29717677951837e-01,-2.55450945631986e-01
1.10660765607411e+03	9.28807555549335e-01,-2.56975941206870e-01
1.11430472101909e+03	9.27886545872513e-01,-2.58506759347649e-01
1.12205532328457e+03	9.26954542485593e-01,-2.60043356317507e-01
1.12985983525209e+03	9.26011438534689e-01,-2.61585686809287e-01
1.13771863189326e+03	9.25057126764147e-01,-2.63133703922580e-01
1.14563209078785e+03	9.24091499533456e-01,-2.64687359140805e-01
1.15360059214191e+03	9.23114448834761e-01,-2.66246602308254e-01
1.16162451880602e+03	9.22125866310960e-01,-2.67811381607140e-01
1.16970425629368e+03	9.21125643274413e-01,-2.69381643534639e-01
1.17784019279989e+03	9.20113670726265e-01,-2.70957332879963e-01
1.18603271921973e+03	9.19089839376395e-01,-2.72538392701441e-01
1.19428222916717e+03	9.18054039663995e-01,-2.74124764303656e-01
1.20258911899399e+03	9.17006161778791e-01,-2.75716387214628e-01
1.21095378780882e+03	9.15946095682916e-01,-2.77313199163064e-01
1.21937663749629e+03	9.14873731133438e-01,-2.78915136055693e-01
1.22785807273639e+03	9.13788957705559e-01,-2.80522131954687e-01
1.23639850102386e+03	9.12691664816484e-01,-2.82134119055200e-01
1.24499833268778e+03	9.11581741749696e-01,-2.83751027662831e-01
1.25365798091132e+03	9.10459077681321e-01,-2.85372786172204e-01
1.26237786175155e+03	9.09323561704383e-01,-2.86999321043754e-01
1.27115839415946e+03	9.08175082856574e-01,-2.88630556782635e-01
1.28000000000006e+03	9.07013530147329e-01,-2.90266415916838e-01
1.28890310407266e+03	9.05838792585901e-01,-2.91906818975720e-01
1.29786813413129e+03	9.04650759210161e-01,-2.93551684468744e-01
1.30689552090527e+03	9.03449319116122e-01,-2.95200928864475e-01
1.31598569811982e+03	9.02234361488212e-01,-2.96854466569822e-01
1.32513910251702e+03	9.01005775630270e-01,-2.98512209909577e-01
1.33435617387669e+03	8.99763450997307e-01,-3.00174069106234e-01
1.34363735503759e+03	8.98507277228004e-01,-3.01839952260146e-01
1.35298309191863e+03	8.97237144177970e-01,-3.03509765330007e-01
1.36239383354036e+03	8.95952941953761e-01,-3.05183412113701e-01
1.37187003204652e+03	8.94654560947655e-01,-3.06860794229533e-01
1.38141214272573e+03	8.93341891873198e-01,-3.08541811097861e-01
1.39102062403342e+03	8.92014825801513e-01,-3.10226359923154e-01
1.40069593761381e+03	8.90673254198378e-01,-3.11914335676499e-01
1.41043854832213e+03	8.89317068962080e-01,-3.13605631078575e-01
1.42024892424691e+03	8.87946162462034e-01,-3.15300136583128e-01
1.43012753673251e+03	8.86560427578172e-01,-3.16997740360955e-01
1.44007486040174e+03	8.85159757741115e-01,-3.18698328284437e-01
1.45009137317869e+03	8.83744046973098e-01,-3.20401783912634e-01
1.46017755631165e+03	8.82313189929682e-01,-3.22107988476973e-01
1.47033389439627e+03	8.80867081942213e-01,-3.23816820867556e-01
1.48056087539884e+03	8.79405619061066e-01,-3.25528157620098e-01
1.49085899067969e+03	8.77928698099627e-01,-3.27241872903549e-01
1.50122873501687e+03	8.76436216679050e-01,-3.28957838508396e-01
1.51167060662987e+03	8.74928073273751e-01,-3.30675923835694e-01
1.52218510720355e+03	8.73404167257657e-01,-3.32395995886842e-01
1.53277274191230e+03	8.71864398951183e-01,-3.34117919254132e-01
1.54343401944424e+03	8.70308669668950e-01,-3.35841556112101e-01
1.55416945202573e+03	8.68736881768218e-01,-3.37566766209711e-01
1.56497955544592e+03	8.67148938698040e-01,-3.39293406863390e-01
1.57586484908157e+03	8.65544745049113e-01,-3.41021332950951e-01
1.58682585592198e+03	8.63924206604328e-01,-3.42750396906433e-01
1.59786310259414e+03	8.62287230389995e-01,-3.44480448715872e-01
1.60897711938801e+03	8.60633724727742e-01,-3.46211335914057e-01
1.62016844028203e+03	8.58963599287073e-01,-3.47942903582268e-01
1.63143760296873e+03	8.57276765138552e-01,-3.49674994347054e-01
1.64278514888059e+03	8.55573134807628e-01,-3.51407448380058e-01
1.65421162321607e+03	8.53852622329065e-01,-3.53140103398933e-01
1.66571757496575e+03	8.52115143301952e-01,-3.54872794669365e-01
1.67730355693878e+03	8.50360614945193e-01,-3.56605355008127e-01
1.68897012578938e+03	8.48588956154092e-01,-3.58337614787869e-01
1.70071784204361e+03	8.46800087556360e-01,-3.60069401941974e-01
1.71254727012630e+03	8.44993931569753e-01,-3.61800541971775e-01
1.72445897838816e+03	8.43170412459632e-01,-3.63530857954453e-01
1.73645353913310e+03	8.41329456397107e-01,-3.65260170552341e-01
1.74853152864571e+03	8.39470991517608e-01,-3.66988298023530e-01
1.76069352721896e+03	8.37594947979883e-01,-3.68715056233816e-01
1.77294011918207e+03	8.35701258025370e-01,-3.70440258670014e-01
1.78527189292860e+03	8.33789856037930e-01,-3.72163716454656e-01
1.79768944094472e+03	8.31860678603907e-01,-3.73885238362110e-01
1.81019335983765e+03	8.29913664572484e-01,-3.75604630836145e-01
1.82278425036434e+03	8.27948755116304e-01,-3.77321698008957e-01
1.83546271746035e+03	8.25965893792321e-01,-3.79036241721694e-01
1.84822937026888e+03	8.23965026602649e-01,-3.80748061546259e-01
1.86108482217009e+03	8.21946102056573e-01,-3.82456954809829e-01
1.87402969081049e+03	8.19909071230682e-01,-3.84162716618588e-01
1.88706459813270e+03	8.17853887831090e-01,-3.85865139885391e-01
1.90019017040527e+03	8.15780508254712e-01,-3.87564015357867e-01
1.91340703825281e+03	8.13688891650741e-01,-3.89259131648372e-01
1.92671583668626e+03	8.11578999982088e-01,-3.90950275265595e-01
1.94011720513340e+03	8.09450798086764e-01,-3.92637230647832e-01
1.95361178746961e+03	8.07304253739121e-01,-3.94319780197930e-01
1.96720023204875e+03	8.05139337710945e-01,-3.95997704319940e-01
1.98088319173436e+03	8.02956023832341e-01,-3.97670781457480e-01
1.99466132393098e+03	8.00754289052351e-01,-3.99338788133822e-01
2.00853529061578e+03	7.98534113499279e-01,-4.01001498993729e-01
2.02250575837034e+03	7.96295480540664e-01,-4.02658686847033e-01
2.03657339841269e+03	7.94038376842847e-01,-4.04310122713989e-01
2.05073888662953e+03	7.91762792430087e-01,-4.05955575872391e-01
2.06500290360874e+03	7.89468720743182e-01,-4.07594813906475e-01
2.07936613467207e+03	7.87156158697523e-01,-4.09227602757602e-01
2.09382926990802e+03	7.84825106740547e-01,-4.10853706776743e-01
2.10839300420509e+03	7.82475568908523e-01,-4.12472888778744e-01
2.12305803728508e+03	7.80107552882626e-01,-4.14084910098401e-01
2.13782507373673e+03	7.77721070044234e-01,-4.15689530648322e-01
2.15269482304962e+03	7.75316135529393e-01,-4.17286508978592e-01
2.16766799964818e+03	7.72892768282329e-01,-4.18875602338093e-01
2.18274532292608e+03	7.70450991108398e-01,-4.20456566738238e-01
2.19792751728076e+03	7.67990830725254e-01,-4.22029157017251e-01
2.21321531214825e+03	7.65512317813744e-01,-4.23593126907441e-01
2.22860944203819e+03	7.63015487067294e-01,-4.25148229103626e-01
2.24411064656916e+03	7.60500377240194e-01,-4.26694215333425e-01
2.25971967050419e+03	7.57967031194648e-01,-4.28230836429280e-01
2.27543726378653e+03	7.55415495946529e-01,-4.29757842402193e-01
2.29126418157573e+03	7.52845822709776e-01,-4.31274982517165e-01
2.30720118428384e+03	7.50258066939383e-01,-4.32782005370300e-01
2.32324903761205e+03	7.47652288372903e-01,-4.34278658967570e-01
2.33940851258738e+03	7.45028551070430e-01,-4.35764690805202e-01
2.35568038559980e+03	7.42386923452980e-01,-4.37239847951667e-01
2.37206543843947e+03	7.39727478339216e-01,-4.38703877131238e-01
2.38856445833435e+03	7.37050292980475e-01,-4.40156524809087e-01
2.40517823798799e+03	7.34355449094007e-01,-4.41597537277888e-01
2.42190757561765e+03	7.31643032894404e-01,-4.43026660745883e-01
2.43875327499260e+03	7.28913135123003e-01,-4.44443641426145e-01
2.45571614547280e+03	7.26165851075987e-01,-4.45848225628436e-01
2.47279700204773e+03	7.23401280629219e-01,-4.47240159849988e-01
2.48999666537558e+03	7.20619528262291e-01,-4.48619190870011e-01
2.50731596182266e+03	7.17820703079835e-01,-4.49985065844245e-01
2.52475572350313e+03	7.15004918830788e-01,-4.51337532400957e-01
2.54231678831894e+03	7.12172293925463e-01,-4.52676338738094e-01
2.56000000000013e+03	7.09322951450283e-01,-4.54001233721412e-01
2.57780620814533e+03	7.06457019180491e-01,-4.55311966984254e-01
2.59573626826261e+03	7.03574629589937e-01,-4.56608289027105e-01
2.61379104181055e+03	7.00675919859017e-01,-4.57889951319281e-01
2.63197139623967e+03	6.97761031879875e-01,-4.59156706400873e-01
2.65027820503406e+03	6.94830112259172e-01,-4.60408307985619e-01
2.66871234775341e+03	6.91883312318310e-01,-4.61644511064496e-01
2.68727471007519e+03	6.88920788091078e-01,-4.62865072009988e-01
2.70596618383727e+03	6.85942700318687e-01,-4.64069748680937e-01
2.72478766708074e+03	6.82949214442146e-01,-4.65258300527924e-01
2.74374006409305e+03	6.79940500591960e-01,-4.66430488699094e-01
2.76282428545148e+03	6.76916733575103e-01,-4.67586076146352e-01
2.78204124806685e+03	6.73878092859158e-01,-4.68724827731621e-01
2.80139187522764e+03	6.70824762554133e-01,-4.69846510334501e-01
2.82087709664427e+03	6.67756931390580e-01,-4.70950892957689e-01
2.84049784849383e+03	6.64674792695791e-01,-4.72037746834833e-01
2.86025507346503e+03	6.61578544366710e-01,-4.73106845537161e-01
2.88014972080350e+03	6.58468388840072e-01,-4.74157965080251e-01
2.90018274635740e+03	6.55344533059601e-01,-4.75190884030350e-01
2.92035511262332e+03	6.52207188440707e-01,-4.76205383611596e-01
2.94066778879257e+03	6.49056570831527e-01,-4.77201247810515e-01
2.96112175079769e+03	6.45892900471841e-01,-4.78178263482409e-01
2.98171798135941e+03	6.42716401948706e-01,-4.79136220456021e-01
3.00245747003377e+03	6.39527304149265e-01,-4.80074911637793e-01
3.02334121325976e+03	6.36325840210676e-01,-4.80994133115400e-01
3.04437021440713e+03	6.33112247467138e-01,-4.81893684260466e-01
3.06554548382462e+03	6.29886767394056e-01,-4.82773367830364e-01
3.08686803888851e+03	6.26649645549335e-01,-4.83632990069025e-01
3.10833890405149e+03	6.23401131511801e-01,-4.84472360806533e-01
3.12995911089186e+03	6.20141478816939e-01,-4.85291293558111e-01
3.15172969816316e+03	6.16870944889537e-01,-4.86089605620694e-01
3.17365171184398e+03	6.13589790973847e-01,-4.86867118169280e-01
3.19572620518830e+03	6.10298282060790e-01,-4.87623656351030e-01
3.21795423877605e+03	6.06996686812742e-01,-4.88359049379057e-01
3.24033688056409e+03	6.03685277485119e-01,-4.89073130622351e-01
3.26287520593749e+03	6.00364329845837e-01,-4.89765737696219e-01
3.28557029776121e+03	5.97034123091917e-01,-4.90436712549798e-01
3.30842324643216e+03	5.93694939763585e-01,-4.91085901551904e-01
3.33143514993153e+03	5.90347065655872e-01,-4.91713155574897e-01
3.35460711387759e+03	5.86990789727757e-01,-4.92318330076499e-01
3.37794025157879e+03	5.83626404008912e-01,-4.92901285179453e-01
3.40143568408726e+03	5.80254203504090e-01,-4.93461885748871e-01
3.42509454025263e+03	5.76874486095325e-01,-4.94000001467806e-01
3.44891795677636e+03	5.73487552441738e-01,-4.94515506909379e-01
3.47290707826623e+03	5.70093705877367e-01,-4.95008281607530e-01
3.49706305729145e+03	5.66693252306809e-01,-4.95478210124498e-01
3.52138705443794e+03	5.63286500099010e-01,-4.95925182116868e-01
3.54588023836416e+03	5.59873759978840e-01,-4.96349092396849e-01
3.57054378585724e+03	5.56455344917100e-01,-4.96749840992937e-01
3.59537888188947e+03	5.53031570018610e-01,-4.97127333206731e-01
3.62038671967532e+03	5.49602752408637e-01,-4.97481479667117e-01
3.64556850072871e+03	5.46169211117712e-01,-4.97812196381542e-01
3.67092543492072e+03	5.42731266964924e-01,-4.98119404784225e-01
3.69645874053780e+03	5.39289242439819e-01,-4.98403031781870e-01
3.72216964434020e+03	5.35843461582873e-01,-4.98663009795293e-01
3.74805938162101e+03	5.32394249864802e-01,-4.98899276798774e-01
3.77412919626543e+03	5.28941934064725e-01,-4.99111776356742e-01
3.80038034081058e+03	5.25486842147154e-01,-4.99300457655377e-01
3.82681407650566e+03	5.22029303138160e-01,-4.99465275532999e-01
3.85343167337255e+03	5.18569647000608e-01,-4.99606190506191e-01
3.88023441026684e+03	5.15108204508643e-01,-4.99723168792855e-01
3.90722357493925e+03	5.11645307121515e-01,-4.99816182331850e-01
3.93440046409753e+03	5.08181286856861e-01,-4.99885208799791e-01
3.96176638346874e+03	5.04716476163503e-01,-4.99930231623542e-01
3.98932264786198e+03	5.01251207793920e-01,-4.99951239990300e-01
4.01707058123159e+03	4.97785814676464e-01,-4.99948228853842e-01
4.04501151674072e+03	4.94320629787430e-01,-4.99921198937475e-01
4.07314679682541e+03	4.90855986023092e-01,-4.99870156733433e-01
4.10147777325910e+03	4.87392216071786e-01,-4.99795114499809e-01
4.13000580721752e+03	4.83929652286205e-01,-4.99696090252080e-01
4.15873226934416e+03	4.80468626555905e-01,-4.99573107754032e-01
4.18765853981608e+03	4.77009470180258e-01,-4.99426196502569e-01
4.21678600841022e+03	4.73552513741834e-01,-4.99255391711194e-01
4.24611607457018e+03	4.70098086980387e-01,-4.99060734289260e-01
4.27565014747350e+03	4.66646518667533e-01,-4.98842270818000e-01
4.30538964609927e+03	4.63198136482179e-01,-4.98600053523739e-01
4.33533599929639e+03	4.59753266886899e-01,-4.98334140246966e-01
4.36549064585219e+03	4.56312235005245e-01,-4.98044594408997e-01
4.39585503456155e+03	4.52875364500129e-01,-4.97731484975444e-01
4.42643062429652e+03	4.49442977453449e-01,-4.97394886415784e-01
4.45721888407641e+03	4.46015394246920e-01,-4.97034878660682e-01
4.48822129313836e+03	4.42592933444311e-01,-4.96651547055682e-01
4.51943934100841e+03	4.39175911675048e-01,-4.96244982312807e-01
4.55087452757310e+03	4.35764643519537e-01,-4.95815280457552e-01
4.58252836315148e+03	4.32359441395953e-01,-4.95362542774489e-01
4.61440236856772e+03	4.28960615448730e-01,-4.94886875750014e-01
4.64649807522413e+03	4.25568473439038e-01,-4.94388391010865e-01
4.67881702517480e+03	4.22183320636919e-01,-4.93867205261557e-01
4.71136077119964e+03	4.18805459715510e-01,-4.93323440218200e-01
4.74413087687898e+03	4.15435190647142e-01,-4.92757222540687e-01
4.77712891666873e+03	4.12072810601780e-01,-4.92168683760817e-01
4.81035647597602e+03	4.08718613847392e-01,-4.91557960209543e-01
4.84381515123534e+03	4.05372891652661e-01,-4.90925192941086e-01
4.87750654998525e+03	4.02035932191973e-01,-4.90270527654928e-01
4.91143229094564e+03	3.98708020452791e-01,-4.89594114615443e-01
4.94559400409550e+03	3.95389438145288e-01,-4.88896108570160e-01
4.97999333075120e+03	3.92080463614746e-01,-4.88176668664501e-01
5.01463192364536e+03	3.88781371756208e-01,-4.87435958355900e-01
5.04951144700630e+03	3.85492433931682e-01,-4.86674145326030e-01
5.08463357663793e+03	3.82213917890278e-01,-4.85891401389817e-01
5.12000000000031e+03	3.78946087690511e-01,-4.85087902404894e-01
5.15561241629071e+03	3.75689203625788e-01,-4.84263828177320e-01
5.19147253652526e+03	3.72443522152268e-01,-4.83419362367270e-01
5.22758208362114e+03	3.69209295819561e-01,-4.82554692392913e-01
5.26394279247938e+03	3.65986773204371e-01,-4.81670009332361e-01
5.30055641006817e+03	3.62776198846682e-01,-4.80765507825369e-01
5.33742469550686e+03	3.59577813189044e-01,-4.79841385972873e-01
5.37454942015043e+03	3.56391852518557e-01,-4.78897845236064e-01
5.41193236767459e+03	3.53218548911609e-01,-4.77935090334799e-01
5.44957533416153e+03	3.50058130181904e-01,-4.76953329143767e-01
5.48748012818615e+03	3.46910819830799e-01,-4.75952772589794e-01
5.52564857090300e+03	3.43776837001118e-01,-4.74933634546521e-01
5.56408249613375e+03	3.40656396433468e-01,-4.73896131729745e-01
5.60278375045533e+03	3.37549708425455e-01,-4.72840483592208e-01
5.64175419328859e+03	3.34456978794150e-01,-4.71766912216860e-01
5.68099569698771e+03	3.31378408841044e-01,-4.70675642210983e-01
5.72051014693011e+03	3.28314195320121e-01,-4.69566900599338e-01
5.76029944160706e+03	3.25264530408596e-01,-4.68440916717717e-01
5.80036549271484e+03	3.22229601680707e-01,-4.67297922105816e-01
5.84071022524669e+03	3.19209592084349e-01,-4.66138150400115e-01
5.88133557758518e+03	3.16204679920352e-01,-4.64961837227293e-01
5.92224350159543e+03	3.13215038824500e-01,-4.63769220097895e-01
5.96343596271886e+03	3.10240837752720e-01,-4.62560538299236e-01
6.00491494006759e+03	3.07282240968581e-01,-4.61336032789682e-01
6.04668242651957e+03	3.04339408033651e-01,-4.60095946092981e-01
6.08874042881431e+03	3.01412493800581e-01,-4.58840522192896e-01
6.13109096764929e+03	2.98501648408891e-01,-4.57570006428289e-01
6.17373607777707e+03	2.95607017283061e-01,-4.56284645389485e-01
6.21667780810302e+03	2.92728741133515e-01,-4.54984686814586e-01
6.25991822178378e+03	2.89866955960102e-01,-4.53670379486603e-01
6.30345939632636e+03	2.87021793057864e-01,-4.52341973131849e-01
6.34730342368800e+03	2.84193379025362e-01,-4.50999718318964e-01
6.39145241037665e+03	2.81381835775343e-01,-4.49643866358964e-01
6.43590847755216e+03	2.78587280548020e-01,-4.48274669205773e-01
6.48067376112824e+03	2.75809825926231e-01,-4.46892379358678e-01
6.52575041187503e+03	2.73049579853063e-01,-4.45497249765451e-01
6.57114059552248e+03	2.70306645651876e-01,-4.44089533726233e-01
6.61684649286437e+03	2.67581122048019e-01,-4.42669484799563e-01
6.66287029986312e+03	2.64873103193124e-01,-4.41237356708701e-01
6.70921422775524e+03	2.62182678690947e-01,-4.39793403250221e-01
6.75588050315764e+03	2.59509933625667e-01,-4.38337878203060e-01
6.80287136817457e+03	2.56854948591900e-01,-4.36871035239385e-01
6.85018908050532e+03	2.54217799726366e-01,-4.35393127837266e-01
6.89783591355277e+03	2.51598558741805e-01,-4.33904409194065e-01
6.94581415653252e+03	2.48997292962425e-01,-4.32405132141730e-01
6.99412611458295e+03	2.46414065360869e-01,-4.30895549063955e-01
7.04277410887593e+03	2.43848934597113e-01,-4.29375911814376e-01
7.09176047672838e+03	2.41301955058956e-01,-4.27846471636399e-01
7.14108757171453e+03	2.38773176903690e-01,-4.26307479085206e-01
7.19075776377900e+03	2.36262646101588e-01,-4.24759183950825e-01
7.24077343935071e+03	2.33770404480555e-01,-4.23201835183277e-01
7.29113700145747e+03	2.31296489772235e-01,-4.21635680819219e-01
7.34185086984150e+03	2.28840935659539e-01,-4.20060967910103e-01
7.39291748107565e+03	2.26403771824909e-01,-4.18477942452832e-01
7.44433928868046e+03	2.23985024000436e-01,-4.16886849321074e-01
7.49611876324208e+03	2.21584714018339e-01,-4.15287932199490e-01
7.54825839253092e+03	2.19202859863234e-01,-4.13681433518602e-01
7.60076068162122e+03	2.16839475724692e-01,-4.12067594392490e-01
7.65362815301138e+03	2.14494572051235e-01,-4.10446654557511e-01
7.70686334674516e+03	2.12168155604922e-01,-4.08818852313225e-01
7.76046882053374e+03	2.09860229516992e-01,-4.07184424464781e-01
7.81444714987857e+03	2.07570793344064e-01,-4.05543606267370e-01
7.86880092819513e+03	2.05299843124783e-01,-4.03896631372847e-01
7.92353276693755e+03	2.03047371438020e-01,-4.02243731776872e-01
7.97864529572403e+03	2.00813367460553e-01,-4.00585137769403e-01
8.03414116246325e+03	1.98597817026103e-01,-3.98921077885830e-01
8.09002303348151e+03	1.96400702684488e-01,-3.97251778860433e-01
8.14629359365089e+03	1.94222003761243e-01,-3.95577465581529e-01
8.20295554651826e+03	1.92061696417738e-01,-3.93898361048270e-01
8.26001161443511e+03	1.89919753711619e-01,-3.92214686329191e-01
8.31746453868839e+03	1.87796145657457e-01,-3.90526660522616e-01
8.37531707963222e+03	1.85690839287646e-01,-3.88834500718780e-01
8.43357201682050e+03	1.83603798713574e-01,-3.87138421963545e-01
8.49223214914044e+03	1.81534985186982e-01,-3.85438637223802e-01
8.55130029494706e+03	1.79484357161199e-01,-3.83735357354799e-01
8.61077929219860e+03	1.77451870352778e-01,-3.82028791068746e-01
8.67067199859285e+03	1.75437477802799e-01,-3.80319144905472e-01
8.73098129170445e+03	1.73441129938509e-01,-3.78606623204290e-01
8.79171006912318e+03	1.71462774634572e-01,-3.76891428077849e-01
8.85286124859312e+03	1.69502357274483e-01,-3.75173759387260e-01
8.91443776815290e+03	1.67559820811598e-01,-3.73453814719074e-01
8.97644258627679e+03	1.65635105830443e-01,-3.71731789363269e-01
9.03887868201690e+03	1.63728150607081e-01,-3.70007876293600e-01
9.10174905514628e+03	1.61838891170057e-01,-3.68282266148497e-01
9.16505672630304e+03	1.59967261360420e-01,-3.66555147214163e-01
9.22880473713551e+03	1.58113192891925e-01,-3.64826705408568e-01
9.29299615044834e+03	1.56276615410352e-01,-3.63097124267454e-01
9.35763405034968e+03	1.54457456553178e-01,-3.61366584930947e-01
9.42272154239935e+03	1.52655642008284e-01,-3.59635266132150e-01
9.48826175375803e+03	1.50871095572258e-01,-3.57903344187032e-01
9.55425783333754e+03	1.49103739208691e-01,-3.56170992985176e-01
9.62071295195212e+03	1.47353493105704e-01,-3.54438383982109e-01
9.68763030247075e+03	1.45620275732855e-01,-3.52705686193012e-01
9.75501309997057e+03	1.43904003897663e-01,-3.50973066187499e-01
9.82286458189136e+03	1.42204592801876e-01,-3.49240688085326e-01
9.89118800819108e+03	1.40521956096754e-01,-3.47508713553672e-01
9.95998666150247e+03	1.38856005937799e-01,-3.45777301805542e-01
1.00292638472908e+04	1.37206653039311e-01,-3.44046609598846e-01
1.00990228940127e+04	1.35573806727886e-01,-3.42316791237011e-01
1.01692671532759e+04	1.33957374995481e-01,-3.40587998570425e-01
1.02400000000007e+04	1.32357264551813e-01,-3.38860380998950e-01
1.03112248325815e+04	1.30773380876117e-01,-3.37134085475383e-01
1.03829450730506e+04	1.29205628268048e-01,-3.35409256510069e-01
1.04551641672424e+04	1.27653909898363e-01,-3.33686036176012e-01
1.05278855849588e+04	1.26118127858271e-01,-3.31964564115476e-01
1.06011128201364e+04	1.24598183208643e-01,-3.30244977546950e-01
1.06748493910138e+04	1.23093976028103e-01,-3.28527411273325e-01
1.07490988403009e+04	1.21605405460689e-01,-3.26811997690631e-01
1.08238647353493e+04	1.20132369762608e-01,-3.25098866797720e-01
1.08991506683231e+04	1.18674766348179e-01,-3.23388146206782e-01
1.09749602563724e+04	1.17232491835349e-01,-3.21679961154322e-01
1.10512971418061e+04	1.15805442090150e-01,-3.19974434513120e-01
1.11281649922676e+04	1.14393512270400e-01,-3.18271686804869e-01
1.12055675009107e+04	1.12996596868980e-01,-3.16571836213194e-01
1.12835083865773e+04	1.11614589755844e-01,-3.14874998597731e-01
1.13619913939755e+04	1.10247384219797e-01,-3.13181287508372e-01
1.14410202938603e+04	1.08894873008968e-01,-3.11490814200519e-01
1.15205988832142e+04	1.07556948371013e-01,-3.09803687650516e-01
1.16007309854298e+04	1.06233502092217e-01,-3.08120014571871e-01
1.16814204504935e+04	1.04924425535838e-01,-3.06439899431967e-01
1.17626711551704e+04	1.03629609679912e-01,-3.04763444469098e-01
1.18444870031910e+04	1.02348945154055e-01,-3.03090749710142e-01
1.19268719254378e+04	1.01082322275603e-01,-3.01421912988591e-01
1.20098298801353e+04	9.98296310849566e-02,-2.99757029963030e-01
1.20933648530392e+04	9.85907613801728e-02,-2.98096194136000e-01
1.21774808576287e+04	9.73656027508181e-02,-2.96439496873221e-01
1.22621819352987e+04	9.61540446109042e-02,-2.94787027423293e-01
1.23474721555542e+04	9.49559762314246e-02,-2.93138872937461e-01
1.24333556162061e+04	9.37712867717981e-02,-2.91495118489957e-01
1.25198364435677e+04	9.25998653105760e-02,-2.89855847098619e-01
1.26069187926528e+04	9.14416008757514e-02,-2.88221139745546e-01
1.26946068473761e+04	9.02963824739322e-02,-2.86591075398295e-01
1.27829048207534e+04	8.91640991190158e-02,-2.84965731031147e-01
1.28718169551044e+04	8.80446398601373e-02,-2.83345181646603e-01
1.29613475222566e+04	8.69378938086957e-02,-2.81729500297222e-01
1.30515008237502e+04	8.58437501650007e-02,-2.80118758107411e-01
1.31422811910451e+04	8.47620982439408e-02,-2.78513024295579e-01
1.32336929857288e+04	8.36928275000411e-02,-2.76912366196384e-01
1.33257405997263e+04	8.26358275518850e-02,-2.75316849283076e-01
1.34184284555106e+04	8.15909882057889e-02,-2.73726537190009e-01
1.35117610063154e+04	8.05581994788955e-02,-2.72141491735197e-01
1.36057427363492e+04	7.95373516214217e-02,-2.70561772943082e-01
1.37003781610108e+04	7.85283351384198e-02,-2.68987439067265e-01
1.37956718271056e+04	7.75310408109733e-02,-2.67418546613247e-01
1.38916283130651e+04	7.65453597163313e-02,-2.65855150361495e-01
1.39882522291660e+04	7.55711832479598e-02,-2.64297303390192e-01
1.40855482177520e+04	7.46084031346092e-02,-2.62745057098242e-01
1.41835209534569e+04	7.36569114587754e-02,-2.61198461228283e-01
1.42821751434292e+04	7.27166006749249e-02,-2.59657563889473e-01
1.43815155275581e+04	7.17873636264607e-02,-2.58122411580674e-01
1.44815468787015e+04	7.08690935628708e-02,-2.56593049213149e-01
1.45822740029151e+04	6.99616841557215e-02,-2.55069520133569e-01
1.46837017396831e+04	6.90650295142325e-02,-2.53551866146903e-01
1.47858349621514e+04	6.81790242005390e-02,-2.52040127539093e-01
1.48886785773610e+04	6.73035632441002e-02,-2.50534343099868e-01
1.49922375264843e+04	6.64385421556290e-02,-2.49034550145435e-01
1.50965167850620e+04	6.55838569406891e-02,-2.47540784540989e-01
1.52015213632425e+04	6.47394041125199e-02,-2.46053080723279e-01
1.53072563060229e+04	6.39050807044731e-02,-2.44571471723003e-01
1.54137266934904e+04	6.30807842819793e-02,-2.43095989187091e-01
1.55209376410676e+04	6.22664129539992e-02,-2.41626663400889e-01
1.56288942997572e+04	6.14618653838508e-02,-2.40163523310301e-01
1.57376018563904e+04	6.06670407998023e-02,-2.38706596543685e-01
1.58470655338752e+04	5.98818390051052e-02,-2.37255909433658e-01
1.59572905914482e+04	5.91061603874452e-02,-2.35811487038852e-01
1.60682823249266e+04	5.83399059281408e-02,-2.34373353165409e-01
1.61800460669631e+04	5.75829772108045e-02,-2.32941530388391e-01
1.62925871873019e+04	5.68352764295805e-02,-2.31516040073038e-01
1.64059110930366e+04	5.60967063970599e-02,-2.30096902395808e-01
1.65200232288703e+04	5.53671705516080e-02,-2.28684136365365e-01
1.66349290773769e+04	5.46465729644368e-02,-2.27277759843311e-01
1.67506341592646e+04	5.39348183463030e-02,-2.25877789564744e-01
1.68671440336411e+04	5.32318120536438e-02,-2.24484241158738e-01
1.69844642982810e+04	5.25374600946577e-02,-2.23097129168479e-01
1.71026005898942e+04	5.18516691346681e-02,-2.21716467071395e-01
1.72215585843973e+04	5.11743465013176e-02,-2.20342267299016e-01
1.73413439971858e+04	5.05054001894813e-02,-2.18974541256603e-01
1.74619625834090e+04	4.98447388657022e-02,-2.17613299342665e-01
1.75834201382465e+04	4.91922718723093e-02,-2.16258550968266e-01
1.77057224971864e+04	4.85479092313327e-02,-2.14910304576086e-01
1.78288755363059e+04	4.79115616479859e-02,-2.13568567659339e-01
1.79528851725537e+04	4.72831405139031e-02,-2.12233346780461e-01
1.80777573640339e+04	4.66625579100220e-02,-2.10904647589622e-01
1.82034981102927e+04	4.60497266093142e-02,-2.09582474842974e-01
1.83301134526062e+04	4.54445600789862e-02,-2.08266832420803e-01
1.84576094742712e+04	4.48469724827322e-02,-2.06957723345327e-01
1.85859923008968e+04	4.42568786824041e-02,-2.05655149798433e-01
1.87152681006995e+04	4.36741942396281e-02,-2.04359113139106e-01
1.88454430847988e+04	4.30988354171201e-02,-2.03069613920675e-01
1.89765235075162e+04	4.25307191796897e-02,-2.01786651907877e-01
1.91085156666752e+04	4.19697631951187e-02,-2.00510226093660e-01
1.92414259039044e+04	4.14158858347120e-02,-1.99240334715818e-01
1.93752606049416e+04	4.08690061736340e-02,-1.97976975273404e-01
1.95100261999413e+04	4.03290439911420e-02,-1.96720144542893e-01
1.96457291637829e+04	3.97959197704367e-02,-1.95469838594198e-01
1.97823760163823e+04	3.92695546984517e-02,-1.94226052806412e-01
1.99199733230051e+04	3.87498706653730e-02,-1.92988781883377e-01
2.00585276945817e+04	3.82367902639358e-02,-1.91758019869047e-01
2.01980457880255e+04	3.77302367886825e-02,-1.90533760162581e-01
2.03385343065520e+04	3.72301342348084e-02,-1.89315995533320e-01
2.04800000000015e+04	3.67364072971049e-02,-1.88104718135447e-01
2.06224496651631e+04	3.62489813685102e-02,-1.86899919522523e-01
2.07658901461013e+04	3.57677825385672e-02,-1.85701590661793e-01
2.09103283344849e+04	3.52927375918425e-02,-1.84509721948227e-01
2.10557711699178e+04	3.48237740059867e-02,-1.83324303218446e-01
2.12022256402730e+04	3.43608199498181e-02,-1.82145323764373e-01
2.13496987820278e+04	3.39038042811558e-02,-1.80972772346715e-01
2.14981976806020e+04	3.34526565446607e-02,-1.79806637208196e-01
2.16477294706987e+04	3.30073069693074e-02,-1.78646906086668e-01
2.17983013366464e+04	3.25676864659988e-02,-1.77493566227932e-01
2.19499205127449e+04	3.21337266248812e-02,-1.76346604398407e-01
2.21025942836123e+04	3.17053597125862e-02,-1.75206006897604e-01
2.22563299845353e+04	3.12825186694174e-02,-1.74071759570370e-01
2.24111350018216e+04	3.08651371063280e-02,-1.72943847818974e-01
2.25670167731547e+04	3.04531493018816e-02,-1.71822256614968e-01
2.27239827879512e+04	3.00464901991114e-02,-1.70706970510864e-01
2.28820405877208e+04	2.96450954022162e-02,-1.69597973651628e-01
2.30411977664286e+04	2.92489011732202e-02,-1.68495249785983e-01
2.32014619708597e+04	2.88578444285465e-02,-1.67398782277507e-01
2.33628409009871e+04	2.84718627354924e-02,-1.66308554115565e-01
2.35253423103411e+04	2.80908943086363e-02,-1.65224547926044e-01
2.36889740063821e+04	2.77148780061447e-02,-1.64146745981911e-01
2.38537438508758e+04	2.73437533260589e-02,-1.63075130213584e-01
2.40196597602707e+04	2.69774604024772e-02,-1.62009682219123e-01
2.41867297060786e+04	2.66159400016264e-02,-1.60950383274268e-01
2.43549617152576e+04	2.62591335180122e-02,-1.59897214342250e-01
2.45243638705975e+04	2.59069829703756e-02,-1.58850156083473e-01
2.46949443111087e+04	2.55594309976308e-02,-1.57809188865017e-01
2.48667112324125e+04	2.52164208547929e-02,-1.56774292769952e-01
2.50396728871355e+04	2.48778964088243e-02,-1.55745447606493e-01
2.52138375853058e+04	2.45438021344180e-02,-1.54722632917005e-01
2.53892136947524e+04	2.42140831098050e-02,-1.53705827986807e-01
2.55658096415070e+04	2.38886850124419e-02,-1.52695011852849e-01
2.57436339102090e+04	2.35675541146845e-02,-1.51690163312222e-01
2.59226950445133e+04	2.32506372794866e-02,-1.50691260930483e-01
2.61030016475005e+04	2.29378819559966e-02,-1.49698283049851e-01
2.62845623820903e+04	2.26292361751065e-02,-1.48711207797250e-01
2.64673859714579e+04	2.23246485450969e-02,-1.47730013092169e-01
2.66514811994529e+04	2.20240682470925e-02,-1.46754676654411e-01
2.68368569110214e+04	2.17274450306493e-02,-1.45785176011651e-01
2.70235220126310e+04	2.14347292091853e-02,-1.44821488506892e-01
2.72114854726987e+04	2.11458716554773e-02,-1.43863591305745e-01
2.74007563220217e+04	2.08608237971622e-02,-1.42911461403562e-01
2.75913436542115e+04	2.05795376121211e-02,-1.41965075632459e-01
2.77832566261305e+04	2.03019656239471e-02,-1.41024410668169e-01
2.79765044583322e+04	2.00280608973600e-02,-1.40089443036776e-01
2.81710964355041e+04	1.97577770336274e-02,-1.39160149121302e-01
2.83670419069139e+04	1.94910681659431e-02,-1.38236505168174e-01
2.85643502868585e+04	1.92278889548753e-02,-1.37318487293544e-01
2.87630310551164e+04	1.89681945837291e-02,-1.36406071489492e-01
2.89630937574032e+04	1.87119407539497e-02,-1.35499233630095e-01
2.91645480058303e+04	1.84590836805219e-02,-1.34597949477375e-01
2.93674034793664e+04	1.82095800873768e-02,-1.33702194687112e-01
2.95716699243030e+04	1.79633872027737e-02,-1.32811944814553e-01
2.97773571547223e+04	1.77204627547069e-02,-1.31927175319983e-01
2.99844750529688e+04	1.74807649663235e-02,-1.31047861574191e-01
3.01930335701241e+04	1.72442525513189e-02,-1.30173978863811e-01
3.04030427264853e+04	1.70108847093906e-02,-1.29305502396547e-01
3.06145126120459e+04	1.67806211216407e-02,-1.28442407306297e-01
3.08274533869811e+04	1.65534219460268e-02,-1.27584668658151e-01
3.10418752821354e+04	1.63292478128113e-02,-1.26732261453293e-01
3.12577885995147e+04	1.61080598200293e-02,-1.25885160633784e-01
3.14752037127810e+04	1.58898195289747e-02,-1.25043341087241e-01
3.16941310677506e+04	1.56744889596774e-02,-1.24206777651422e-01
3.19145811828966e+04	1.54620305864110e-02,-1.23375445118697e-01
3.21365646498535e+04	1.52524073332304e-02,-1.22549318240421e-01
3.23600921339265e+04	1.50455825695058e-02,-1.21728371731207e-01
3.25851743746041e+04	1.48415201054695e-02,-1.20912580273113e-01
3.28118221860735e+04	1.46401841877963e-02,-1.20101918519711e-01
3.30400464577409e+04	1.44415394952200e-02,-1.19296361100082e-01
3.32698581547541e+04	1.42455511341234e-02,-1.18495882622705e-01
3.35012683185294e+04	1.40521846341903e-02,-1.17700457679264e-01
3.37342880672825e+04	1.38614059440563e-02,-1.16910060848361e-01
3.39689285965622e+04	1.36731814269872e-02,-1.16124666699140e-01
3.42052011797887e+04	1.34874778565964e-02,-1.15344249794823e-01
3.44431171687949e+04	1.33042624125568e-02,-1.14568784696172e-01
3.46826879943719e+04	1.31235026763558e-02,-1.13798245964850e-01
3.49239251668183e+04	1.29451666270632e-02,-1.13032608166718e-01
3.51668402764932e+04	1.27692226371542e-02,-1.12271845875032e-01
3.54114449943730e+04	1.25956394683033e-02,-1.11515933673581e-01
3.56577510726121e+04	1.24243862672542e-02,-1.10764846159734e-01
3.59057703451077e+04	1.22554325616896e-02,-1.10018557947413e-01
3.61555147280681e+04	1.20887482561481e-02,-1.09277043669991e-01
3.64069962205857e+04	1.19243036279256e-02,-1.08540277983122e-01
3.66602269052127e+04	1.17620693230666e-02,-1.07808235567491e-01
3.69152189485426e+04	1.16020163523212e-02,-1.07080891131499e-01
3.71719846017939e+04	1.14441160871825e-02,-1.06358219413870e-01
3.74305362013993e+04	1.12883402559109e-02,-1.05640195186200e-01
3.76908861695980e+04	1.11346609396157e-02,-1.04926793255434e-01
3.79530470150327e+04	1.09830505683453e-02,-1.04217988466275e-01
3.82170313333507e+04	1.08334819172221e-02,-1.03513755703530e-01
3.84828518078091e+04	1.06859281025977e-02,-1.02814069894399e-01
3.87505212098836e+04	1.05403625782437e-02,-1.02118906010685e-01
3.90200523998829e+04	1.03967591315586e-02,-1.01428239070966e-01
3.92914583275660e+04	1.02550918798180e-02,-1.00742044142688e-01
3.95647520327649e+04	1.01153352664610e-02,-1.00060296344207e-01
3.98399466460105e+04	9.97746405738238e-03,-9.93829708467759e-02
4.01170553891638e+04	9.84145333728130e-03,-9.87100428764661e-02
4.03960915760513e+04	9.70727850601299e-03,-9.80414877160467e-02
4.06770686131043e+04	9.57491527500449e-03,-9.73772807067962e-02
4.09600000000034e+04	9.44433966366797e-03,-9.67173972502705e-02
4.12448993303266e+04	9.31552799586615e-03,-9.60618128100132e-02
4.15317802922030e+04	9.18845689640117e-03,-9.54105029132176e-02
4.18206566689701e+04	9.06310328753065e-03,-9.47634431523376e-02
4.21115423398359e+04	8.93944438552128e-03,-9.41206091866496e-02
4.24044512805463e+04	8.81745769721823e-03,-9.34819767437679e-02
4.26993975640559e+04	8.69712101668611e-03,-9.28475216211061e-02
4.29963953612044e+04	8.57841242181201e-03,-9.22172196873047e-02
4.32954589413977e+04	8.46131027100768e-03,-9.15910468836006e-02
4.35966026732932e+04	8.34579319990471e-03,-9.09689792251597e-02
4.38998410254902e+04	8.23184011808086e-03,-9.03509928023652e-02
4.41000000000000e+04	8.15789339940066e-03,-8.99476187049307e-02
