Freq.	V(vout)
2.00000000000000e+01	9.99974898265078e-01,-1.25015201480348e-03
2.01391110011344e+01	9.99974876447573e-01,-1.25884748225535e-03
2.02791895958006e+01	9.99974854325507e-01,-1.26760343088924e-03
2.04202425141439e+01	9.99974831894630e-01,-1.27642028137291e-03
2.05622765331213e+01	9.99974809150630e-01,-1.28529845729985e-03
2.07052984768276e+01	9.99974786089137e-01,-1.29423838520960e-03
2.08493152168224e+01	9.99974762705719e-01,-1.30324049460827e-03
2.09943336724614e+01	9.99974738995881e-01,-1.31230521798913e-03
2.11403608112276e+01	9.99974714955068e-01,-1.32143299085342e-03
2.12874036490672e+01	9.99974690578658e-01,-1.33062425173123e-03
2.14354692507259e+01	9.99974665861968e-01,-1.33987944220261e-03
2.15845647300886e+01	9.99974640800247e-01,-1.34919900691871e-03
2.17346972505212e+01	9.99974615388678e-01,-1.35858339362320e-03
2.18858740252148e+01	9.99974589622379e-01,-1.36803305317373e-03
2.20381023175322e+01	9.99974563496397e-01,-1.37754843956360e-03
2.21913894413569e+01	9.99974537005711e-01,-1.38713000994358e-03
2.23457427614444e+01	9.99974510145230e-01,-1.39677822464383e-03
2.25011696937762e+01	9.99974482909793e-01,-1.40649354719603e-03
2.26576777059160e+01	9.99974455294164e-01,-1.41627644435564e-03
2.28152743173685e+01	9.99974427293037e-01,-1.42612738612431e-03
2.29739670999407e+01	9.99974398901031e-01,-1.43604684577246e-03
2.31337636781058e+01	9.99974370112688e-01,-1.44603529986200e-03
2.32946717293691e+01	9.99974340922477e-01,-1.45609322826921e-03
2.34566989846376e+01	9.99974311324788e-01,-1.46622111420782e-03
2.36198532285906e+01	9.99974281313932e-01,-1.47641944425216e-03
2.37841423000545e+01	9.99974250884142e-01,-1.48668870836058e-03
2.39495740923786e+01	9.99974220029569e-01,-1.49702939989895e-03
2.41161565538152e+01	9.99974188744285e-01,-1.50744201566435e-03
2.42838976879010e+01	9.99974157022277e-01,-1.51792705590897e-03
2.44528055538414e+01	9.99974124857448e-01,-1.52848502436406e-03
2.46228882668984e+01	9.99974092243617e-01,-1.53911642826419e-03
2.47941539987798e+01	9.99974059174516e-01,-1.54982177837155e-03
2.49666109780323e+01	9.99974025643789e-01,-1.56060158900054e-03
2.51402674904366e+01	9.99973991644994e-01,-1.57145637804242e-03
2.53151318794057e+01	9.99973957171595e-01,-1.58238666699018e-03
2.54912125463853e+01	9.99973922216968e-01,-1.59339298096360e-03
2.56685179512581e+01	9.99973886774395e-01,-1.60447584873448e-03
2.58470566127499e+01	9.99973850837065e-01,-1.61563580275199e-03
2.60268371088387e+01	9.99973814398071e-01,-1.62687337916828e-03
2.62078680771673e+01	9.99973777450410e-01,-1.63818911786419e-03
2.63901582154580e+01	9.99973739986982e-01,-1.64958356247519e-03
2.65737162819303e+01	9.99973702000587e-01,-1.66105726041749e-03
2.67585510957223e+01	9.99973663483925e-01,-1.67261076291431e-03
2.69446715373139e+01	9.99973624429593e-01,-1.68424462502239e-03
2.71320865489535e+01	9.99973584830086e-01,-1.69595940565856e-03
2.73208051350880e+01	9.99973544677793e-01,-1.70775566762666e-03
2.75108363627950e+01	9.99973503964999e-01,-1.71963397764453e-03
2.77021893622186e+01	9.99973462683879e-01,-1.73159490637119e-03
2.78948733270082e+01	9.99973420826499e-01,-1.74363902843432e-03
2.80888975147600e+01	9.99973378384815e-01,-1.75576692245775e-03
2.82842712474620e+01	9.99973335350672e-01,-1.76797917108934e-03
2.84810039119415e+01	9.99973291715798e-01,-1.78027636102888e-03
2.86791049603166e+01	9.99973247471808e-01,-1.79265908305630e-03
2.88785839104500e+01	9.99973202610198e-01,-1.80512793206001e-03
2.90794503464063e+01	9.99973157122348e-01,-1.81768350706550e-03
2.92817139189126e+01	9.99973110999516e-01,-1.83032641126406e-03
2.94853843458221e+01	9.99973064232837e-01,-1.84305725204175e-03
2.96904714125811e+01	9.99973016813324e-01,-1.85587664100859e-03
2.98969849726989e+01	9.99972968731864e-01,-1.86878519402787e-03
3.01049349482215e+01	9.99972919979216e-01,-1.88178353124577e-03
3.03143313302081e+01	9.99972870546012e-01,-1.89487227712111e-03
3.05251841792113e+01	9.99972820422751e-01,-1.90805206045532e-03
3.07375036257604e+01	9.99972769599800e-01,-1.92132351442266e-03
3.09512998708479e+01	9.99972718067393e-01,-1.93468727660056e-03
3.11665831864201e+01	9.99972665815625e-01,-1.94814398900030e-03
3.13833639158702e+01	9.99972612834456e-01,-1.96169429809779e-03
3.16016524745352e+01	9.99972559113703e-01,-1.97533885486458e-03
3.18214593501969e+01	9.99972504643042e-01,-1.98907831479919e-03
3.20427951035850e+01	9.99972449412005e-01,-2.00291333795848e-03
3.22656703688852e+01	9.99972393409977e-01,-2.01684458898941e-03
3.24900958542496e+01	9.99972336626197e-01,-2.03087273716093e-03
3.27160823423114e+01	9.99972279049751e-01,-2.04499845639607e-03
3.29436406907031e+01	9.99972220669575e-01,-2.05922242530434e-03
3.31727818325778e+01	9.99972161474449e-01,-2.07354532721427e-03
3.34035167771350e+01	9.99972101452997e-01,-2.08796785020622e-03
3.36358566101488e+01	9.99972040593684e-01,-2.10249068714544e-03
3.38698124945013e+01	9.99971978884814e-01,-2.11711453571526e-03
3.41053956707185e+01	9.99971916314529e-01,-2.13184009845064e-03
3.43426174575103e+01	9.99971852870802e-01,-2.14666808277188e-03
3.45814892523148e+01	9.99971788541443e-01,-2.16159920101855e-03
3.48220225318452e+01	9.99971723314087e-01,-2.17663417048369e-03
3.50642288526416e+01	9.99971657176201e-01,-2.19177371344826e-03
3.53081198516264e+01	9.99971590115072e-01,-2.20701855721579e-03
3.55537072466630e+01	9.99971522117815e-01,-2.22236943414728e-03
3.58010028371191e+01	9.99971453171360e-01,-2.23782708169637e-03
3.60500185044334e+01	9.99971383262459e-01,-2.25339224244470e-03
3.63007662126867e+01	9.99971312377675e-01,-2.26906566413761e-03
3.65532580091762e+01	9.99971240503388e-01,-2.28484809971995e-03
3.68075060249952e+01	9.99971167625783e-01,-2.30074030737227e-03
3.70635224756151e+01	9.99971093730855e-01,-2.31674305054720e-03
3.73213196614725e+01	9.99971018804404e-01,-2.33285709800607e-03
3.75809099685607e+01	9.99970942832030e-01,-2.34908322385581e-03
3.78423058690241e+01	9.99970865799133e-01,-2.36542220758610e-03
3.81055199217578e+01	9.99970787690909e-01,-2.38187483410679e-03
3.83705647730108e+01	9.99970708492348e-01,-2.39844189378555e-03
3.86374531569941e+01	9.99970628188228e-01,-2.41512418248579e-03
3.89061978964917e+01	9.99970546763118e-01,-2.43192250160487e-03
3.91768119034774e+01	9.99970464201369e-01,-2.44883765811255e-03
3.94493081797347e+01	9.99970380487115e-01,-2.46587046458971e-03
3.97236998174817e+01	9.99970295604268e-01,-2.48302173926733e-03
4.00000000000003e+01	9.99970209536515e-01,-2.50029230606578e-03
4.02782220022691e+01	9.99970122267317e-01,-2.51768299463431e-03
4.05583791916015e+01	9.99970033779901e-01,-2.53519464039089e-03
4.08404850282880e+01	9.99969944057263e-01,-2.55282808456230e-03
4.11245530662430e+01	9.99969853082160e-01,-2.57058417422446e-03
4.14105969536554e+01	9.99969760837109e-01,-2.58846376234310e-03
4.16986304336452e+01	9.99969667304382e-01,-2.60646770781465e-03
4.19886673449230e+01	9.99969572466005e-01,-2.62459687550749e-03
4.22807216224556e+01	9.99969476303752e-01,-2.64285213630342e-03
4.25748072981347e+01	9.99969378799142e-01,-2.66123436713942e-03
4.28709385014521e+01	9.99969279933439e-01,-2.67974445104976e-03
4.31691294601774e+01	9.99969179687642e-01,-2.69838327720833e-03
4.34693945010427e+01	9.99969078042486e-01,-2.71715174097131e-03
4.37717480504299e+01	9.99968974978437e-01,-2.73605074392012e-03
4.40762046350648e+01	9.99968870475690e-01,-2.75508119390467e-03
4.43827788827142e+01	9.99968764514162e-01,-2.77424400508688e-03
4.46914855228892e+01	9.99968657073488e-01,-2.79354009798458e-03
4.50023393875528e+01	9.99968548133022e-01,-2.81297039951561e-03
4.53153554118323e+01	9.99968437671828e-01,-2.83253584304235e-03
4.56305486347374e+01	9.99968325668678e-01,-2.85223736841639e-03
4.59479341998818e+01	9.99968212102048e-01,-2.87207592202370e-03
4.62675273562119e+01	9.99968096950113e-01,-2.89205245682997e-03
4.65893434587387e+01	9.99967980190744e-01,-2.91216793242633e-03
4.69133979692756e+01	9.99967861801503e-01,-2.93242331507537e-03
4.72397064571817e+01	9.99967741759638e-01,-2.95281957775746e-03
4.75682846001093e+01	9.99967620042081e-01,-2.97335770021746e-03
4.78991481847576e+01	9.99967496625440e-01,-2.99403866901165e-03
4.82323131076309e+01	9.99967371485999e-01,-3.01486347755506e-03
4.85677953758023e+01	9.99967244599708e-01,-3.03583312616915e-03
4.89056111076832e+01	9.99967115942183e-01,-3.05694862212969e-03
4.92457765337971e+01	9.99966985488699e-01,-3.07821097971512e-03
4.95883079975600e+01	9.99966853214188e-01,-3.09962122025520e-03
4.99332219560650e+01	9.99966719093229e-01,-3.12118037217992e-03
5.02805349808736e+01	9.99966583100048e-01,-3.14288947106884e-03
5.06302637588117e+01	9.99966445208511e-01,-3.16474955970077e-03
5.09824250927710e+01	9.99966305392118e-01,-3.18676168810371e-03
5.13370359025167e+01	9.99966163624001e-01,-3.20892691360523e-03
5.16941132255002e+01	9.99966019876916e-01,-3.23124630088315e-03
5.20536742176779e+01	9.99965874123239e-01,-3.25372092201655e-03
5.24157361543351e+01	9.99965726334960e-01,-3.27635185653724e-03
5.27803164309163e+01	9.99965576483678e-01,-3.29914019148140e-03
5.31474325638610e+01	9.99965424540595e-01,-3.32208702144178e-03
5.35171021914451e+01	9.99965270476514e-01,-3.34519344862014e-03
5.38893430746282e+01	9.99965114261826e-01,-3.36846058288005e-03
5.42641730979075e+01	9.99964955866513e-01,-3.39188954180013e-03
5.46416102701764e+01	9.99964795260134e-01,-3.41548145072756e-03
5.50216727255904e+01	9.99964632411827e-01,-3.43923744283208e-03
5.54043787244376e+01	9.99964467290296e-01,-3.46315865916026e-03
5.57897466540169e+01	9.99964299863811e-01,-3.48724624869018e-03
5.61777950295205e+01	9.99964130100195e-01,-3.51150136838650e-03
5.65685424949245e+01	9.99963957966828e-01,-3.53592518325590e-03
5.69620078238835e+01	9.99963783430628e-01,-3.56051886640292e-03
5.73582099206338e+01	9.99963606458056e-01,-3.58528359908612e-03
5.77571678209005e+01	9.99963427015102e-01,-3.61022057077476e-03
5.81589006928131e+01	9.99963245067285e-01,-3.63533097920573e-03
5.85634278378257e+01	9.99963060579637e-01,-3.66061603044095e-03
5.89707686916448e+01	9.99962873516708e-01,-3.68607693892516e-03
5.93809428251627e+01	9.99962683842550e-01,-3.71171492754409e-03
5.97939699453983e+01	9.99962491520712e-01,-3.73753122768306e-03
6.02098698964434e+01	9.99962296514237e-01,-3.76352707928594e-03
6.06286626604167e+01	9.99962098785650e-01,-3.78970373091456e-03
6.10503683584231e+01	9.99961898296955e-01,-3.81606243980854e-03
6.14750072515213e+01	9.99961695009624e-01,-3.84260447194547e-03
6.19025997416964e+01	9.99961488884593e-01,-3.86933110210154e-03
6.23331663728408e+01	9.99961279882250e-01,-3.89624361391265e-03
6.27667278317409e+01	9.99961067962432e-01,-3.92334329993583e-03
6.32033049490710e+01	9.99960853084415e-01,-3.95063146171114e-03
6.36429187003943e+01	9.99960635206907e-01,-3.97810940982403e-03
6.40855902071706e+01	9.99960414288040e-01,-4.00577846396810e-03
6.45313407377709e+01	9.99960190285360e-01,-4.03363995300822e-03
6.49801917084997e+01	9.99959963155821e-01,-4.06169521504425e-03
6.54321646846233e+01	9.99959732855778e-01,-4.08994559747505e-03
6.58872813814067e+01	9.99959499340974e-01,-4.11839245706298e-03
6.63455636651562e+01	9.99959262566536e-01,-4.14703715999891e-03
6.68070335542704e+01	9.99959022486965e-01,-4.17588108196753e-03
6.72717132202981e+01	9.99958779056126e-01,-4.20492560821329e-03
6.77396249890031e+01	9.99958532227239e-01,-4.23417213360667e-03
6.82107913414375e+01	9.99958281952875e-01,-4.26362206271091e-03
6.86852349150212e+01	9.99958028184938e-01,-4.29327680984930e-03
6.91629785046302e+01	9.99957770874664e-01,-4.32313779917281e-03
6.96440450636909e+01	9.99957509972608e-01,-4.35320646472827e-03
7.01284577052838e+01	9.99957245428634e-01,-4.38348425052700e-03
7.06162397032534e+01	9.99956977191907e-01,-4.41397261061387e-03
7.11074144933266e+01	9.99956705210882e-01,-4.44467300913692e-03
7.16020056742388e+01	9.99956429433293e-01,-4.47558692041737e-03
7.21000370088674e+01	9.99956149806149e-01,-4.50671582902019e-03
7.26015324253739e+01	9.99955866275715e-01,-4.53806122982508e-03
7.31065160183531e+01	9.99955578787507e-01,-4.56962462809804e-03
7.36150120499911e+01	9.99955287286283e-01,-4.60140753956328e-03
7.41270449512307e+01	9.99954991716026e-01,-4.63341149047581e-03
7.46426393229457e+01	9.99954692019941e-01,-4.66563801769439e-03
7.51618199371220e+01	9.99954388140438e-01,-4.69808866875502e-03
7.56846117380488e+01	9.99954080019124e-01,-4.73076500194498e-03
7.62110398435161e+01	9.99953767596790e-01,-4.76366858637732e-03
7.67411295460223e+01	9.99953450813403e-01,-4.79680100206588e-03
7.72749063139888e+01	9.99953129608089e-01,-4.83016384000085e-03
7.78123957929840e+01	9.99952803919127e-01,-4.86375870222484e-03
7.83536238069553e+01	9.99952473683932e-01,-4.89758720190944e-03
7.88986163594699e+01	9.99952138839049e-01,-4.93165096343234e-03
7.94473996349641e+01	9.99951799320135e-01,-4.96595162245498e-03
8.00000000000012e+01	9.99951455061949e-01,-5.00049082600073e-03
8.05564440045387e+01	9.99951105998339e-01,-5.03527023253360e-03
8.11167583832036e+01	9.99950752062232e-01,-5.07029151203747e-03
8.16809700565767e+01	9.99950393185617e-01,-5.10555634609593e-03
8.22491061324866e+01	9.99950029299533e-01,-5.14106642797258e-03
8.28211939073115e+01	9.99949660334060e-01,-5.17682346269199e-03
8.33972608672910e+01	9.99949286218299e-01,-5.21282916712108e-03
8.39773346898467e+01	9.99948906880362e-01,-5.24908527005120e-03
8.45614432449118e+01	9.99948522247359e-01,-5.28559351228066e-03
8.51496145962701e+01	9.99948132245382e-01,-5.32235564669790e-03
8.57418770029048e+01	9.99947736799490e-01,-5.35937343836519e-03
8.63382589203556e+01	9.99947335833699e-01,-5.39664866460292e-03
8.69387890020860e+01	9.99946929270962e-01,-5.43418311507447e-03
8.75434961008606e+01	9.99946517033158e-01,-5.47197859187166e-03
8.81524092701303e+01	9.99946099041076e-01,-5.51003690960077e-03
8.87655577654290e+01	9.99945675214399e-01,-5.54835989546918e-03
8.93829710457790e+01	9.99945245471689e-01,-5.58694938937256e-03
9.00046787751062e+01	9.99944809730371e-01,-5.62580724398274e-03
9.06307108236654e+01	9.99944367906719e-01,-5.66493532483605e-03
9.12610972694754e+01	9.99943919915838e-01,-5.70433551042240e-03
9.18958683997643e+01	9.99943465671646e-01,-5.74400969227491e-03
9.25350547124245e+01	9.99943005086863e-01,-5.78395977506011e-03
9.31786869174780e+01	9.99942538072990e-01,-5.82418767666884e-03
9.38267959385519e+01	9.99942064540291e-01,-5.86469532830772e-03
9.44794129143640e+01	9.99941584397780e-01,-5.90548467459128e-03
9.51365692002193e+01	9.99941097553200e-01,-5.94655767363468e-03
9.57982963695159e+01	9.99940603913007e-01,-5.98791629714708e-03
9.64646262152625e+01	9.99940103382351e-01,-6.02956253052566e-03
9.71355907516054e+01	9.99939595865059e-01,-6.07149837295030e-03
9.78112222153672e+01	9.99939081263616e-01,-6.11372583747883e-03
9.84915530675950e+01	9.99938559479146e-01,-6.15624695114304e-03
9.91766159951206e+01	9.99938030411392e-01,-6.19906375504525e-03
9.98664439121307e+01	9.99937493958698e-01,-6.24217830445557e-03
1.00561069961748e+02	9.99936950017992e-01,-6.28559266890988e-03
1.01260527517624e+02	9.99936398484761e-01,-6.32930893230838e-03
1.01964850185543e+02	9.99935839253034e-01,-6.37332919301491e-03
1.02674071805034e+02	9.99935272215362e-01,-6.41765556395683e-03
1.03388226451001e+02	9.99934697262795e-01,-6.46229017272575e-03
1.04107348435357e+02	9.99934114284865e-01,-6.50723516167874e-03
1.04831472308671e+02	9.99933523169560e-01,-6.55249268804043e-03
1.05560632861833e+02	9.99932923803307e-01,-6.59806492400564e-03
1.06294865127723e+02	9.99932316070946e-01,-6.64395405684285e-03
1.07034204382891e+02	9.99931699855712e-01,-6.69016228899824e-03
1.07778686149257e+02	9.99931075039209e-01,-6.73669183820057e-03
1.08528346195816e+02	9.99930441501390e-01,-6.78354493756664e-03
1.09283220540354e+02	9.99929799120532e-01,-6.83072383570759e-03
1.10043345451182e+02	9.99929147773215e-01,-6.87823079683586e-03
1.10808757448876e+02	9.99928487334294e-01,-6.92606810087283e-03
1.11579493308035e+02	9.99927817676880e-01,-6.97423804355734e-03
1.12355590059042e+02	9.99927138672313e-01,-7.02274293655479e-03
1.13137084989850e+02	9.99926450190137e-01,-7.07158510756705e-03
1.13924015647768e+02	9.99925752098076e-01,-7.12076690044313e-03
1.14716419841268e+02	9.99925044262008e-01,-7.17029067529057e-03
1.15514335641802e+02	9.99924326545940e-01,-7.22015880858762e-03
1.16317801385627e+02	9.99923598811982e-01,-7.27037369329612e-03
1.17126855675652e+02	9.99922860920317e-01,-7.32093773897521e-03
1.17941537383290e+02	9.99922112729180e-01,-7.37185337189580e-03
1.18761885650326e+02	9.99921354094828e-01,-7.42312303515575e-03
1.19587939890797e+02	9.99920584871509e-01,-7.47474918879593e-03
1.20419739792888e+02	9.99919804911443e-01,-7.52673430991700e-03
1.21257325320834e+02	9.99919014064781e-01,-7.57908089279697e-03
1.22100736716847e+02	9.99918212179589e-01,-7.63179144900962e-03
1.22950014503043e+02	9.99917399101810e-01,-7.68486850754366e-03
1.23805199483394e+02	9.99916574675239e-01,-7.73831461492272e-03
1.24666332745682e+02	9.99915738741489e-01,-7.79213233532616e-03
1.25533455663483e+02	9.99914891139966e-01,-7.84632425071064e-03
1.26406609898143e+02	9.99914031707834e-01,-7.90089296093262e-03
1.27285837400790e+02	9.99913160279985e-01,-7.95584108387158e-03
1.28171180414342e+02	9.99912276689007e-01,-8.01117125555409e-03
1.29062681475543e+02	9.99911380765153e-01,-8.06688613027880e-03
1.29960383417000e+02	9.99910472336308e-01,-8.12298838074216e-03
1.30864329369248e+02	9.99909551227954e-01,-8.17948069816503e-03
1.31774562762814e+02	9.99908617263140e-01,-8.23636579242021e-03
1.32691127330313e+02	9.99907670262443e-01,-8.29364639216070e-03
1.33614067108542e+02	9.99906710043942e-01,-8.35132524494891e-03
1.34543426440597e+02	9.99905736423172e-01,-8.40940511738674e-03
1.35479249978007e+02	9.99904749213099e-01,-8.46788879524651e-03
1.36421582682876e+02	9.99903748224077e-01,-8.52677908360271e-03
1.37370469830043e+02	9.99902733263816e-01,-8.58607880696479e-03
1.38325957009261e+02	9.99901704137341e-01,-8.64579080941066e-03
1.39288090127383e+02	9.99900660646959e-01,-8.70591795472124e-03
1.40256915410569e+02	9.99899602592217e-01,-8.76646312651580e-03
1.41232479406508e+02	9.99898529769868e-01,-8.82742922838825e-03
1.42214828986654e+02	9.99897441973828e-01,-8.88881918404438e-03
1.43204011348479e+02	9.99896338995138e-01,-8.95063593743994e-03
1.44200074017736e+02	9.99895220621923e-01,-9.01288245291968e-03
1.45203064850749e+02	9.99894086639355e-01,-9.07556171535738e-03
1.46213032036707e+02	9.99892936829606e-01,-9.13867673029668e-03
1.47230024099983e+02	9.99891770971811e-01,-9.20223052409298e-03
1.48254089902463e+02	9.99890588842024e-01,-9.26622614405623e-03
1.49285278645892e+02	9.99889390213174e-01,-9.33066665859464e-03
1.50323639874245e+02	9.99888174855022e-01,-9.39555515735944e-03
1.51369223476099e+02	9.99886942534120e-01,-9.46089475139049e-03
1.52422079687033e+02	9.99885693013761e-01,-9.52668857326297e-03
1.53482259092046e+02	9.99884426053936e-01,-9.59293977723493e-03
1.54549812627979e+02	9.99883141411289e-01,-9.65965153939597e-03
1.55624791585969e+02	9.99881838839070e-01,-9.72682705781672e-03
1.56707247613912e+02	9.99880518087085e-01,-9.79446955269950e-03
1.57797232718941e+02	9.99879178901652e-01,-9.86258226652984e-03
1.58894799269929e+02	9.99877821025551e-01,-9.93116846422905e-03
1.60000000000004e+02	9.99876444197970e-01,-1.00002314333079e-02
1.61112888009079e+02	9.99875048154464e-01,-1.00697744840210e-02
1.62233516766408e+02	9.99873632626898e-01,-1.01398009495227e-02
1.63361940113155e+02	9.99872197343395e-01,-1.02103141860236e-02
1.64498212264974e+02	9.99870742028289e-01,-1.02813175729482e-02
1.65642387814624e+02	9.99869266402067e-01,-1.03528145130939e-02
1.66794521734583e+02	9.99867770181317e-01,-1.04248084327902e-02
1.67954669379695e+02	9.99866253078676e-01,-1.04973027820601e-02
1.69122886489825e+02	9.99864714802771e-01,-1.05703010347818e-02
1.70299229192542e+02	9.99863155058169e-01,-1.06438066888516e-02
1.71483754005811e+02	9.99861573545311e-01,-1.07178232663480e-02
1.72676517840712e+02	9.99859969960465e-01,-1.07923543136965e-02
1.73877578004173e+02	9.99858343995661e-01,-1.08674034018364e-02
1.75086992201722e+02	9.99856695338634e-01,-1.09429741263875e-02
1.76304818540262e+02	9.99855023672763e-01,-1.10190701078187e-02
1.77531115530859e+02	9.99853328677014e-01,-1.10956949916174e-02
1.78765942091559e+02	9.99851610025873e-01,-1.11728524484602e-02
1.80009357550214e+02	9.99849867389289e-01,-1.12505461743846e-02
1.81261421647332e+02	9.99848100432608e-01,-1.13287798909615e-02
1.82522194538952e+02	9.99846308816506e-01,-1.14075573454696e-02
1.83791736799530e+02	9.99844492196932e-01,-1.14868823110701e-02
1.85070109424850e+02	9.99842650225034e-01,-1.15667585869832e-02
1.86357373834957e+02	9.99840782547096e-01,-1.16471899986651e-02
1.87653591877105e+02	9.99838888804470e-01,-1.17281803979869e-02
1.88958825828729e+02	9.99836968633506e-01,-1.18097336634140e-02
1.90273138400440e+02	9.99835021665485e-01,-1.18918537001872e-02
1.91596592739033e+02	9.99833047526545e-01,-1.19745444405042e-02
1.92929252430526e+02	9.99831045837613e-01,-1.20578098437035e-02
1.94271181503212e+02	9.99829016214328e-01,-1.21416538964480e-02
1.95622444430736e+02	9.99826958266970e-01,-1.22260806129112e-02
1.96983106135191e+02	9.99824871600389e-01,-1.23110940349636e-02
1.98353231990243e+02	9.99822755813920e-01,-1.23966982323607e-02
1.99732887824263e+02	9.99820610501316e-01,-1.24828973029321e-02
2.01122139923497e+02	9.99818435250664e-01,-1.25696953727722e-02
2.02521055035250e+02	9.99816229644309e-01,-1.26570965964314e-02
2.03929700371087e+02	9.99813993258772e-01,-1.27451051571090e-02
2.05348143610070e+02	9.99811725664672e-01,-1.28337252668476e-02
2.06776452902004e+02	9.99809426426640e-01,-1.29229611667279e-02
2.08214696870715e+02	9.99807095103239e-01,-1.30128171270657e-02
2.09662944617343e+02	9.99804731246876e-01,-1.31032974476094e-02
2.11121265723668e+02	9.99802334403721e-01,-1.31944064577392e-02
2.12589730255447e+02	9.99799904113617e-01,-1.32861485166672e-02
2.14068408765783e+02	9.99797439909990e-01,-1.33785280136394e-02
2.15557372298516e+02	9.99794941319765e-01,-1.34715493681382e-02
2.17056692391633e+02	9.99792407863272e-01,-1.35652170300869e-02
2.18566441080709e+02	9.99789839054153e-01,-1.36595354800548e-02
2.20086690902365e+02	9.99787234399273e-01,-1.37545092294642e-02
2.21617514897754e+02	9.99784593398623e-01,-1.38501428207982e-02
2.23158986616071e+02	9.99781915545224e-01,-1.39464408278105e-02
2.24711180118085e+02	9.99779200325031e-01,-1.40434078557357e-02
2.26274169979701e+02	9.99776447216835e-01,-1.41410485415013e-02
2.27848031295537e+02	9.99773655692162e-01,-1.42393675539412e-02
2.29432839682538e+02	9.99770825215173e-01,-1.43383695940104e-02
2.31028671283605e+02	9.99767955242562e-01,-1.44380593950008e-02
2.32635602771256e+02	9.99765045223451e-01,-1.45384417227588e-02
2.34253711351306e+02	9.99762094599283e-01,-1.46395213759036e-02
2.35883074766582e+02	9.99759102803719e-01,-1.47413031860478e-02
2.37523771300654e+02	9.99756069262528e-01,-1.48437920180184e-02
2.39175879781596e+02	9.99752993393477e-01,-1.49469927700798e-02
2.40839479585777e+02	9.99749874606218e-01,-1.50509103741581e-02
2.42514650641670e+02	9.99746712302180e-01,-1.51555497960661e-02
2.44201473433696e+02	9.99743505874448e-01,-1.52609160357311e-02
2.45900029006089e+02	9.99740254707653e-01,-1.53670141274225e-02
2.47610398966789e+02	9.99736958177852e-01,-1.54738491399820e-02
2.49332665491367e+02	9.99733615652406e-01,-1.55814261770544e-02
2.51066911326967e+02	9.99730226489865e-01,-1.56897503773206e-02
2.52813219796288e+02	9.99726790039841e-01,-1.57988269147312e-02
2.54571674801581e+02	9.99723305642883e-01,-1.59086609987421e-02
2.56342360828686e+02	9.99719772630356e-01,-1.60192578745512e-02
2.58125362951087e+02	9.99716190324309e-01,-1.61306228233369e-02
2.59920766834002e+02	9.99712558037345e-01,-1.62427611624976e-02
2.61728658738497e+02	9.99708875072495e-01,-1.63556782458929e-02
2.63549125525631e+02	9.99705140723078e-01,-1.64693794640863e-02
2.65382254660629e+02	9.99701354272572e-01,-1.65838702445892e-02
2.67228134217086e+02	9.99697514994473e-01,-1.66991560521064e-02
2.69086852881196e+02	9.99693622152158e-01,-1.68152423887833e-02
2.70958499956016e+02	9.99689674998744e-01,-1.69321347944541e-02
2.72843165365754e+02	9.99685672776947e-01,-1.70498388468918e-02
2.74740939660089e+02	9.99681614718936e-01,-1.71683601620598e-02
2.76651914018525e+02	9.99677500046185e-01,-1.72877043943648e-02
2.78576180254768e+02	9.99673327969327e-01,-1.74078772369108e-02
2.80513830821139e+02	9.99669097688002e-01,-1.75288844217557e-02
2.82464958813018e+02	9.99664808390706e-01,-1.76507317201682e-02
2.84429657973310e+02	9.99660459254633e-01,-1.77734249428869e-02
2.86408022696959e+02	9.99656049445522e-01,-1.78969699403807e-02
2.88400148035474e+02	9.99651578117494e-01,-1.80213726031107e-02
2.90406129701500e+02	9.99647044412894e-01,-1.81466388617939e-02
2.92426064073417e+02	9.99642447462124e-01,-1.82727746876679e-02
2.94460048199969e+02	9.99637786383480e-01,-1.83997860927574e-02
2.96508179804927e+02	9.99633060282985e-01,-1.85276791301425e-02
2.98570557291787e+02	9.99628268254213e-01,-1.86564598942285e-02
3.00647279748492e+02	9.99623409378123e-01,-1.87861345210161e-02
3.02738446952199e+02	9.99618482722878e-01,-1.89167091883753e-02
3.04844159374069e+02	9.99613487343673e-01,-1.90481901163186e-02
3.06964518184094e+02	9.99608422282549e-01,-1.91805835672774e-02
3.09099625255960e+02	9.99603286568216e-01,-1.93138958463790e-02
3.11249583171940e+02	9.99598079215864e-01,-1.94481333017259e-02
3.13414495227826e+02	9.99592799226978e-01,-1.95833023246756e-02
3.15594465437884e+02	9.99587445589146e-01,-1.97194093501232e-02
3.17789598539861e+02	9.99582017275866e-01,-1.98564608567848e-02
3.20000000000009e+02	9.99576513246355e-01,-1.99944633674825e-02
3.22225776018160e+02	9.99570932445344e-01,-2.01334234494313e-02
3.24467033532819e+02	9.99565273802882e-01,-2.02733477145274e-02
3.26723880226312e+02	9.99559536234130e-01,-2.04142428196379e-02
3.28996424529951e+02	9.99553718639156e-01,-2.05561154668926e-02
3.31284775629251e+02	9.99547819902725e-01,-2.06989724039765e-02
3.33589043469169e+02	9.99541838894088e-01,-2.08428204244249e-02
3.35909338759392e+02	9.99535774466765e-01,-2.09876663679196e-02
3.38245772979652e+02	9.99529625458326e-01,-2.11335171205863e-02
3.40598458385085e+02	9.99523390690175e-01,-2.12803796152941e-02
3.42967508011624e+02	9.99517068967322e-01,-2.14282608319569e-02
3.45353035681427e+02	9.99510659078154e-01,-2.15771677978354e-02
3.47755156008349e+02	9.99504159794209e-01,-2.17271075878413e-02
3.50173984403447e+02	9.99497569869943e-01,-2.18780873248434e-02
3.52609637080526e+02	9.99490888042486e-01,-2.20301141799746e-02
3.55062231061721e+02	9.99484113031411e-01,-2.21831953729409e-02
3.57531884183121e+02	9.99477243538486e-01,-2.23373381723319e-02
3.60018715100430e+02	9.99470278247427e-01,-2.24925498959328e-02
3.62522843294667e+02	9.99463215823652e-01,-2.26488379110380e-02
3.65044389077907e+02	9.99456054914022e-01,-2.28062096347668e-02
3.67583473599063e+02	9.99448794146589e-01,-2.29646725343796e-02
3.70140218849704e+02	9.99441432130334e-01,-2.31242341275968e-02
3.72714747669917e+02	9.99433967454900e-01,-2.32849019829186e-02
3.75307183754213e+02	9.99426398690330e-01,-2.34466837199464e-02
3.77917651657462e+02	9.99418724386792e-01,-2.36095870097065e-02
3.80546276800883e+02	9.99410943074305e-01,-2.37736195749743e-02
3.83193185478069e+02	9.99403053262459e-01,-2.39387891906007e-02
3.85858504861056e+02	9.99395053440136e-01,-2.41051036838402e-02
3.88542363006427e+02	9.99386942075219e-01,-2.42725709346801e-02
3.91244888861474e+02	9.99378717614303e-01,-2.44411988761714e-02
3.93966212270386e+02	9.99370378482405e-01,-2.46109954947619e-02
3.96706463980488e+02	9.99361923082659e-01,-2.47819688306295e-02
3.99465775648529e+02	9.99353349796017e-01,-2.49541269780184e-02
4.02244279846998e+02	9.99344656980943e-01,-2.51274780855760e-02
4.05042110070503e+02	9.99335842973101e-01,-2.53020303566917e-02
4.07859400742177e+02	9.99326906085038e-01,-2.54777920498372e-02
4.10696287220143e+02	9.99317844605871e-01,-2.56547714789082e-02
4.13552905804011e+02	9.99308656800955e-01,-2.58329770135675e-02
4.16429393741432e+02	9.99299340911562e-01,-2.60124170795902e-02
4.19325889234690e+02	9.99289895154542e-01,-2.61931001592093e-02
4.22242531447340e+02	9.99280317721993e-01,-2.63750347914643e-02
4.25179460510898e+02	9.99270606780913e-01,-2.65582295725497e-02
4.28136817531570e+02	9.99260760472856e-01,-2.67426931561661e-02
4.31114744597035e+02	9.99250776913582e-01,-2.69284342538724e-02
4.34113384783269e+02	9.99240654192699e-01,-2.71154616354392e-02
4.37132882161421e+02	9.99230390373304e-01,-2.73037841292040e-02
4.40173381804733e+02	9.99219983491614e-01,-2.74934106224279e-02
4.43235029795511e+02	9.99209431556601e-01,-2.76843500616531e-02
4.46317973232145e+02	9.99198732549610e-01,-2.78766114530625e-02
4.49422360236174e+02	9.99187884423984e-01,-2.80702038628405e-02
4.52548339959406e+02	9.99176885104672e-01,-2.82651364175350e-02
4.55696062591078e+02	9.99165732487843e-01,-2.84614183044207e-02
4.58865679365080e+02	9.99154424440486e-01,-2.86590587718641e-02
4.62057342567214e+02	9.99142958800009e-01,-2.88580671296899e-02
4.65271205542515e+02	9.99131333373833e-01,-2.90584527495480e-02
4.68507422702616e+02	9.99119545938975e-01,-2.92602250652825e-02
4.71766149533168e+02	9.99107594241636e-01,-2.94633935733021e-02
4.75047542601312e+02	9.99095475996768e-01,-2.96679678329508e-02
4.78351759563197e+02	9.99083188887652e-01,-2.98739574668812e-02
4.81678959171558e+02	9.99070730565459e-01,-3.00813721614279e-02
4.85029301283344e+02	9.99058098648805e-01,-3.02902216669825e-02
4.88402946867396e+02	9.99045290723308e-01,-3.05005157983704e-02
4.91800058012181e+02	9.99032304341134e-01,-3.07122644352276e-02
4.95220797933582e+02	9.99019137020533e-01,-3.09254775223796e-02
4.98665330982737e+02	9.99005786245376e-01,-3.11401650702211e-02
5.02133822653938e+02	9.98992249464680e-01,-3.13563371550968e-02
5.05626439592579e+02	9.98978524092134e-01,-3.15740039196833e-02
5.09143349603166e+02	9.98964607505607e-01,-3.17931755733721e-02
5.12684721657376e+02	9.98950497046662e-01,-3.20138623926534e-02
5.16250725902179e+02	9.98936190020054e-01,-3.22360747215014e-02
5.19841533668009e+02	9.98921683693223e-01,-3.24598229717602e-02
5.23457317476998e+02	9.98906975295789e-01,-3.26851176235304e-02
5.27098251051265e+02	9.98892062019024e-01,-3.29119692255574e-02
5.30764509321261e+02	9.98876941015332e-01,-3.31403883956202e-02
5.34456268434175e+02	9.98861609397715e-01,-3.33703858209204e-02
5.38173705762396e+02	9.98846064239231e-01,-3.36019722584733e-02
5.41916999912037e+02	9.98830302572446e-01,-3.38351585354988e-02
5.45686330731512e+02	9.98814321388883e-01,-3.40699555498133e-02
5.49481879320182e+02	9.98798117638455e-01,-3.43063742702228e-02
5.53303828037053e+02	9.98781688228899e-01,-3.45444257369160e-02
5.57152360509539e+02	9.98765030025193e-01,-3.47841210618583e-02
5.61027661642283e+02	9.98748139848977e-01,-3.50254714291868e-02
5.64929917626039e+02	9.98731014477958e-01,-3.52684880956055e-02
5.68859315946625e+02	9.98713650645303e-01,-3.55131823907807e-02
5.72816045393923e+02	9.98696045039040e-01,-3.57595657177377e-02
5.76800296070952e+02	9.98678194301431e-01,-3.60076495532574e-02
5.80812259403004e+02	9.98660095028354e-01,-3.62574454482734e-02
5.84852128146837e+02	9.98641743768662e-01,-3.65089650282697e-02
5.88920096399941e+02	9.98623137023549e-01,-3.67622199936780e-02
5.93016359609859e+02	9.98604271245889e-01,-3.70172221202764e-02
5.97141114583579e+02	9.98585142839585e-01,-3.72739832595873e-02
6.01294559496990e+02	9.98565748158896e-01,-3.75325153392760e-02
6.05476893904404e+02	9.98546083507761e-01,-3.77928303635493e-02
6.09688318748142e+02	9.98526145139110e-01,-3.80549404135540e-02
6.13929036368192e+02	9.98505929254174e-01,-3.83188576477757e-02
6.18199250511924e+02	9.98485432001774e-01,-3.85845943024372e-02
6.22499166343886e+02	9.98464649477610e-01,-3.88521626918971e-02
6.26828990455656e+02	9.98443577723538e-01,-3.91215752090479e-02
6.31188930875773e+02	9.98422212726835e-01,-3.93928443257146e-02
6.35579197079727e+02	9.98400550419456e-01,-3.96659825930517e-02
6.40000000000024e+02	9.98378586677282e-01,-3.99410026419413e-02
6.44451552036324e+02	9.98356317319358e-01,-4.02179171833895e-02
6.48934067065643e+02	9.98333738107118e-01,-4.04967390089234e-02
6.53447760452628e+02	9.98310844743602e-01,-4.07774809909868e-02
6.57992849059907e+02	9.98287632872665e-01,-4.10601560833354e-02
6.62569551258507e+02	9.98264098078172e-01,-4.13447773214314e-02
6.67178086938343e+02	9.98240235883180e-01,-4.16313578228374e-02
6.71818677518788e+02	9.98216041749119e-01,-4.19199107876095e-02
6.76491545959309e+02	9.98191511074950e-01,-4.22104494986887e-02
6.81196916770176e+02	9.98166639196322e-01,-4.25029873222925e-02
6.85935016023254e+02	9.98141421384711e-01,-4.27975377083044e-02
6.90706071362860e+02	9.98115852846553e-01,-4.30941141906626e-02
6.95510312016704e+02	9.98089928722360e-01,-4.33927303877475e-02
7.00347968806900e+02	9.98063644085830e-01,-4.36934000027676e-02
7.05219274161058e+02	9.98036993942942e-01,-4.39961368241440e-02
7.10124462123448e+02	9.98009973231039e-01,-4.43009547258936e-02
7.15063768366248e+02	9.97982576817902e-01,-4.46078676680103e-02
7.20037430200866e+02	9.97954799500809e-01,-4.49168896968444e-02
7.25045686589339e+02	9.97926636005581e-01,-4.52280349454808e-02
7.30088778155819e+02	9.97898080985620e-01,-4.55413176341141e-02
7.35166947198131e+02	9.97869129020931e-01,-4.58567520704232e-02
7.40280437699413e+02	9.97839774617130e-01,-4.61743526499417e-02
7.45429495339841e+02	9.97810012204443e-01,-4.64941338564283e-02
7.50614367508432e+02	9.97779836136690e-01,-4.68161102622328e-02
7.55835303314929e+02	9.97749240690255e-01,-4.71402965286607e-02
7.61092553601771e+02	9.97718220063045e-01,-4.74667074063350e-02
7.66386370956144e+02	9.97686768373431e-01,-4.77953577355550e-02
7.71717009722117e+02	9.97654879659184e-01,-4.81262624466524e-02
7.77084726012860e+02	9.97622547876386e-01,-4.84594365603441e-02
7.82489777722954e+02	9.97589766898337e-01,-4.87948951880825e-02
7.87932424540777e+02	9.97556530514439e-01,-4.91326535324016e-02
7.93412927960983e+02	9.97522832429078e-01,-4.94727268872607e-02
7.98931551297063e+02	9.97488666260474e-01,-4.98151306383835e-02
8.04488559694002e+02	9.97454025539533e-01,-5.01598802635943e-02
8.10084220141011e+02	9.97418903708679e-01,-5.05069913331502e-02
8.15718801484360e+02	9.97383294120661e-01,-5.08564795100687e-02
8.21392574440291e+02	9.97347190037361e-01,-5.12083605504518e-02
8.27105811608028e+02	9.97310584628579e-01,-5.15626503038060e-02
8.32858787482871e+02	9.97273470970797e-01,-5.19193647133565e-02
8.38651778469386e+02	9.97235842045937e-01,-5.22785198163586e-02
8.44485062894686e+02	9.97197690740101e-01,-5.26401317444027e-02
8.50358921021801e+02	9.97159009842289e-01,-5.30042167237152e-02
8.56273635063146e+02	9.97119792043105e-01,-5.33707910754539e-02
8.62229489194076e+02	9.97080029933450e-01,-5.37398712159983e-02
8.68226769566545e+02	9.97039716003193e-01,-5.41114736572341e-02
8.74265764322848e+02	9.96998842639829e-01,-5.44856150068321e-02
8.80346763609472e+02	9.96957402127115e-01,-5.48623119685211e-02
8.86470059591028e+02	9.96915386643694e-01,-5.52415813423551e-02
8.92635946464296e+02	9.96872788261703e-01,-5.56234400249736e-02
8.98844720472355e+02	9.96829598945355e-01,-5.60079050098557e-02
9.05096679918818e+02	9.96785810549514e-01,-5.63949933875674e-02
9.11392125182163e+02	9.96741414818244e-01,-5.67847223460021e-02
9.17731358730167e+02	9.96696403383345e-01,-5.71771091706137e-02
9.24114685134435e+02	9.96650767762866e-01,-5.75721712446427e-02
9.30542411085037e+02	9.96604499359605e-01,-5.79699260493340e-02
9.37014845405239e+02	9.96557589459587e-01,-5.83703911641475e-02
9.43532299066344e+02	9.96510029230525e-01,-5.87735842669604e-02
9.50095085202631e+02	9.96461809720257e-01,-5.91795231342613e-02
9.56703519126400e+02	9.96412921855173e-01,-5.95882256413349e-02
9.63357918343123e+02	9.96363356438520e-01,-5.99997097624283e-02
9.70058602566695e+02	9.96313104149160e-01,-6.04139935709621e-02
9.76805893734798e+02	9.96262155539372e-01,-6.08310952396223e-02
9.83600116024369e+02	9.96210501033570e-01,-6.12510330405527e-02
9.90441595867171e+02	9.96158130926528e-01,-6.16738253454826e-02
9.97330661965481e+02	9.96105035381687e-01,-6.20994906258548e-02
1.00426764530788e+03	9.96051204429436e-01,-6.25280474529435e-02
1.01125287918517e+03	9.95996627965369e-01,-6.29595144979614e-02
1.01828669920634e+03	9.95941295748530e-01,-6.33939105321554e-02
1.02536944331476e+03	9.95885197399627e-01,-6.38312544268912e-02
1.03250145180437e+03	9.95828322399232e-01,-6.42715651537260e-02
1.03968306733603e+03	9.95770660085956e-01,-6.47148617844692e-02
1.04691463495400e+03	9.95712199654603e-01,-6.51611634912310e-02
1.05419650210254e+03	9.95652930154299e-01,-6.56104895464579e-02
1.06152901864253e+03	9.95592840486606e-01,-6.60628593229553e-02
1.06891253686836e+03	9.95531919403604e-01,-6.65182922938968e-02
1.07634741152480e+03	9.95470155505958e-01,-6.69768080328197e-02
1.08383399982408e+03	9.95407537240961e-01,-6.74384262136067e-02
1.09137266146303e+03	9.95344052900548e-01,-6.79031666104521e-02
1.09896375864037e+03	9.95279690619293e-01,-6.83710490978144e-02
1.10660765607411e+03	9.95214438372381e-01,-6.88420936503532e-02
1.11430472101909e+03	9.95148283973558e-01,-6.93163203428501e-02
1.12205532328457e+03	9.95081215073049e-01,-6.97937493501140e-02
1.12985983525209e+03	9.95013219155463e-01,-7.02744009468696e-02
1.13771863189326e+03	9.94944283537665e-01,-7.07582955076296e-02
1.14563209078785e+03	9.94874395366629e-01,-7.12454535065492e-02
1.15360059214191e+03	9.94803541617265e-01,-7.17358955172626e-02
1.16162451880602e+03	9.94731709090219e-01,-7.22296422127020e-02
1.16970425629368e+03	9.94658884409646e-01,-7.27267143648978e-02
1.17784019279989e+03	9.94585054020968e-01,-7.32271328447593e-02
1.18603271921973e+03	9.94510204188592e-01,-7.37309186218362e-02
1.19428222916717e+03	9.94434320993614e-01,-7.42380927640603e-02
1.20258911899399e+03	9.94357390331493e-01,-7.47486764374663e-02
1.21095378780882e+03	9.94279397909693e-01,-7.52626909058915e-02
1.21937663749629e+03	9.94200329245312e-01,-7.57801575306549e-02
1.22785807273639e+03	9.94120169662670e-01,-7.63010977702127e-02
1.23639850102386e+03	9.94038904290882e-01,-7.68255331797932e-02
1.24499833268778e+03	9.93956518061302e-01,-7.73534854109921e-02
1.25365798091132e+03	9.93872995705411e-01,-7.78849762114181e-02
1.26237786175155e+03	9.93788321751745e-01,-7.84200274241691e-02
1.27115839415946e+03	9.93702480523730e-01,-7.89586609874283e-02
1.28000000000006e+03	9.93615456137015e-01,-7.95008989339621e-02
1.28890310407266e+03	9.93527232496878e-01,-8.00467633906077e-02
1.29786813413129e+03	9.93437793295605e-01,-8.05962765777332e-02
1.30689552090527e+03	9.93347122009833e-01,-8.11494608086711e-02
1.31598569811982e+03	9.93255201897874e-01,-8.17063384891238e-02
1.32513910251702e+03	9.93162015997003e-01,-8.22669321165408e-02
1.33435617387669e+03	9.93067547120722e-01,-8.28312642794669e-02
1.34363735503759e+03	9.92971777855991e-01,-8.33993576568607e-02
1.35298309191863e+03	9.92874690560437e-01,-8.39712350173828e-02
1.36239383354036e+03	9.92776267359529e-01,-8.45469192186528e-02
1.37187003204652e+03	9.92676490143719e-01,-8.51264332064750e-02
1.38141214272573e+03	9.92575340565567e-01,-8.57098000140309e-02
1.39102062403342e+03	9.92472800036824e-01,-8.62970427610395e-02
1.40069593761381e+03	9.92368849725490e-01,-8.68881846528830e-02
1.41043854832213e+03	9.92263470552844e-01,-8.74832489796984e-02
1.42024892424691e+03	9.92156643190442e-01,-8.80822591154330e-02
1.43012753673251e+03	9.92048348057085e-01,-8.86852385168648e-02
1.44007486040174e+03	9.91938565315758e-01,-8.92922107225851e-02
1.45009137317869e+03	9.91827274870539e-01,-8.99031993519438e-02
1.46017755631165e+03	9.91714456363475e-01,-9.05182281039560e-02
1.47033389439627e+03	9.91600089171433e-01,-9.11373207561695e-02
1.48056087539884e+03	9.91484152402914e-01,-9.17605011634917e-02
1.49085899067969e+03	9.91366624894842e-01,-9.23877932569756e-02
1.50122873501687e+03	9.91247485209320e-01,-9.30192210425642e-02
1.51167060662987e+03	9.91126711630357e-01,-9.36548085997921e-02
1.52218510720355e+03	9.91004282160560e-01,-9.42945800804425e-02
1.53277274191230e+03	9.90880174517802e-01,-9.49385597071608e-02
1.54343401944424e+03	9.90754366131856e-01,-9.55867717720221e-02
1.55416945202573e+03	9.90626834140994e-01,-9.62392406350522e-02
1.56497955544592e+03	9.90497555388565e-01,-9.68959907227012e-02
1.57586484908157e+03	9.90366506419533e-01,-9.75570465262688e-02
1.58682585592198e+03	9.90233663476993e-01,-9.82224326002804e-02
1.59786310259414e+03	9.90099002498643e-01,-9.88921735608123e-02
1.60897711938801e+03	9.89962499113246e-01,-9.95662940837660e-02
1.62016844028203e+03	9.89824128637038e-01,-1.00244818903090e-01
1.63143760296873e+03	9.89683866070126e-01,-1.00927772808946e-01
1.64278514888059e+03	9.89541686092840e-01,-1.01615180645827e-01
1.65421162321607e+03	9.89397563062067e-01,-1.02307067310610e-01
1.66571757496575e+03	9.89251471007545e-01,-1.03003457750561e-01
1.67730355693878e+03	9.89103383628090e-01,-1.03704376961265e-01
1.68897012578938e+03	9.88953274288011e-01,-1.04409849984554e-01
1.70071784204361e+03	9.88801116013050e-01,-1.05119901906268e-01
1.71254727012630e+03	9.88646881486741e-01,-1.05834557854060e-01
1.72445897838816e+03	9.88490543046515e-01,-1.06553842995083e-01
1.73645353913310e+03	9.88332072679820e-01,-1.07277782533632e-01
1.74853152864571e+03	9.88171442020210e-01,-1.08006401708709e-01
1.76069352721896e+03	9.88008622343413e-01,-1.08739725791534e-01
1.77294011918207e+03	9.87843584563359e-01,-1.09477780082979e-01
1.78527189292860e+03	9.87676299228191e-01,-1.10220589910941e-01
1.79768944094472e+03	9.87506736516240e-01,-1.10968180627637e-01
1.81019335983765e+03	9.87334866231975e-01,-1.11720577606834e-01
1.82278425036434e+03	9.87160657801930e-01,-1.12477806241005e-01
1.83546271746035e+03	9.86984080270596e-01,-1.13239891938410e-01
1.84822937026888e+03	9.86805102296201e-01,-1.14006860120078e-01
1.86108482217009e+03	9.86623692146919e-01,-1.14778736216824e-01
1.87402969081049e+03	9.86439817696140e-01,-1.15555545665972e-01
1.88706459813270e+03	9.86253446418627e-01,-1.16337313908209e-01
1.90019017040527e+03	9.86064545386195e-01,-1.17124066384257e-01
1.91340703825281e+03	9.85873081263453e-01,-1.17915828531482e-01
1.92671583668626e+03	9.85679020303522e-01,-1.18712625780411e-01
1.94011720513340e+03	9.85482328343737e-01,-1.19514483551178e-01
1.95361178746961e+03	9.85282970801316e-01,-1.20321427249873e-01
1.96720023204875e+03	9.85080912669016e-01,-1.21133482264804e-01
1.98088319173436e+03	9.84876118510761e-01,-1.21950673962670e-01
1.99466132393098e+03	9.84668552457255e-01,-1.22773027684646e-01
2.00853529061578e+03	9.84458178201573e-01,-1.23600568742365e-01
2.02250575837034e+03	9.84244958994727e-01,-1.24433322413818e-01
2.03657339841269e+03	9.84028857641227e-01,-1.25271313939148e-01
2.05073888662953e+03	9.83809836494610e-01,-1.26114568516349e-01
2.06500290360874e+03	9.83587857452961e-01,-1.26963111296865e-01
2.07936613467207e+03	9.83362881954417e-01,-1.27816967381091e-01
2.09382926990802e+03	9.83134870972651e-01,-1.28676161813767e-01
2.10839300420509e+03	9.82903785012350e-01,-1.29540719579265e-01
2.12305803728508e+03	9.82669584104676e-01,-1.30410665596778e-01
2.13782507373673e+03	9.82432227802710e-01,-1.31286024715395e-01
2.15269482304962e+03	9.82191675176896e-01,-1.32166821709062e-01
2.16766799964818e+03	9.81947884810422e-01,-1.33053081271432e-01
2.18274532292608e+03	9.81700814794817e-01,-1.33944828010648e-01
2.19792751728076e+03	9.81450422725100e-01,-1.34842086443898e-01
2.21321531214825e+03	9.81196665695359e-01,-1.35744880991974e-01
2.22860944203819e+03	9.80939500294113e-01,-1.36653235973647e-01
2.24411064656916e+03	9.80678882599708e-01,-1.37567175599935e-01
2.25971967050419e+03	9.80414768175712e-01,-1.38486723968254e-01
2.27543726378653e+03	9.80147112066313e-01,-1.39411905056436e-01
2.29126418157573e+03	9.79875868791712e-01,-1.40342742716627e-01
2.30720118428384e+03	9.79600992343523e-01,-1.41279260669053e-01
2.32324903761205e+03	9.79322436180178e-01,-1.42221482495657e-01
2.33940851258738e+03	9.79040153222330e-01,-1.43169431633609e-01
2.35568038559980e+03	9.78754095848275e-01,-1.44123131368673e-01
2.37206543843947e+03	9.78464215889370e-01,-1.45082604828445e-01
2.38856445833435e+03	9.78170464625475e-01,-1.46047874975451e-01
2.40517823798799e+03	9.77872792780398e-01,-1.47018964600105e-01
2.42190757561765e+03	9.77571150517361e-01,-1.47995896313528e-01
2.43875327499260e+03	9.77265487434388e-01,-1.48978692540193e-01
2.45571614547280e+03	9.76955752560162e-01,-1.49967375510560e-01
2.47279700204773e+03	9.76641894349012e-01,-1.50961967253298e-01
2.48999666537558e+03	9.76323860676811e-01,-1.51962489587622e-01
2.50731596182266e+03	9.76001598836458e-01,-1.52968964115345e-01
2.52475572350313e+03	9.75675055533473e-01,-1.53981412212806e-01
2.54231678831894e+03	9.75344176881623e-01,-1.54999855022642e-01
2.56000000000013e+03	9.75008908398542e-01,-1.56024313445387e-01
2.57780620814533e+03	9.74669195001596e-01,-1.57054808130984e-01
2.59573626826261e+03	9.74324981003358e-01,-1.58091359469993e-01
2.61379104181055e+03	9.73976210107555e-01,-1.59133987584780e-01
2.63197139623967e+03	9.73622825404839e-01,-1.60182712320468e-01
2.65027820503406e+03	9.73264769368655e-01,-1.61237553235736e-01
2.66871234775341e+03	9.72901983851148e-01,-1.62298529593450e-01
2.68727471007519e+03	9.72534410079133e-01,-1.63365660351119e-01
2.70596618383727e+03	9.72161988650112e-01,-1.64438964151187e-01
2.72478766708074e+03	9.71784659528352e-01,-1.65518459311143e-01
2.74374006409305e+03	9.71402362041027e-01,-1.66604163813456e-01
2.76282428545148e+03	9.71015034874423e-01,-1.67696095295334e-01
2.78204124806685e+03	9.70622616070126e-01,-1.68794271038272e-01
2.80139187522764e+03	9.70225043021713e-01,-1.69898707957568e-01
2.82087709664427e+03	9.69822252470653e-01,-1.71009422591356e-01
2.84049784849383e+03	9.69414180503162e-01,-1.72126431089753e-01
2.86025507346503e+03	9.69000762546691e-01,-1.73249749203668e-01
2.88014972080350e+03	9.68581933366606e-01,-1.74379392273456e-01
2.90018274635740e+03	9.68157627062861e-01,-1.75515375217348e-01
2.92035511262332e+03	9.67727777067199e-01,-1.76657712519844e-01
2.94066778879257e+03	9.67292316139598e-01,-1.77806418219600e-01
2.96112175079769e+03	9.66851176365674e-01,-1.78961505897440e-01
2.98171798135941e+03	9.66404289153764e-01,-1.80122988664002e-01
3.00245747003377e+03	9.65951585232211e-01,-1.81290879147228e-01
3.02334121325976e+03	9.65492994646762e-01,-1.82465189479654e-01
3.04437021440713e+03	9.65028446758089e-01,-1.83645931285488e-01
3.06554548382462e+03	9.64557870239438e-01,-1.84833115667505e-01
3.08686803888851e+03	9.64081193074412e-01,-1.86026753193720e-01
3.10833890405149e+03	9.63598342554841e-01,-1.87226853883854e-01
3.12995911089186e+03	9.63109245279015e-01,-1.88433427195668e-01
3.15172969816316e+03	9.62613827149630e-01,-1.89646482010932e-01
3.17365171184398e+03	9.62112013372324e-01,-1.90866026621346e-01
3.19572620518830e+03	9.61603728454060e-01,-1.92092068714141e-01
3.21795423877605e+03	9.61088896202147e-01,-1.93324615357656e-01
3.24033688056409e+03	9.60567439722581e-01,-1.94563672986363e-01
3.26287520593749e+03	9.60039281419411e-01,-1.95809247386023e-01
3.28557029776121e+03	9.59504342993856e-01,-1.97061343678462e-01
3.30842324643216e+03	9.58962545443698e-01,-1.98319966306169e-01
3.33143514993153e+03	9.58413809062870e-01,-1.99585119016683e-01
3.35460711387759e+03	9.57858053441239e-01,-2.00856804846764e-01
3.37794025157879e+03	9.57295197464599e-01,-2.02135026106358e-01
3.40143568408726e+03	9.56725159314829e-01,-2.03419784362328e-01
3.42509454025263e+03	9.56147856470485e-01,-2.04711080422064e-01
3.44891795677636e+03	9.55563205707197e-01,-2.06008914316698e-01
3.47290707826623e+03	9.54971123098716e-01,-2.07313285284295e-01
3.49706305729145e+03	9.54371524017911e-01,-2.08624191752699e-01
3.52138705443794e+03	9.53764323138460e-01,-2.09941631322373e-01
3.54588023836416e+03	9.53149434435982e-01,-2.11265600748664e-01
3.57054378585724e+03	9.52526771190244e-01,-2.12596095924221e-01
3.59537888188947e+03	9.51896245987229e-01,-2.13933111861028e-01
3.62038671967532e+03	9.51257770721560e-01,-2.15276642672262e-01
3.64556850072871e+03	9.50611256599212e-01,-2.16626681553952e-01
3.67092543492072e+03	9.49956614140468e-01,-2.17983220766406e-01
3.69645874053780e+03	9.49293753183382e-01,-2.19346251615543e-01
3.72216964434020e+03	9.48622582887145e-01,-2.20715764433823e-01
3.74805938162101e+03	9.47943011736085e-01,-2.22091748561139e-01
3.77412919626543e+03	9.47254947544193e-01,-2.23474192325610e-01
3.80038034081058e+03	9.46558297459219e-01,-2.24863083023807e-01
3.82681407650566e+03	9.45852967967909e-01,-2.26258406901185e-01
3.85343167337255e+03	9.45138864901192e-01,-2.27660149132125e-01
3.88023441026684e+03	9.44415893439797e-01,-2.29068293799838e-01
3.90722357493925e+03	9.43683958120206e-01,-2.30482823876057e-01
3.93440046409753e+03	9.42942962841172e-01,-2.31903721200666e-01
3.96176638346874e+03	9.42192810870225e-01,-2.33330966460940e-01
3.98932264786198e+03	9.41433404850970e-01,-2.34764539170828e-01
4.01707058123159e+03	9.40664646810583e-01,-2.36204417649957e-01
4.04501151674072e+03	9.39886438167762e-01,-2.37650579002506e-01
4.07314679682541e+03	9.39098679741012e-01,-2.39102999095880e-01
4.10147777325910e+03	9.38301271757756e-01,-2.40561652539434e-01
4.13000580721752e+03	9.37494113863020e-01,-2.42026512662598e-01
4.15873226934416e+03	9.36677105129735e-01,-2.43497551493491e-01
4.18765853981608e+03	9.35850144068332e-01,-2.44974739736761e-01
4.21678600841022e+03	9.35013128637651e-01,-2.46458046751773e-01
4.24611607457018e+03	9.34165956255940e-01,-2.47947440530450e-01
4.27565014747350e+03	9.33308523812378e-01,-2.49442887675032e-01
4.30538964609927e+03	9.32440727679281e-01,-2.50944353375827e-01
4.33533599929639e+03	9.31562463724432e-01,-2.52451801388649e-01
4.36549064585219e+03	9.30673627324265e-01,-2.53965194012353e-01
4.39585503456155e+03	9.29774113377571e-01,-2.55484492066292e-01
4.42643062429652e+03	9.28863816319397e-01,-2.57009654867497e-01
4.45721888407641e+03	9.27942630135857e-01,-2.58540640208009e-01
4.48822129313836e+03	9.27010448379246e-01,-2.60077404331996e-01
4.51943934100841e+03	9.26067164184103e-01,-2.61619901913072e-01
4.55087452757310e+03	9.25112670283117e-01,-2.63168086031126e-01
4.58252836315148e+03	9.24146859024272e-01,-2.64721908149517e-01
4.61440236856772e+03	9.23169622388583e-01,-2.66281318092270e-01
4.64649807522413e+03	9.22180852007758e-01,-2.67846264020841e-01
4.67881702517480e+03	9.21180439183213e-01,-2.69416692411345e-01
4.71136077119964e+03	9.20168274905255e-01,-2.70992548031526e-01
4.74413087687898e+03	9.19144249873329e-01,-2.72573773918035e-01
4.77712891666873e+03	9.18108254516166e-01,-2.74160311353278e-01
4.81035647597602e+03	9.17060179013307e-01,-2.75752099842788e-01
4.84381515123534e+03	9.15999913316912e-01,-2.77349077092426e-01
4.87750654998525e+03	9.14927347174292e-01,-2.78951178985715e-01
4.91143229094564e+03	9.13842370151050e-01,-2.80558339561216e-01
4.94559400409550e+03	9.12744871655240e-01,-2.82170490990253e-01
4.97999333075120e+03	9.11634740961504e-01,-2.83787563554287e-01
5.01463192364536e+03	9.10511867236540e-01,-2.85409485622858e-01
5.04951144700630e+03	9.09376139565260e-01,-2.87036183631688e-01
5.08463357663793e+03	9.08227446976952e-01,-2.88667582060467e-01
5.12000000000031e+03	9.07065678473211e-01,-2.90303603411559e-01
5.15561241629071e+03	9.05890723055526e-01,-2.91944168188187e-01
5.19147253652526e+03	9.04702469754338e-01,-2.93589194873348e-01
5.22758208362114e+03	9.03500807658649e-01,-2.95238599908857e-01
5.26394279247938e+03	9.02285625946047e-01,-2.96892297674419e-01
5.30055641006817e+03	9.01056813914004e-01,-2.98550200467367e-01
5.33742469550686e+03	8.99814261011396e-01,-3.00212218482310e-01
5.37454942015043e+03	8.98557856871084e-01,-3.01878259791338e-01
5.41193236767459e+03	8.97287491343419e-01,-3.03548230324686e-01
5.44957533416153e+03	8.96003054529796e-01,-3.05222033851233e-01
5.48748012818615e+03	8.94704436817979e-01,-3.06899571960136e-01
5.52564857090300e+03	8.93391528917187e-01,-3.08580744042113e-01
5.56408249613375e+03	8.92064221894620e-01,-3.10265447271657e-01
5.60278375045533e+03	8.90722407212737e-01,-3.11953576589699e-01
5.64175419328859e+03	8.89365976766729e-01,-3.13645024686277e-01
5.68099569698771e+03	8.87994822923410e-01,-3.15339681984221e-01
5.72051014693011e+03	8.86608838560493e-01,-3.17037436623039e-01
5.76029944160706e+03	8.85207917106957e-01,-3.18738174443612e-01
5.80036549271484e+03	8.83791952583858e-01,-3.20441778973186e-01
5.84071022524669e+03	8.82360839645921e-01,-3.22148131410964e-01
5.88133557758518e+03	8.80914473624148e-01,-3.23857110614518e-01
5.92224350159543e+03	8.79452750569246e-01,-3.25568593086901e-01
5.96343596271886e+03	8.77975567295257e-01,-3.27282452963949e-01
6.00491494006759e+03	8.76482821424535e-01,-3.28998562002778e-01
6.04668242651957e+03	8.74974411433290e-01,-3.30716789570851e-01
6.08874042881431e+03	8.73450236697776e-01,-3.32437002635703e-01
6.13109096764929e+03	8.71910197541165e-01,-3.34159065755393e-01
6.17373607777707e+03	8.70354195281549e-01,-3.35882841070103e-01
6.21667780810302e+03	8.68782132280228e-01,-3.37608188294200e-01
6.25991822178378e+03	8.67193911990753e-01,-3.39334964709163e-01
6.30345939632636e+03	8.65589439008945e-01,-3.41063025157658e-01
6.34730342368800e+03	8.63968619123450e-01,-3.42792222038380e-01
6.39145241037665e+03	8.62331359367036e-01,-3.44522405301899e-01
6.43590847755216e+03	8.60677568068235e-01,-3.46253422447164e-01
6.48067376112824e+03	8.59007154904176e-01,-3.47985118519512e-01
6.52575041187503e+03	8.57320030953783e-01,-3.49717336109450e-01
6.57114059552248e+03	8.55616108751341e-01,-3.51449915352244e-01
6.61684649286437e+03	8.53895302341259e-01,-3.53182693929149e-01
6.66287029986312e+03	8.52157527332807e-01,-3.54915507069166e-01
6.70921422775524e+03	8.50402700956028e-01,-3.56648187552533e-01
6.75588050315764e+03	8.48630742117643e-01,-3.58380565714816e-01
6.80287136817457e+03	8.46841571457734e-01,-3.60112469452461e-01
6.85018908050532e+03	8.45035111407193e-01,-3.61843724229822e-01
6.89783591355277e+03	8.43211286245156e-01,-3.63574153086936e-01
6.94581415653252e+03	8.41370022157151e-01,-3.65303576648834e-01
6.99412611458295e+03	8.39511247293908e-01,-3.67031813136395e-01
7.04277410887593e+03	8.37634891830214e-01,-3.68758678378165e-01
7.09176047672838e+03	8.35740888024166e-01,-3.70483985823535e-01
7.14108757171453e+03	8.33829170277155e-01,-3.72207546557721e-01
7.19075776377900e+03	8.31899675193769e-01,-3.73929169317723e-01
7.24077343935071e+03	8.29952341642267e-01,-3.75648660510022e-01
7.29113700145747e+03	8.27987110815173e-01,-3.77365824229593e-01
7.34185086984150e+03	8.26003926289957e-01,-3.79080462280244e-01
7.39291748107565e+03	8.24002734090452e-01,-3.80792374197078e-01
7.44433928868046e+03	8.21983482747655e-01,-3.82501357269622e-01
7.49611876324208e+03	8.19946123361480e-01,-3.84207206567458e-01
7.54825839253092e+03	8.17890609661778e-01,-3.85909714966494e-01
7.60076068162122e+03	8.15816898070167e-01,-3.87608673177733e-01
7.65362815301138e+03	8.13724947761308e-01,-3.89303869777008e-01
7.70686334674516e+03	8.11614720724462e-01,-3.90995091236730e-01
7.76046882053374e+03	8.09486181824711e-01,-3.92682121958994e-01
7.81444714987857e+03	8.07339298864269e-01,-3.94364744310612e-01
7.86880092819513e+03	8.05174042643901e-01,-3.96042738660196e-01
7.92353276693755e+03	8.02990387023191e-01,-3.97715883415769e-01
7.97864529572403e+03	8.00788308981713e-01,-3.99383955065561e-01
8.03414116246325e+03	7.98567788679043e-01,-4.01046728219471e-01
8.09002303348151e+03	7.96328809514833e-01,-4.02703975652797e-01
8.14629359365089e+03	7.94071358188418e-01,-4.04355468351658e-01
8.20295554651826e+03	7.91795424757890e-01,-4.06000975560084e-01
8.26001161443511e+03	7.89501002698667e-01,-4.07640264828870e-01
8.31746453868839e+03	7.87188088961599e-01,-4.09273102066350e-01
8.37531707963222e+03	7.84856684030453e-01,-4.10899251590955e-01
8.43357201682050e+03	7.82506791978659e-01,-4.12518476185449e-01
8.49223214914044e+03	7.80138420525313e-01,-4.14130537152928e-01
8.55130029494706e+03	7.77751581090618e-01,-4.15735194374924e-01
8.61077929219860e+03	7.75346288850179e-01,-4.17332206370839e-01
8.67067199859285e+03	7.72922562788749e-01,-4.18921330359664e-01
8.73098129170445e+03	7.70480425752701e-01,-4.20502322322998e-01
8.79171006912318e+03	7.68019904501797e-01,-4.22074937070296e-01
8.85286124859312e+03	7.65541029759666e-01,-4.23638928305529e-01
8.91443776815290e+03	7.63043836263392e-01,-4.25194048695960e-01
8.97644258627679e+03	7.60528362811504e-01,-4.26740049942007e-01
9.03887868201690e+03	7.57994652311417e-01,-4.28276682849925e-01
9.10174905514628e+03	7.55442751824817e-01,-4.29803697404990e-01
9.16505672630304e+03	7.52872712612290e-01,-4.31320842847348e-01
9.22880473713551e+03	7.50284590176099e-01,-4.32827867748819e-01
9.29299615044834e+03	7.47678444301964e-01,-4.34324520092159e-01
9.35763405034968e+03	7.45054339098687e-01,-4.35810547350900e-01
9.42272154239935e+03	7.42412343036684e-01,-4.37285696571629e-01
9.48826175375803e+03	7.39752528984837e-01,-4.38749714457815e-01
9.55425783333754e+03	7.37074974245269e-01,-4.40202347454529e-01
9.62071295195212e+03	7.34379760586600e-01,-4.41643341835101e-01
9.68763030247075e+03	7.31666974275485e-01,-4.43072443789449e-01
9.75501309997057e+03	7.28936706106142e-01,-4.44489399513638e-01
9.82286458189136e+03	7.26189051427718e-01,-4.45893955300386e-01
9.89118800819108e+03	7.23424110169997e-01,-4.47285857631573e-01
9.95998666150247e+03	7.20641986867043e-01,-4.48664853272035e-01
1.00292638472908e+04	7.17842790678384e-01,-4.50030689363925e-01
1.00990228940127e+04	7.15026635408400e-01,-4.51383113523000e-01
1.01692671532759e+04	7.12193639523335e-01,-4.52721873935735e-01
1.02400000000007e+04	7.09343926166070e-01,-4.54046719457585e-01
1.03112248325815e+04	7.06477623168557e-01,-4.55357399712243e-01
1.03829450730506e+04	7.03594863062041e-01,-4.56653665192204e-01
1.04551641672424e+04	7.00695783084517e-01,-4.57935267359476e-01
1.05278855849588e+04	6.97780525186215e-01,-4.59201958748205e-01
1.06011128201364e+04	6.94849236032160e-01,-4.60453493067162e-01
1.06748493910138e+04	6.91902067002489e-01,-4.61689625303635e-01
1.07490988403009e+04	6.88939174189990e-01,-4.62910111827485e-01
1.08238647353493e+04	6.85960718395123e-01,-4.64114710496080e-01
1.08991506683231e+04	6.82966865118466e-01,-4.65303180759896e-01
1.09749602563724e+04	6.79957784550225e-01,-4.66475283767991e-01
1.10512971418061e+04	6.76933651557264e-01,-4.67630782474396e-01
1.11281649922676e+04	6.73894645667369e-01,-4.68769441744797e-01
1.12055675009107e+04	6.70840951050515e-01,-4.69891028462836e-01
1.12835083865773e+04	6.67772756497672e-01,-4.70995311637443e-01
1.13619913939755e+04	6.64690255396441e-01,-4.72082062509268e-01
1.14410202938603e+04	6.61593645704188e-01,-4.73151054658036e-01
1.15205988832142e+04	6.58483129918011e-01,-4.74202064108898e-01
1.16007309854298e+04	6.55358915042046e-01,-4.75234869439178e-01
1.16814204504935e+04	6.52221212551870e-01,-4.76249251884800e-01
1.17626711551704e+04	6.49070238355886e-01,-4.77244995445938e-01
1.18444870031910e+04	6.45906212753946e-01,-4.78221886992607e-01
1.19268719254378e+04	6.42729360393019e-01,-4.79179716369540e-01
1.20098298801353e+04	6.39539910219969e-01,-4.80118276500446e-01
1.20933648530392e+04	6.36338095431448e-01,-4.81037363491540e-01
1.21774808576287e+04	6.33124153420877e-01,-4.81936776734204e-01
1.22621819352987e+04	6.29898325722649e-01,-4.82816319007042e-01
1.23474721555542e+04	6.26660857953264e-01,-4.83675796576253e-01
1.24333556162061e+04	6.23411999749818e-01,-4.84515019295566e-01
1.25198364435677e+04	6.20152004705651e-01,-4.85333800704994e-01
1.26069187926528e+04	6.16881130303006e-01,-4.86131958127628e-01
1.26946068473761e+04	6.13599637843133e-01,-4.86909312765864e-01
1.27829048207534e+04	6.10307792373513e-01,-4.87665689795717e-01
1.28718169551044e+04	6.07005862612377e-01,-4.88400918459601e-01
1.29613475222566e+04	6.03694120870641e-01,-4.89114832157885e-01
1.30515008237502e+04	6.00372842971044e-01,-4.89807268538068e-01
1.31422811910451e+04	5.97042308164814e-01,-4.90478069582697e-01
1.32336929857288e+04	5.93702799045748e-01,-4.91127081695229e-01
1.33257405997263e+04	5.90354601461755e-01,-4.91754155783804e-01
1.34184284555106e+04	5.86998004423982e-01,-4.92359147343090e-01
1.35117610063154e+04	5.83633300013504e-01,-4.92941916533806e-01
1.36057427363492e+04	5.80260783285748e-01,-4.93502328260387e-01
1.37003781610108e+04	5.76880752172562e-01,-4.94040252246012e-01
1.37956718271056e+04	5.73493507382055e-01,-4.94555563105053e-01
1.38916283130651e+04	5.70099352296433e-01,-4.95048140414001e-01
1.39882522291660e+04	5.66698592867558e-01,-4.95517868778668e-01
1.40855482177520e+04	5.63291537510642e-01,-4.95964637899597e-01
1.41835209534569e+04	5.59878496995986e-01,-4.96388342634781e-01
1.42821751434292e+04	5.56459784338771e-01,-4.96788883058863e-01
1.43815155275581e+04	5.53035714687257e-01,-4.97166164520995e-01
1.44815468787015e+04	5.49606605209085e-01,-4.97520097698169e-01
1.45822740029151e+04	5.46172774976123e-01,-4.97850598646898e-01
1.46837017396831e+04	5.42734544847756e-01,-4.98157588851638e-01
1.47858349621514e+04	5.39292237352681e-01,-4.98440995269623e-01
1.48886785773610e+04	5.35846176569449e-01,-4.98700750373340e-01
1.49922375264843e+04	5.32396688005722e-01,-4.98936792189759e-01
1.50965167850620e+04	5.28944098476363e-01,-4.99149064335969e-01
1.52015213632425e+04	5.25488735980500e-01,-4.99337516052203e-01
1.53072563060229e+04	5.22030929577616e-01,-4.99502102231364e-01
1.54137266934904e+04	5.18571009262776e-01,-4.99642783445224e-01
1.55209376410676e+04	5.15109305841095e-01,-4.99759525967393e-01
1.56288942997572e+04	5.11646150801567e-01,-4.99852301793320e-01
1.57376018563904e+04	5.08181876190302e-01,-4.99921088656402e-01
1.58470655338752e+04	5.04716814483338e-01,-4.99965870040976e-01
1.59572905914482e+04	5.01251298459089e-01,-4.99986635192249e-01
1.60682823249266e+04	4.97785661070551e-01,-4.99983379122411e-01
1.61800460669631e+04	4.94320235317362e-01,-4.99956102613608e-01
1.62925871873019e+04	4.90855354117826e-01,-4.99904812217523e-01
1.64059110930366e+04	4.87391350181004e-01,-4.99829520251360e-01
1.65200232288703e+04	4.83928555878974e-01,-4.99730244790875e-01
1.66349290773769e+04	4.80467303119364e-01,-4.99607009659704e-01
1.67506341592646e+04	4.77007923218276e-01,-4.99459844415282e-01
1.68671440336411e+04	4.73550746773663e-01,-4.99288784331874e-01
1.69844642982810e+04	4.70096103539340e-01,-4.99093870379497e-01
1.71026005898942e+04	4.66644322299626e-01,-4.98875149200419e-01
1.72215585843973e+04	4.63195730744806e-01,-4.98632673081921e-01
1.73413439971858e+04	4.59750655347476e-01,-4.98366499925656e-01
1.74619625834090e+04	4.56309421239875e-01,-4.98076693214134e-01
1.75834201382465e+04	4.52872352092278e-01,-4.97763321974016e-01
1.77057224971864e+04	4.49439769992598e-01,-4.97426460735961e-01
1.78288755363059e+04	4.46011995327244e-01,-4.97066189491686e-01
1.79528851725537e+04	4.42589346663342e-01,-4.96682593647828e-01
1.80777573640339e+04	4.39172140632406e-01,-4.96275763976953e-01
1.82034981102927e+04	4.35760691815590e-01,-4.95845796565262e-01
1.83301134526062e+04	4.32355312630487e-01,-4.95392792758052e-01
1.84576094742712e+04	4.28956313219758e-01,-4.94916859101498e-01
1.85859923008968e+04	4.25564001341438e-01,-4.94418107282479e-01
1.87152681006995e+04	4.22178682261197e-01,-4.93896654065169e-01
1.88454430847988e+04	4.18800658646530e-01,-4.93352621225100e-01
1.89765235075162e+04	4.15430230462952e-01,-4.92786135480840e-01
1.91085156666752e+04	4.12067694872328e-01,-4.92197328422861e-01
1.92414259039044e+04	4.08713346133339e-01,-4.91586336440231e-01
1.93752606049416e+04	4.05367475504172e-01,-4.90953300644934e-01
1.95100261999413e+04	4.02030371147568e-01,-4.90298366793598e-01
1.96457291637829e+04	3.98702318038139e-01,-4.89621685207484e-01
1.97823760163823e+04	3.95383597872170e-01,-4.88923410689974e-01
1.99199733230051e+04	3.92074488979851e-01,-4.88203702442211e-01
2.00585276945817e+04	3.88775266240008e-01,-4.87462723976867e-01
2.01980457880255e+04	3.85486200997485e-01,-4.86700643029653e-01
2.03385343065520e+04	3.82207560982996e-01,-4.85917631469664e-01
2.04800000000015e+04	3.78939610235798e-01,-4.85113865207305e-01
2.06224496651631e+04	3.75682609028915e-01,-4.84289524101205e-01
2.07658901461013e+04	3.72436813797120e-01,-4.83444791863431e-01
2.09103283344849e+04	3.69202477067769e-01,-4.82579855962953e-01
2.10557711699178e+04	3.65979847394263e-01,-4.81694907528329e-01
2.12022256402730e+04	3.62769169292453e-01,-4.80790141248679e-01
2.13496987820278e+04	3.59570683179783e-01,-4.79865755273808e-01
2.14981976806020e+04	3.56384625317406e-01,-4.78921951112861e-01
2.16477294706987e+04	3.53211227754976e-01,-4.77958933532656e-01
2.17983013366464e+04	3.50050718278526e-01,-4.76976910454401e-01
2.19499205127449e+04	3.46903320361103e-01,-4.75976092850102e-01
2.21025942836123e+04	3.43769253116320e-01,-4.74956694638148e-01
2.22563299845353e+04	3.40648731254860e-01,-4.73918932578129e-01
2.24111350018216e+04	3.37541965043785e-01,-4.72863026165408e-01
2.25670167731547e+04	3.34449160268815e-01,-4.71789197525022e-01
2.27239827879512e+04	3.31370518199497e-01,-4.70697671305239e-01
2.28820405877208e+04	3.28306235557182e-01,-4.69588674571049e-01
2.30411977664286e+04	3.25256504485923e-01,-4.68462436697328e-01
2.32014619708597e+04	3.22221512526226e-01,-4.67319189261912e-01
2.33628409009871e+04	3.19201442591617e-01,-4.66159165938712e-01
2.35253423103411e+04	3.16196472948035e-01,-4.64982602390869e-01
2.36889740063821e+04	3.13206777195997e-01,-4.63789736164148e-01
2.38537438508758e+04	3.10232524255570e-01,-4.62580806580416e-01
2.40196597602707e+04	3.07273878354060e-01,-4.61356054631550e-01
2.41867297060786e+04	3.04330999016345e-01,-4.60115722873853e-01
2.43549617152576e+04	3.01404041058048e-01,-4.58860055322560e-01
2.45243638705975e+04	2.98493154581203e-01,-4.57589297347261e-01
2.46949443111087e+04	2.95598484972558e-01,-4.56303695567828e-01
2.48667112324125e+04	2.92720172904504e-01,-4.55003497750922e-01
2.50396728871355e+04	2.89858354338487e-01,-4.53688952707334e-01
2.52138375853058e+04	2.87013160530886e-01,-4.52360310190187e-01
2.53892136947524e+04	2.84184718041422e-01,-4.51017820793840e-01
2.55658096415070e+04	2.81373148743850e-01,-4.49661735853952e-01
2.57436339102090e+04	2.78578569839039e-01,-4.48292307348477e-01
2.59226950445133e+04	2.75801093870427e-01,-4.46909787799561e-01
2.61030016475005e+04	2.73040828741637e-01,-4.45514430176739e-01
2.62845623820903e+04	2.70297877736265e-01,-4.44106487801351e-01
2.64673859714579e+04	2.67572339539981e-01,-4.42686214251842e-01
2.66514811994529e+04	2.64864308264506e-01,-4.41253863270774e-01
2.68368569110214e+04	2.62173873473830e-01,-4.39809688672728e-01
2.70235220126310e+04	2.59501120212234e-01,-4.38353944253949e-01
2.72114854726987e+04	2.56846129034349e-01,-4.36886883703147e-01
2.74007563220217e+04	2.54208976037127e-01,-4.35408760513683e-01
2.75913436542115e+04	2.51589732893467e-01,-4.33919827897527e-01
2.77832566261305e+04	2.48988466887738e-01,-4.32420338700451e-01
2.79765044583322e+04	2.46405240952938e-01,-4.30910545318894e-01
2.81710964355041e+04	2.43840113709513e-01,-4.29390699618367e-01
2.83670419069139e+04	2.41293139505694e-01,-4.27861052853556e-01
2.85643502868585e+04	2.38764368459478e-01,-4.26321855589855e-01
2.87630310551164e+04	2.36253846501928e-01,-4.24773357626786e-01
2.89630937574032e+04	2.33761615421954e-01,-4.23215807922981e-01
2.91645480058303e+04	2.31287712912412e-01,-4.21649454522873e-01
2.93674034793664e+04	2.28832172617511e-01,-4.20074544485090e-01
2.95716699243030e+04	2.26395024181377e-01,-4.18491323812661e-01
2.97773571547223e+04	2.23976293297832e-01,-4.16900037384913e-01
2.99844750529688e+04	2.21576001761270e-01,-4.15300928891114e-01
3.01930335701241e+04	2.19194167518536e-01,-4.13694240765970e-01
3.04030427264853e+04	2.16830804721878e-01,-4.12080214126760e-01
3.06145126120459e+04	2.14485923782721e-01,-4.10459088712428e-01
3.08274533869811e+04	2.12159531426375e-01,-4.08831102824358e-01
3.10418752821354e+04	2.09851630747542e-01,-4.07196493268984e-01
3.12577885995147e+04	2.07562221266587e-01,-4.05555495302174e-01
3.14752037127810e+04	2.05291298986526e-01,-4.03908342575402e-01
3.16941310677506e+04	2.03038856450616e-01,-4.02255267083770e-01
3.19145811828966e+04	2.00804882800568e-01,-4.00596499115787e-01
3.21365646498535e+04	1.98589363835331e-01,-3.98932267204887e-01
3.23600921339265e+04	1.96392282070327e-01,-3.97262798082792e-01
3.25851743746041e+04	1.94213616797110e-01,-3.95588316634644e-01
3.28118221860735e+04	1.92053344143443e-01,-3.93909045855872e-01
3.30400464577409e+04	1.89911437133754e-01,-3.92225206810756e-01
3.32698581547541e+04	1.87787865749781e-01,-3.90537018592855e-01
3.35012683185294e+04	1.85682596991547e-01,-3.88844698287048e-01
3.37342880672825e+04	1.83595594938485e-01,-3.87148460933350e-01
3.39689285965622e+04	1.81526820810725e-01,-3.85448519492405e-01
3.42052011797887e+04	1.79476233030522e-01,-3.83745084812607e-01
3.44431171687949e+04	1.77443787283691e-01,-3.82038365598970e-01
3.46826879943719e+04	1.75429436581099e-01,-3.80328568383575e-01
3.49239251668183e+04	1.73433131320119e-01,-3.78615897497679e-01
3.51668402764932e+04	1.71454819346086e-01,-3.76900555045336e-01
3.54114449943730e+04	1.69494446013541e-01,-3.75182740878747e-01
3.56577510726121e+04	1.67551954247451e-01,-3.73462652575032e-01
3.59057703451077e+04	1.65627284604196e-01,-3.71740485414606e-01
3.61555147280681e+04	1.63720375332397e-01,-3.70016432361011e-01
3.64069962205857e+04	1.61831162433412e-01,-3.68290684042350e-01
3.66602269052127e+04	1.59959579721697e-01,-3.66563428734010e-01
3.69152189485426e+04	1.58105558884720e-01,-3.64834852342994e-01
3.71719846017939e+04	1.56269029542666e-01,-3.63105138393517e-01
3.74305362013993e+04	1.54449919307677e-01,-3.61374468014103e-01
3.76908861695980e+04	1.52648153842768e-01,-3.59643019925956e-01
3.79530470150327e+04	1.50863656920275e-01,-3.57910970432719e-01
3.82170313333507e+04	1.49096350479898e-01,-3.56178493411496e-01
3.84828518078091e+04	1.47346154686249e-01,-3.54445760305168e-01
3.87505212098836e+04	1.45612987985920e-01,-3.52712940115948e-01
3.90200523998829e+04	1.43896767164008e-01,-3.50980199400180e-01
3.92914583275660e+04	1.42197407400126e-01,-3.49247702264305e-01
3.95647520327649e+04	1.40514822323878e-01,-3.47515610361964e-01
3.98399466460105e+04	1.38848924069696e-01,-3.45784082892308e-01
4.01170553891638e+04	1.37199623331139e-01,-3.44053276599333e-01
4.03960915760513e+04	1.35566829414520e-01,-3.42323345772375e-01
4.06770686131043e+04	1.33950450291984e-01,-3.40594442247556e-01
4.09600000000034e+04	1.32350392653857e-01,-3.38866715410342e-01
4.12448993303266e+04	1.30766561960392e-01,-3.37140312199031e-01
4.15317802922030e+04	1.29198862492825e-01,-3.35415377109225e-01
4.18206566689701e+04	1.27647197403736e-01,-3.33692052199246e-01
4.21115423398359e+04	1.26111468766737e-01,-3.31970477096435e-01
4.24044512805463e+04	1.24591577625405e-01,-3.30250789004370e-01
4.26993975640559e+04	1.23087424041614e-01,-3.28533122710834e-01
4.29963953612044e+04	1.21598907142958e-01,-3.26817610596771e-01
4.32954589413977e+04	1.20125925169624e-01,-3.25104382645866e-01
4.35966026732932e+04	1.18668375520421e-01,-3.23393566454995e-01
4.38998410254902e+04	1.17226154798071e-01,-3.21685287245401e-01
4.41000000000000e+04	1.16287915230201e-01,-3.20565591864529e-01
