Freq.	V(vout)
2.00000000000000e+01	9.97652921745534e-01,-3.98828691253793e-02
2.01391110011344e+01	9.97630700962376e-01,-4.01593819257493e-02
2.02791895958006e+01	9.97608170999294e-01,-4.04377992705268e-02
2.04202425141439e+01	9.97585327568640e-01,-4.07181340142414e-02
2.05622765331213e+01	9.97562166323708e-01,-4.10003990926342e-02
2.07052984768276e+01	9.97538682857927e-01,-4.12846075230516e-02
2.08493152168224e+01	9.97514872704054e-01,-4.15707724048394e-02
2.09943336724614e+01	9.97490731333347e-01,-4.18589069197349e-02
2.11403608112276e+01	9.97466254154731e-01,-4.21490243322592e-02
2.12874036490672e+01	9.97441436513954e-01,-4.24411379901080e-02
2.14354692507259e+01	9.97416273692730e-01,-4.27352613245408e-02
2.15845647300886e+01	9.97390760907869e-01,-4.30314078507701e-02
2.17346972505212e+01	9.97364893310402e-01,-4.33295911683481e-02
2.18858740252148e+01	9.97338665984688e-01,-4.36298249615527e-02
2.20381023175322e+01	9.97312073947511e-01,-4.39321229997721e-02
2.21913894413569e+01	9.97285112147166e-01,-4.42364991378875e-02
2.23457427614444e+01	9.97257775462537e-01,-4.45429673166543e-02
2.25011696937762e+01	9.97230058702152e-01,-4.48515415630819e-02
2.26576777059160e+01	9.97201956603240e-01,-4.51622359908109e-02
2.28152743173685e+01	9.97173463830762e-01,-4.54750648004893e-02
2.29739670999407e+01	9.97144574976438e-01,-4.57900422801457e-02
2.31337636781058e+01	9.97115284557761e-01,-4.61071828055609e-02
2.32946717293691e+01	9.97085587016995e-01,-4.64265008406375e-02
2.34566989846376e+01	9.97055476720159e-01,-4.67480109377661e-02
2.36198532285906e+01	9.97024947956002e-01,-4.70717277381903e-02
2.37841423000545e+01	9.96993994934963e-01,-4.73976659723679e-02
2.39495740923786e+01	9.96962611788118e-01,-4.77258404603298e-02
2.41161565538152e+01	9.96930792566111e-01,-4.80562661120367e-02
2.42838976879010e+01	9.96898531238072e-01,-4.83889579277316e-02
2.44528055538414e+01	9.96865821690526e-01,-4.87239309982899e-02
2.46228882668984e+01	9.96832657726280e-01,-4.90612005055663e-02
2.47941539987798e+01	9.96799033063303e-01,-4.94007817227378e-02
2.49666109780323e+01	9.96764941333584e-01,-4.97426900146436e-02
2.51402674904366e+01	9.96730376081983e-01,-5.00869408381213e-02
2.53151318794057e+01	9.96695330765064e-01,-5.04335497423387e-02
2.54912125463853e+01	9.96659798749911e-01,-5.07825323691226e-02
2.56685179512581e+01	9.96623773312933e-01,-5.11339044532824e-02
2.58470566127499e+01	9.96587247638647e-01,-5.14876818229302e-02
2.60268371088387e+01	9.96550214818459e-01,-5.18438803997959e-02
2.62078680771673e+01	9.96512667849410e-01,-5.22025161995384e-02
2.63901582154580e+01	9.96474599632924e-01,-5.25636053320509e-02
2.65737162819303e+01	9.96436002973532e-01,-5.29271640017623e-02
2.67585510957223e+01	9.96396870577576e-01,-5.32932085079330e-02
2.69446715373139e+01	9.96357195051907e-01,-5.36617552449452e-02
2.71320865489535e+01	9.96316968902558e-01,-5.40328207025881e-02
2.73208051350880e+01	9.96276184533402e-01,-5.44064214663369e-02
2.75108363627950e+01	9.96234834244797e-01,-5.47825742176267e-02
2.77021893622186e+01	9.96192910232209e-01,-5.51612957341195e-02
2.78948733270082e+01	9.96150404584820e-01,-5.55426028899654e-02
2.80888975147600e+01	9.96107309284120e-01,-5.59265126560570e-02
2.82842712474620e+01	9.96063616202479e-01,-5.63130421002774e-02
2.84810039119415e+01	9.96019317101701e-01,-5.67022083877411e-02
2.86791049603166e+01	9.95974403631563e-01,-5.70940287810281e-02
2.88785839104500e+01	9.95928867328330e-01,-5.74885206404096e-02
2.90794503464063e+01	9.95882699613262e-01,-5.78857014240680e-02
2.92817139189126e+01	9.95835891791088e-01,-5.82855886883067e-02
2.94853843458221e+01	9.95788435048476e-01,-5.86882000877542e-02
2.96904714125811e+01	9.95740320452473e-01,-5.90935533755580e-02
2.98969849726989e+01	9.95691538948929e-01,-5.95016664035711e-02
3.01049349482215e+01	9.95642081360907e-01,-5.99125571225295e-02
3.03143313302081e+01	9.95591938387066e-01,-6.03262435822198e-02
3.05251841792113e+01	9.95541100600026e-01,-6.07427439316388e-02
3.07375036257604e+01	9.95489558444717e-01,-6.11620764191423e-02
3.09512998708479e+01	9.95437302236704e-01,-6.15842593925851e-02
3.11665831864201e+01	9.95384322160491e-01,-6.20093112994496e-02
3.13833639158702e+01	9.95330608267809e-01,-6.24372506869652e-02
3.16016524745352e+01	9.95276150475878e-01,-6.28680962022157e-02
3.18214593501969e+01	9.95220938565652e-01,-6.33018665922370e-02
3.20427951035850e+01	9.95164962180038e-01,-6.37385807041023e-02
3.22656703688852e+01	9.95108210822102e-01,-6.41782574849963e-02
3.24900958542496e+01	9.95050673853244e-01,-6.46209159822768e-02
3.27160823423114e+01	9.94992340491355e-01,-6.50665753435249e-02
3.29436406907031e+01	9.94933199808955e-01,-6.55152548165816e-02
3.31727818325778e+01	9.94873240731307e-01,-6.59669737495719e-02
3.34035167771350e+01	9.94812452034501e-01,-6.64217515909155e-02
3.36358566101488e+01	9.94750822343530e-01,-6.68796078893239e-02
3.38698124945013e+01	9.94688340130330e-01,-6.73405622937830e-02
3.41053956707185e+01	9.94624993711806e-01,-6.78046345535217e-02
3.43426174575103e+01	9.94560771247827e-01,-6.82718445179660e-02
3.45814892523148e+01	9.94495660739203e-01,-6.87422121366766e-02
3.48220225318452e+01	9.94429650025640e-01,-6.92157574592728e-02
3.50642288526416e+01	9.94362726783662e-01,-6.96925006353386e-02
3.53081198516264e+01	9.94294878524519e-01,-7.01724619143140e-02
3.55537072466630e+01	9.94226092592064e-01,-7.06556616453679e-02
3.58010028371191e+01	9.94156356160613e-01,-7.11421202772555e-02
3.60500185044334e+01	9.94085656232769e-01,-7.16318583581563e-02
3.63007662126867e+01	9.94013979637231e-01,-7.21248965354955e-02
3.65532580091762e+01	9.93941313026574e-01,-7.26212555557461e-02
3.68075060249952e+01	9.93867642875005e-01,-7.31209562642118e-02
3.70635224756151e+01	9.93792955476089e-01,-7.36240196047908e-02
3.73213196614725e+01	9.93717236940459e-01,-7.41304666197197e-02
3.75809099685607e+01	9.93640473193487e-01,-7.46403184492970e-02
3.78423058690241e+01	9.93562649972943e-01,-7.51535963315851e-02
3.81055199217578e+01	9.93483752826615e-01,-7.56703216020914e-02
3.83705647730108e+01	9.93403767109910e-01,-7.61905156934274e-02
3.86374531569941e+01	9.93322677983430e-01,-7.67142001349453e-02
3.89061978964917e+01	9.93240470410511e-01,-7.72413965523512e-02
3.91768119034774e+01	9.93157129154749e-01,-7.77721266672953e-02
3.94493081797347e+01	9.93072638777486e-01,-7.83064122969378e-02
3.97236998174817e+01	9.92986983635276e-01,-7.88442753534900e-02
4.00000000000003e+01	9.92900147877322e-01,-7.93857378437302e-02
4.02782220022691e+01	9.92812115442885e-01,-7.99308218684938e-02
4.05583791916015e+01	9.92722870058662e-01,-8.04795496221371e-02
4.08404850282880e+01	9.92632395236144e-01,-8.10319433919739e-02
4.11245530662430e+01	9.92540674268934e-01,-8.15880255576841e-02
4.14105969536554e+01	9.92447690230048e-01,-8.21478185906949e-02
4.16986304336452e+01	9.92353425969181e-01,-8.27113450535323e-02
4.19886673449230e+01	9.92257864109947e-01,-8.32786275991431e-02
4.22807216224556e+01	9.92160987047084e-01,-8.38496889701874e-02
4.25748072981347e+01	9.92062776943640e-01,-8.44245519982984e-02
4.28709385014521e+01	9.91963215728125e-01,-8.50032396033132e-02
4.31691294601774e+01	9.91862285091628e-01,-8.55857747924685e-02
4.34693945010427e+01	9.91759966484915e-01,-8.61721806595655e-02
4.37717480504299e+01	9.91656241115490e-01,-8.67624803840997e-02
4.40762046350648e+01	9.91551089944629e-01,-8.73566972303564e-02
4.43827788827142e+01	9.91444493684385e-01,-8.79548545464715e-02
4.46914855228892e+01	9.91336432794560e-01,-8.85569757634560e-02
4.50023393875528e+01	9.91226887479650e-01,-8.91630843941829e-02
4.53153554118323e+01	9.91115837685758e-01,-8.97732040323380e-02
4.56305486347374e+01	9.91003263097479e-01,-9.03873583513307e-02
4.59479341998818e+01	9.90889143134752e-01,-9.10055711031671e-02
4.62675273562119e+01	9.90773456949684e-01,-9.16278661172814e-02
4.65893434587387e+01	9.90656183423341e-01,-9.22542672993280e-02
4.69133979692756e+01	9.90537301162512e-01,-9.28847986299305e-02
4.72397064571817e+01	9.90416788496439e-01,-9.35194841633887e-02
4.75682846001093e+01	9.90294623473516e-01,-9.41583480263421e-02
4.78991481847576e+01	9.90170783857966e-01,-9.48014144163884e-02
4.82323131076309e+01	9.90045247126473e-01,-9.54487076006573e-02
4.85677953758023e+01	9.89917990464795e-01,-9.61002519143372e-02
4.89056111076832e+01	9.89788990764342e-01,-9.67560717591554e-02
4.92457765337971e+01	9.89658224618722e-01,-9.74161916018092e-02
4.95883079975600e+01	9.89525668320260e-01,-9.80806359723488e-02
4.99332219560650e+01	9.89391297856485e-01,-9.87494294625089e-02
5.02805349808736e+01	9.89255088906584e-01,-9.94225967239894e-02
5.06302637588117e+01	9.89117016837825e-01,-1.00100162466684e-01
5.09824250927710e+01	9.88977056701960e-01,-1.00782151456857e-01
5.13370359025167e+01	9.88835183231580e-01,-1.01468588515260e-01
5.16941132255002e+01	9.88691370836459e-01,-1.02159498515201e-01
5.20536742176779e+01	9.88545593599847e-01,-1.02854906380552e-01
5.24157361543351e+01	9.88397825274756e-01,-1.03554837083699e-01
5.27803164309163e+01	9.88248039280193e-01,-1.04259315643435e-01
5.31474325638610e+01	9.88096208697384e-01,-1.04968367122791e-01
5.35171021914451e+01	9.87942306265953e-01,-1.05682016626809e-01
5.38893430746282e+01	9.87786304380079e-01,-1.06400289300247e-01
5.42641730979075e+01	9.87628175084622e-01,-1.07123210325229e-01
5.46416102701764e+01	9.87467890071223e-01,-1.07850804918821e-01
5.50216727255904e+01	9.87305420674366e-01,-1.08583098330545e-01
5.54043787244376e+01	9.87140737867426e-01,-1.09320115839832e-01
5.57897466540169e+01	9.86973812258674e-01,-1.10061882753391e-01
5.61777950295205e+01	9.86804614087266e-01,-1.10808424402527e-01
5.65685424949245e+01	9.86633113219196e-01,-1.11559766140371e-01
5.69620078238835e+01	9.86459279143225e-01,-1.12315933339050e-01
5.73582099206338e+01	9.86283080966786e-01,-1.13076951386774e-01
5.77571678209005e+01	9.86104487411856e-01,-1.13842845684858e-01
5.81589006928131e+01	9.85923466810808e-01,-1.14613641644654e-01
5.85634278378257e+01	9.85739987102231e-01,-1.15389364684419e-01
5.89707686916448e+01	9.85554015826734e-01,-1.16170040226092e-01
5.93809428251627e+01	9.85365520122714e-01,-1.16955693691999e-01
5.97939699453983e+01	9.85174466722111e-01,-1.17746350501472e-01
6.02098698964434e+01	9.84980821946125e-01,-1.18542036067381e-01
6.06286626604167e+01	9.84784551700930e-01,-1.19342775792587e-01
6.10503683584231e+01	9.84585621473342e-01,-1.20148595066306e-01
6.14750072515213e+01	9.84383996326486e-01,-1.20959519260382e-01
6.19025997416964e+01	9.84179640895428e-01,-1.21775573725472e-01
6.23331663728408e+01	9.83972519382790e-01,-1.22596783787144e-01
6.27667278317409e+01	9.83762595554348e-01,-1.23423174741873e-01
6.32033049490710e+01	9.83549832734608e-01,-1.24254771852953e-01
6.36429187003943e+01	9.83334193802365e-01,-1.25091600346301e-01
6.40855902071706e+01	9.83115641186241e-01,-1.25933685406175e-01
6.45313407377709e+01	9.82894136860209e-01,-1.26781052170787e-01
6.49801917084997e+01	9.82669642339104e-01,-1.27633725727811e-01
6.54321646846233e+01	9.82442118674112e-01,-1.28491731109797e-01
6.58872813814067e+01	9.82211526448250e-01,-1.29355093289473e-01
6.63455636651562e+01	9.81977825771832e-01,-1.30223837174946e-01
6.68070335542704e+01	9.81740976277922e-01,-1.31097987604790e-01
6.72717132202981e+01	9.81500937117777e-01,-1.31977569343032e-01
6.77396249890031e+01	9.81257666956279e-01,-1.32862607074018e-01
6.82107913414375e+01	9.81011123967359e-01,-1.33753125397168e-01
6.86852349150212e+01	9.80761265829413e-01,-1.34649148821624e-01
6.91629785046302e+01	9.80508049720716e-01,-1.35550701760771e-01
6.96440450636909e+01	9.80251432314823e-01,-1.36457808526642e-01
7.01284577052838e+01	9.79991369775970e-01,-1.37370493324208e-01
7.06162397032534e+01	9.79727817754478e-01,-1.38288780245537e-01
7.11074144933266e+01	9.79460731382149e-01,-1.39212693263838e-01
7.16020056742388e+01	9.79190065267665e-01,-1.40142256227372e-01
7.21000370088674e+01	9.78915773491991e-01,-1.41077492853240e-01
7.26015324253739e+01	9.78637809603779e-01,-1.42018426721033e-01
7.31065160183531e+01	9.78356126614780e-01,-1.42965081266367e-01
7.36150120499911e+01	9.78070676995263e-01,-1.43917479774262e-01
7.41270449512307e+01	9.77781412669439e-01,-1.44875645372406e-01
7.46426393229457e+01	9.77488285010902e-01,-1.45839601024269e-01
7.51618199371220e+01	9.77191244838080e-01,-1.46809369522081e-01
7.56846117380488e+01	9.76890242409694e-01,-1.47784973479673e-01
7.62110398435161e+01	9.76585227420250e-01,-1.48766435325166e-01
7.67411295460223e+01	9.76276148995530e-01,-1.49753777293524e-01
7.72749063139888e+01	9.75962955688118e-01,-1.50747021418955e-01
7.78123957929840e+01	9.75645595472942e-01,-1.51746189527161e-01
7.83536238069553e+01	9.75324015742847e-01,-1.52751303227444e-01
7.88986163594699e+01	9.74998163304187e-01,-1.53762383904651e-01
7.94473996349641e+01	9.74667984372454e-01,-1.54779452710970e-01
8.00000000000012e+01	9.74333424567939e-01,-1.55802530557566e-01
8.05564440045387e+01	9.73994428911427e-01,-1.56831638106058e-01
8.11167583832036e+01	9.73650941819924e-01,-1.57866795759841e-01
8.16809700565767e+01	9.73302907102432e-01,-1.58908023655232e-01
8.22491061324866e+01	9.72950267955769e-01,-1.59955341652471e-01
8.28211939073115e+01	9.72592966960422e-01,-1.61008769326533e-01
8.33972608672910e+01	9.72230946076464e-01,-1.62068325957791e-01
8.39773346898467e+01	9.71864146639510e-01,-1.63134030522498e-01
8.45614432449118e+01	9.71492509356742e-01,-1.64205901683098e-01
8.51496145962701e+01	9.71115974302976e-01,-1.65283957778364e-01
8.57418770029048e+01	9.70734480916802e-01,-1.66368216813362e-01
8.63382589203556e+01	9.70347967996786e-01,-1.67458696449235e-01
8.69387890020860e+01	9.69956373697738e-01,-1.68555413992806e-01
8.75434961008606e+01	9.69559635527055e-01,-1.69658386386001e-01
8.81524092701303e+01	9.69157690341132e-01,-1.70767630195089e-01
8.87655577654290e+01	9.68750474341865e-01,-1.71883161599741e-01
8.93829710457790e+01	9.68337923073224e-01,-1.73004996381892e-01
9.00046787751062e+01	9.67919971417918e-01,-1.74133149914423e-01
9.06307108236654e+01	9.67496553594156e-01,-1.75267637149654e-01
9.12610972694754e+01	9.67067603152488e-01,-1.76408472607638e-01
9.18958683997643e+01	9.66633052972762e-01,-1.77555670364269e-01
9.25350547124245e+01	9.66192835261175e-01,-1.78709244039191e-01
9.31786869174780e+01	9.65746881547432e-01,-1.79869206783511e-01
9.38267959385519e+01	9.65295122682017e-01,-1.81035571267320e-01
9.44794129143640e+01	9.64837488833586e-01,-1.82208349667005e-01
9.51365692002193e+01	9.64373909486472e-01,-1.83387553652368e-01
9.57982963695159e+01	9.63904313438329e-01,-1.84573194373544e-01
9.64646262152625e+01	9.63428628797892e-01,-1.85765282447711e-01
9.71355907516054e+01	9.62946782982888e-01,-1.86963827945596e-01
9.78112222153672e+01	9.62458702718074e-01,-1.88168840377786e-01
9.84915530675950e+01	9.61964314033435e-01,-1.89380328680816e-01
9.91766159951206e+01	9.61463542262524e-01,-1.90598301203065e-01
9.98664439121307e+01	9.60956312040965e-01,-1.91822765690437e-01
1.00561069961748e+02	9.60442547305112e-01,-1.93053729271831e-01
1.01260527517624e+02	9.59922171290890e-01,-1.94291198444408e-01
1.01964850185543e+02	9.59395106532790e-01,-1.95535179058643e-01
1.02674071805034e+02	9.58861274863067e-01,-1.96785676303168e-01
1.03388226451001e+02	9.58320597411103e-01,-1.98042694689401e-01
1.04107348435357e+02	9.57772994602982e-01,-1.99306238035969e-01
1.04831472308671e+02	9.57218386161245e-01,-2.00576309452914e-01
1.05560632861833e+02	9.56656691104866e-01,-2.01852911325689e-01
1.06294865127723e+02	9.56087827749428e-01,-2.03136045298942e-01
1.07034204382891e+02	9.55511713707522e-01,-2.04425712260092e-01
1.07778686149257e+02	9.54928265889375e-01,-2.05721912322680e-01
1.08528346195816e+02	9.54337400503699e-01,-2.07024644809529e-01
1.09283220540354e+02	9.53739033058785e-01,-2.08333908235674e-01
1.10043345451182e+02	9.53133078363848e-01,-2.09649700291092e-01
1.10808757448876e+02	9.52519450530611e-01,-2.10972017823223e-01
1.11579493308035e+02	9.51898062975164e-01,-2.12300856819275e-01
1.12355590059042e+02	9.51268828420075e-01,-2.13636212388328e-01
1.13137084989850e+02	9.50631658896794e-01,-2.14978078743231e-01
1.13924015647768e+02	9.49986465748321e-01,-2.16326449182286e-01
1.14716419841268e+02	9.49333159632179e-01,-2.17681316070744e-01
1.15514335641802e+02	9.48671650523676e-01,-2.19042670822078e-01
1.16317801385627e+02	9.48001847719478e-01,-2.20410503879077e-01
1.17126855675652e+02	9.47323659841493e-01,-2.21784804694728e-01
1.17941537383290e+02	9.46636994841078e-01,-2.23165561712908e-01
1.18761885650326e+02	9.45941760003581e-01,-2.24552762348878e-01
1.19587939890797e+02	9.45237861953212e-01,-2.25946392969595e-01
1.20419739792888e+02	9.44525206658270e-01,-2.27346438873826e-01
1.21257325320834e+02	9.43803699436724e-01,-2.28752884272083e-01
1.22100736716847e+02	9.43073244962157e-01,-2.30165712266379e-01
1.22950014503043e+02	9.42333747270080e-01,-2.31584904829794e-01
1.23805199483394e+02	9.41585109764635e-01,-2.33010442785883e-01
1.24666332745682e+02	9.40827235225684e-01,-2.34442305787904e-01
1.25533455663483e+02	9.40060025816300e-01,-2.35880472297877e-01
1.26406609898143e+02	9.39283383090662e-01,-2.37324919565492e-01
1.27285837400790e+02	9.38497208002374e-01,-2.38775623606850e-01
1.28171180414342e+02	9.37701400913211e-01,-2.40232559183057e-01
1.29062681475543e+02	9.36895861602294e-01,-2.41695699778674e-01
1.29960383417000e+02	9.36080489275718e-01,-2.43165017580018e-01
1.30864329369248e+02	9.35255182576629e-01,-2.44640483453336e-01
1.31774562762814e+02	9.34419839595775e-01,-2.46122066922845e-01
1.32691127330313e+02	9.33574357882514e-01,-2.47609736148649e-01
1.33614067108542e+02	9.32718634456324e-01,-2.49103457904549e-01
1.34543426440597e+02	9.31852565818788e-01,-2.50603197555727e-01
1.35479249978007e+02	9.30976047966098e-01,-2.52108919036348e-01
1.36421582682876e+02	9.30088976402052e-01,-2.53620584827055e-01
1.37370469830043e+02	9.29191246151588e-01,-2.55138155932382e-01
1.38325957009261e+02	9.28282751774838e-01,-2.56661591858091e-01
1.39288090127383e+02	9.27363387381729e-01,-2.58190850588441e-01
1.40256915410569e+02	9.26433046647125e-01,-2.59725888563394e-01
1.41232479406508e+02	9.25491622826537e-01,-2.61266660655774e-01
1.42214828986654e+02	9.24539008772391e-01,-2.62813120148383e-01
1.43204011348479e+02	9.23575096950885e-01,-2.64365218711092e-01
1.44200074017736e+02	9.22599779459422e-01,-2.65922906377906e-01
1.45203064850749e+02	9.21612948044642e-01,-2.67486131524024e-01
1.46213032036707e+02	9.20614494121064e-01,-2.69054840842902e-01
1.47230024099983e+02	9.19604308790333e-01,-2.70628979323329e-01
1.48254089902463e+02	9.18582282861100e-01,-2.72208490226530e-01
1.49285278645892e+02	9.17548306869523e-01,-2.73793315063305e-01
1.50323639874245e+02	9.16502271100415e-01,-2.75383393571231e-01
1.51369223476099e+02	9.15444065609042e-01,-2.76978663691909e-01
1.52422079687033e+02	9.14373580243570e-01,-2.78579061548315e-01
1.53482259092046e+02	9.13290704668186e-01,-2.80184521422220e-01
1.54549812627979e+02	9.12195328386890e-01,-2.81794975731738e-01
1.55624791585969e+02	9.11087340767964e-01,-2.83410355008981e-01
1.56707247613912e+02	9.09966631069135e-01,-2.85030587877865e-01
1.57797232718941e+02	9.08833088463431e-01,-2.86655601032061e-01
1.58894799269929e+02	9.07686602065744e-01,-2.88285319213120e-01
1.60000000000004e+02	9.06527060960095e-01,-2.89919665188785e-01
1.61112888009079e+02	9.05354354227628e-01,-2.91558559731511e-01
1.62233516766408e+02	9.04168370975318e-01,-2.93201921597200e-01
1.63361940113155e+02	9.02969000365410e-01,-2.94849667504181e-01
1.64498212264974e+02	9.01756131645595e-01,-2.96501712112448e-01
1.65642387814624e+02	9.00529654179923e-01,-2.98157968003179e-01
1.66794521734583e+02	8.99289457480465e-01,-2.99818345658543e-01
1.67954669379695e+02	8.98035431239725e-01,-3.01482753441835e-01
1.69122886489825e+02	8.96767465363797e-01,-3.03151097577940e-01
1.70299229192542e+02	8.95485450006295e-01,-3.04823282134160e-01
1.71483754005811e+02	8.94189275603031e-01,-3.06499209001419e-01
1.72676517840712e+02	8.92878832907463e-01,-3.08178777875869e-01
1.73877578004173e+02	8.91554013026908e-01,-3.09861886240918e-01
1.75086992201722e+02	8.90214707459525e-01,-3.11548429349701e-01
1.76304818540262e+02	8.88860808132069e-01,-3.13238300208030e-01
1.77531115530859e+02	8.87492207438407e-01,-3.14931389557818e-01
1.78765942091559e+02	8.86108798278818e-01,-3.16627585861035e-01
1.80009357550214e+02	8.84710474100054e-01,-3.18326775284193e-01
1.81261421647332e+02	8.83297128936174e-01,-3.20028841683397e-01
1.82522194538952e+02	8.81868657450146e-01,-3.21733666589987e-01
1.83791736799530e+02	8.80424954976220e-01,-3.23441129196790e-01
1.85070109424850e+02	8.78965917563053e-01,-3.25151106345013e-01
1.86357373834957e+02	8.77491442017606e-01,-3.26863472511799e-01
1.87653591877105e+02	8.76001425949790e-01,-3.28578099798479e-01
1.88958825828729e+02	8.74495767817863e-01,-3.30294857919532e-01
1.90273138400440e+02	8.72974366974576e-01,-3.32013614192304e-01
1.91596592739033e+02	8.71437123714053e-01,-3.33734233527481e-01
1.92929252430526e+02	8.69883939319402e-01,-3.35456578420373e-01
1.94271181503212e+02	8.68314716111057e-01,-3.37180508943020e-01
1.95622444430736e+02	8.66729357495823e-01,-3.38905882737153e-01
1.96983106135191e+02	8.65127768016632e-01,-3.40632555008034e-01
1.98353231990243e+02	8.63509853402994e-01,-3.42360378519207e-01
1.99732887824263e+02	8.61875520622127e-01,-3.44089203588192e-01
2.01122139923497e+02	8.60224677930754e-01,-3.45818878083134e-01
2.02521055035250e+02	8.58557234927565e-01,-3.47549247420463e-01
2.03929700371087e+02	8.56873102606310e-01,-3.49280154563561e-01
2.05348143610070e+02	8.55172193409528e-01,-3.51011440022497e-01
2.06776452902004e+02	8.53454421282879e-01,-3.52742941854825e-01
2.08214696870715e+02	8.51719701730074e-01,-3.54474495667510e-01
2.09662944617343e+02	8.49967951868371e-01,-3.56205934619979e-01
2.11121265723668e+02	8.48199090484639e-01,-3.57937089428343e-01
2.12589730255447e+02	8.46413038091940e-01,-3.59667788370816e-01
2.14068408765783e+02	8.44609716986637e-01,-3.61397857294348e-01
2.15557372298516e+02	8.42789051305984e-01,-3.63127119622526e-01
2.17056692391633e+02	8.40950967086184e-01,-3.64855396364735e-01
2.18566441080709e+02	8.39095392320888e-01,-3.66582506126637e-01
2.20086690902365e+02	8.37222257020109e-01,-3.68308265121986e-01
2.21617514897754e+02	8.35331493269525e-01,-3.70032487185792e-01
2.23158986616071e+02	8.33423035290136e-01,-3.71754983788885e-01
2.24711180118085e+02	8.31496819498257e-01,-3.73475564053887e-01
2.26274169979701e+02	8.29552784565807e-01,-3.75194034772621e-01
2.27848031295537e+02	8.27590871480867e-01,-3.76910200424991e-01
2.29432839682538e+02	8.25611023608468e-01,-3.78623863199347e-01
2.31028671283605e+02	8.23613186751585e-01,-3.80334823014364e-01
2.32635602771256e+02	8.21597309212291e-01,-3.82042877542458e-01
2.34253711351306e+02	8.19563341853045e-01,-3.83747822234764e-01
2.35883074766582e+02	8.17511238158063e-01,-3.85449450347691e-01
2.37523771300654e+02	8.15440954294747e-01,-3.87147552971084e-01
2.39175879781596e+02	8.13352449175125e-01,-3.88841919058008e-01
2.40839479585777e+02	8.11245684517261e-01,-3.90532335456175e-01
2.42514650641670e+02	8.09120624906593e-01,-3.92218586941032e-01
2.44201473433696e+02	8.06977237857160e-01,-3.93900456250526e-01
2.45900029006089e+02	8.04815493872666e-01,-3.95577724121572e-01
2.47610398966789e+02	8.02635366507344e-01,-3.97250169328221e-01
2.49332665491367e+02	8.00436832426567e-01,-3.98917568721564e-01
2.51066911326967e+02	7.98219871467160e-01,-4.00579697271369e-01
2.52813219796288e+02	7.95984466697369e-01,-4.02236328109468e-01
2.54571674801581e+02	7.93730604476428e-01,-4.03887232574911e-01
2.56342360828686e+02	7.91458274513687e-01,-4.05532180260880e-01
2.58125362951087e+02	7.89167469927238e-01,-4.07170939063396e-01
2.59920766834002e+02	7.86858187301987e-01,-4.08803275231795e-01
2.61728658738497e+02	7.84530426747133e-01,-4.10428953421005e-01
2.63549125525631e+02	7.82184191952977e-01,-4.12047736745613e-01
2.65382254660629e+02	7.79819490247034e-01,-4.13659386835727e-01
2.67228134217086e+02	7.77436332649365e-01,-4.15263663894629e-01
2.69086852881196e+02	7.75034733927092e-01,-4.16860326758229e-01
2.70958499956016e+02	7.72614712648035e-01,-4.18449132956304e-01
2.72843165365754e+02	7.70176291233409e-01,-4.20029838775527e-01
2.74740939660089e+02	7.67719496009524e-01,-4.21602199324265e-01
2.76651914018525e+02	7.65244357258439e-01,-4.23165968599161e-01
2.78576180254768e+02	7.62750909267501e-01,-4.24720899553462e-01
2.80513830821139e+02	7.60239190377710e-01,-4.26266744167102e-01
2.82464958813018e+02	7.57709243030861e-01,-4.27803253518512e-01
2.84429657973310e+02	7.55161113815393e-01,-4.29330177858149e-01
2.86408022696959e+02	7.52594853510892e-01,-4.30847266683721e-01
2.88400148035474e+02	7.50010517131180e-01,-4.32354268817084e-01
2.90406129701500e+02	7.47408163965945e-01,-4.33850932482799e-01
2.92426064073417e+02	7.44787857620836e-01,-4.35337005388313e-01
2.94460048199969e+02	7.42149666055976e-01,-4.36812234805743e-01
2.96508179804927e+02	7.39493661622827e-01,-4.38276367655232e-01
2.98570557291787e+02	7.36819921099348e-01,-4.39729150589844e-01
3.00647279748492e+02	7.34128525723394e-01,-4.41170330081966e-01
3.02738446952199e+02	7.31419561224295e-01,-4.42599652511187e-01
3.04844159374069e+02	7.28693117852545e-01,-4.44016864253602e-01
3.06964518184094e+02	7.25949290407573e-01,-4.45421711772509e-01
3.09099625255960e+02	7.23188178263505e-01,-4.46813941710466e-01
3.11249583171940e+02	7.20409885392894e-01,-4.48193300982640e-01
3.13414495227826e+02	7.17614520388338e-01,-4.49559536871424e-01
3.15594465437884e+02	7.14802196481950e-01,-4.50912397122258e-01
3.17789598539861e+02	7.11973031562623e-01,-4.52251630040609e-01
3.20000000000009e+02	7.09127148191027e-01,-4.53576984590058e-01
3.22225776018160e+02	7.06264673612315e-01,-4.54888210491430e-01
3.24467033532819e+02	7.03385739766459e-01,-4.56185058322916e-01
3.26723880226312e+02	7.00490483296193e-01,-4.57467279621127e-01
3.28996424529951e+02	6.97579045552505e-01,-4.58734626983019e-01
3.31284775629251e+02	6.94651572597640e-01,-4.59986854168612e-01
3.33589043469169e+02	6.91708215205566e-01,-4.61223716204459e-01
3.35909338759392e+02	6.88749128859871e-01,-4.62444969487776e-01
3.38245772979652e+02	6.85774473749050e-01,-4.63650371891178e-01
3.40598458385085e+02	6.82784414759140e-01,-4.64839682867939e-01
3.42967508011624e+02	6.79779121463679e-01,-4.66012663557710e-01
3.45353035681427e+02	6.76758768110949e-01,-4.67169076892614e-01
3.47755156008349e+02	6.73723533608479e-01,-4.68308687703645e-01
3.50173984403447e+02	6.70673601504777e-01,-4.69431262827289e-01
3.52609637080526e+02	6.67609159968270e-01,-4.70536571212292e-01
3.55062231061721e+02	6.64530401763425e-01,-4.71624384026488e-01
3.57531884183121e+02	6.61437524224036e-01,-4.72694474763608e-01
3.60018715100430e+02	6.58330729223661e-01,-4.73746619349984e-01
3.62522843294667e+02	6.55210223143183e-01,-4.74780596251063e-01
3.65044389077907e+02	6.52076216835505e-01,-4.75796186577649e-01
3.67583473599063e+02	6.48928925587350e-01,-4.76793174191778e-01
3.70140218849704e+02	6.45768569078170e-01,-4.77771345812142e-01
3.72714747669917e+02	6.42595371336161e-01,-4.78730491118979e-01
3.75307183754213e+02	6.39409560691382e-01,-4.79670402858326e-01
3.77917651657462e+02	6.36211369725985e-01,-4.80590876945556e-01
3.80546276800883e+02	6.33001035221557e-01,-4.81491712568110e-01
3.83193185478069e+02	6.29778798103590e-01,-4.82372712287321e-01
3.85858504861056e+02	6.26544903383084e-01,-4.83233682139253e-01
3.88542363006427e+02	6.23299600095311e-01,-4.84074431734454e-01
3.91244888861474e+02	6.20043141235746e-01,-4.84894774356535e-01
3.93966212270386e+02	6.16775783693191e-01,-4.85694527059493e-01
3.96706463980488e+02	6.13497788180132e-01,-4.86473510763669e-01
3.99465775648529e+02	6.10209419160331e-01,-4.87231550350268e-01
4.02244279846998e+02	6.06910944773714e-01,-4.87968474754348e-01
4.05042110070503e+02	6.03602636758567e-01,-4.88684117056178e-01
4.07859400742177e+02	6.00284770371093e-01,-4.89378314570896e-01
4.10696287220143e+02	5.96957624302370e-01,-4.90050908936362e-01
4.13552905804011e+02	5.93621480592747e-01,-4.90701746199130e-01
4.16429393741432e+02	5.90276624543734e-01,-4.91330676898460e-01
4.19325889234690e+02	5.86923344627442e-01,-4.91937556148266e-01
4.22242531447340e+02	5.83561932393611e-01,-4.92522243716943e-01
4.25179460510898e+02	5.80192682374300e-01,-4.93084604104979e-01
4.28136817531570e+02	5.76815891986294e-01,-4.93624506620269e-01
4.31114744597035e+02	5.73431861431286e-01,-4.94141825451071e-01
4.34113384783269e+02	5.70040893593913e-01,-4.94636439736515e-01
4.37132882161421e+02	5.66643293937698e-01,-4.95108233634601e-01
4.40173381804733e+02	5.63239370398992e-01,-4.95557096387604e-01
4.43235029795511e+02	5.59829433278964e-01,-4.95982922384838e-01
4.46317973232145e+02	5.56413795133744e-01,-4.96385611222695e-01
4.49422360236174e+02	5.52992770662777e-01,-4.96765067761900e-01
4.52548339959406e+02	5.49566676595481e-01,-4.97121202181936e-01
4.55696062591078e+02	5.46135831576293e-01,-4.97453930032558e-01
4.58865679365080e+02	5.42700556048183e-01,-4.97763172282362e-01
4.62057342567214e+02	5.39261172134733e-01,-4.98048855364346e-01
4.65271205542515e+02	5.35818003520867e-01,-4.98310911218416e-01
4.68507422702616e+02	5.32371375332322e-01,-4.98549277330798e-01
4.71766149533168e+02	5.28921614013965e-01,-4.98763896770302e-01
4.75047542601312e+02	5.25469047207033e-01,-4.98954718221412e-01
4.78351759563197e+02	5.22014003625417e-01,-4.99121696014156e-01
4.81678959171558e+02	5.18556812931066e-01,-4.99264790150726e-01
4.85029301283344e+02	5.15097805608630e-01,-4.99383966328831e-01
4.88402946867396e+02	5.11637312839424e-01,-4.99479195961731e-01
4.91800058012181e+02	5.08175666374831e-01,-4.99550456194962e-01
4.95220797933582e+02	5.04713198409242e-01,-4.99597729919709e-01
4.98665330982737e+02	5.01250241452632e-01,-4.99621005782830e-01
5.02133822653938e+02	4.97787128202875e-01,-4.99620278193501e-01
5.05626439592579e+02	4.94324191417911e-01,-4.99595547326499e-01
5.09143349603166e+02	4.90861763787863e-01,-4.99546819122092e-01
5.12684721657376e+02	4.87400177807206e-01,-4.99474105282566e-01
5.16250725902179e+02	4.83939765647100e-01,-4.99377423265364e-01
5.19841533668009e+02	4.80480859027986e-01,-4.99256796272864e-01
5.23457317476998e+02	4.77023789092546e-01,-4.99112253238800e-01
5.27098251051265e+02	4.73568886279135e-01,-4.98943828811340e-01
5.30764509321261e+02	4.70116480195795e-01,-4.98751563332843e-01
5.34456268434175e+02	4.66666899494928e-01,-4.98535502816313e-01
5.38173705762396e+02	4.63220471748761e-01,-4.98295698918582e-01
5.41916999912037e+02	4.59777523325676e-01,-4.98032208910237e-01
5.45686330731512e+02	4.56338379267521e-01,-4.97745095642344e-01
5.49481879320182e+02	4.52903363167988e-01,-4.97434427509986e-01
5.53303828037053e+02	4.49472797052161e-01,-4.97100278412669e-01
5.57152360509539e+02	4.46047001257323e-01,-4.96742727711621e-01
5.61027661642283e+02	4.42626294315122e-01,-4.96361860184054e-01
5.64929917626039e+02	4.39210992835174e-01,-4.95957765974415e-01
5.68859315946625e+02	4.35801411390202e-01,-4.95530540542686e-01
5.72816045393923e+02	4.32397862402800e-01,-4.95080284609796e-01
5.76800296070952e+02	4.29000656033887e-01,-4.94607104100190e-01
5.80812259403004e+02	4.25610100072962e-01,-4.94111110081622e-01
5.84852128146837e+02	4.22226499830215e-01,-4.93592418702234e-01
5.88920096399941e+02	4.18850158030578e-01,-4.93051151124986e-01
5.93016359609859e+02	4.15481374709803e-01,-4.92487433459508e-01
5.97141114583579e+02	4.12120447112618e-01,-4.91901396691437e-01
6.01294559496990e+02	4.08767669593045e-01,-4.91293176609322e-01
6.05476893904404e+02	4.05423333516945e-01,-4.90662913729162e-01
6.09688318748142e+02	4.02087727166844e-01,-4.90010753216658e-01
6.13929036368192e+02	3.98761135649111e-01,-4.89336844807262e-01
6.18199250511924e+02	3.95443840803540e-01,-4.88641342724092e-01
6.22499166343886e+02	3.92136121115394e-01,-4.87924405593805e-01
6.26828990455656e+02	3.88838251629953e-01,-4.87186196360508e-01
6.31188930875773e+02	3.85550503869629e-01,-4.86426882197791e-01
6.35579197079727e+02	3.82273145753682e-01,-4.85646634418966e-01
6.40000000000024e+02	3.79006441520578e-01,-4.84845628385604e-01
6.44451552036324e+02	3.75750651653038e-01,-4.84024043414453e-01
6.48934067065643e+02	3.72506032805802e-01,-4.83182062682832e-01
6.53447760452628e+02	3.69272837736146e-01,-4.82319873132577e-01
6.57992849059907e+02	3.66051315237180e-01,-4.81437665372651e-01
6.62569551258507e+02	3.62841710073951e-01,-4.80535633580487e-01
6.67178086938343e+02	3.59644262922375e-01,-4.79613975402162e-01
6.71818677518788e+02	3.56459210311014e-01,-4.78672891851503e-01
6.76491545959309e+02	3.53286784565722e-01,-4.77712587208199e-01
6.81196916770176e+02	3.50127213757162e-01,-4.76733268915023e-01
6.85935016023254e+02	3.46980721651207e-01,-4.75735147474245e-01
6.90706071362860e+02	3.43847527662239e-01,-4.74718436343341e-01
6.95510312016704e+02	3.40727846809337e-01,-4.73683351830066e-01
7.00347968806900e+02	3.37621889675362e-01,-4.72630112986999e-01
7.05219274161058e+02	3.34529862368932e-01,-4.71558941505647e-01
7.10124462123448e+02	3.31451966489292e-01,-4.70470061610181e-01
7.15063768366248e+02	3.28388399094051e-01,-4.69363699950908e-01
7.20037430200866e+02	3.25339352669788e-01,-4.68240085497562e-01
7.25045686589339e+02	3.22305015105514e-01,-4.67099449432486e-01
7.30088778155819e+02	3.19285569668967e-01,-4.65942025043808e-01
7.35166947198131e+02	3.16281194985717e-01,-4.64768047618682e-01
7.40280437699413e+02	3.13292065021069e-01,-4.63577754336674e-01
7.45429495339841e+02	3.10318349064733e-01,-4.62371384163381e-01
7.50614367508432e+02	3.07360211718235e-01,-4.61149177744357e-01
7.55835303314929e+02	3.04417812885031e-01,-4.59911377299420e-01
7.61092553601771e+02	3.01491307763315e-01,-4.58658226517421e-01
7.66386370956144e+02	2.98580846841456e-01,-4.57389970451546e-01
7.71717009722117e+02	2.95686575896057e-01,-4.56106855415219e-01
7.77084726012860e+02	2.92808635992573e-01,-4.54809128878684e-01
7.82489777722954e+02	2.89947163488468e-01,-4.53497039366321e-01
7.87932424540777e+02	2.87102290038858e-01,-4.52170836354784e-01
7.93412927960983e+02	2.84274142604595e-01,-4.50830770171994e-01
7.98931551297063e+02	2.81462843462757e-01,-4.49477091897079e-01
8.04488559694002e+02	2.78668510219483e-01,-4.48110053261302e-01
8.10084220141011e+02	2.75891255825117e-01,-4.46729906550045e-01
8.15718801484360e+02	2.73131188591609e-01,-4.45336904505892e-01
8.21392574440291e+02	2.70388412212110e-01,-4.43931300232884e-01
8.27105811608028e+02	2.67663025782726e-01,-4.42513347101976e-01
8.32858787482871e+02	2.64955123826366e-01,-4.41083298657763e-01
8.38651778469386e+02	2.62264796318637e-01,-4.39641408526507e-01
8.44485062894686e+02	2.59592128715721e-01,-4.38187930325523e-01
8.50358921021801e+02	2.56937201984192e-01,-4.36723117573957e-01
8.56273635063146e+02	2.54300092632700e-01,-4.35247223605001e-01
8.62229489194076e+02	2.51680872745476e-01,-4.33760501479576e-01
8.68226769566545e+02	2.49079610017603e-01,-4.32263203901532e-01
8.74265764322848e+02	2.46496367791977e-01,-4.30755583134387e-01
8.80346763609472e+02	2.43931205097919e-01,-4.29237890919638e-01
8.86470059591028e+02	2.41384176691366e-01,-4.27710378396677e-01
8.92635946464296e+02	2.38855333096588e-01,-4.26173296024336e-01
8.98844720472355e+02	2.36344720649367e-01,-4.24626893504092e-01
9.05096679918818e+02	2.33852381541582e-01,-4.23071419704938e-01
9.11392125182163e+02	2.31378353867142e-01,-4.21507122589965e-01
9.17731358730167e+02	2.28922671669196e-01,-4.19934249144650e-01
9.24114685134435e+02	2.26485364988579e-01,-4.18353045306885e-01
9.30542411085037e+02	2.24066459913414e-01,-4.16763755898748e-01
9.37014845405239e+02	2.21665978629836e-01,-4.15166624560038e-01
9.43532299066344e+02	2.19283939473749e-01,-4.13561893683572e-01
9.50095085202631e+02	2.16920356983587e-01,-4.11949804352275e-01
9.56703519126400e+02	2.14575241954004e-01,-4.10330596278042e-01
9.63357918343123e+02	2.12248601490803e-01,-4.08704507741876e-01
9.70058602566695e+02	2.09940439064854e-01,-4.07071775538438e-01
9.76805893734798e+02	2.07650754570452e-01,-4.05432634917134e-01
9.83600116024369e+02	2.05379544380696e-01,-4.03787319530273e-01
9.90441595867171e+02	2.03126801405376e-01,-4.02136061380372e-01
9.97330661965481e+02	2.00892515149076e-01,-4.00479090769779e-01
1.00426764530788e+03	1.98676671769841e-01,-3.98816636252080e-01
1.01125287918517e+03	1.96479254138320e-01,-3.97148924585294e-01
1.01828669920634e+03	1.94300241897371e-01,-3.95476180686821e-01
1.02536944331476e+03	1.92139611522042e-01,-3.93798627590166e-01
1.03250145180437e+03	1.89997336379911e-01,-3.92116486403404e-01
1.03968306733603e+03	1.87873386791709e-01,-3.90429976269385e-01
1.04691463495400e+03	1.85767730092197e-01,-3.88739314327665e-01
1.05419650210254e+03	1.83680330691245e-01,-3.87044715678148e-01
1.06152901864253e+03	1.81611150135064e-01,-3.85346393346418e-01
1.06891253686836e+03	1.79560147167548e-01,-3.83644558250752e-01
1.07634741152480e+03	1.77527277791691e-01,-3.81939419170797e-01
1.08383399982408e+03	1.75512495331027e-01,-3.80231182717880e-01
1.09137266146303e+03	1.73515750491051e-01,-3.78520053306952e-01
1.09896375864037e+03	1.71536991420595e-01,-3.76806233130118e-01
1.10660765607411e+03	1.69576163773102e-01,-3.75089922131764e-01
1.11430472101909e+03	1.67633210767775e-01,-3.73371317985231e-01
1.12205532328457e+03	1.65708073250554e-01,-3.71650616071027e-01
1.12985983525209e+03	1.63800689754901e-01,-3.69928009456554e-01
1.13771863189326e+03	1.61910996562332e-01,-3.68203688877321e-01
1.14563209078785e+03	1.60038927762698e-01,-3.66477842719617e-01
1.15360059214191e+03	1.58184415314149e-01,-3.64750657004630e-01
1.16162451880602e+03	1.56347389102780e-01,-3.63022315373967e-01
1.16970425629368e+03	1.54527777001905e-01,-3.61292999076570e-01
1.17784019279989e+03	1.52725504930948e-01,-3.59562886956986e-01
1.18603271921973e+03	1.50940496913917e-01,-3.57832155444971e-01
1.19428222916717e+03	1.49172675137433e-01,-3.56100978546396e-01
1.20258911899399e+03	1.47421960008295e-01,-3.54369527835437e-01
1.21095378780882e+03	1.45688270210549e-01,-3.52637972448008e-01
1.21937663749629e+03	1.43971522762048e-01,-3.50906479076416e-01
1.22785807273639e+03	1.42271633070477e-01,-3.49175211965214e-01
1.23639850102386e+03	1.40588514988816e-01,-3.47444332908213e-01
1.24499833268778e+03	1.38922080870537e-01,-3.45714001246347e-01
1.25365798091132e+03	1.37272241622690e-01,-3.43984373868090e-01
1.26237786175155e+03	1.35638906761412e-01,-3.42255605208042e-01
1.27115839415946e+03	1.34021984463768e-01,-3.40527847249497e-01
1.28000000000006e+03	1.32421381620474e-01,-3.38801249526549e-01
1.28890310407266e+03	1.30837003887659e-01,-3.37075959127499e-01
1.29786813413129e+03	1.29268755737952e-01,-3.35352120699225e-01
1.30689552090527e+03	1.27716540510893e-01,-3.33629876452483e-01
1.31598569811982e+03	1.26180260462640e-01,-3.31909366168122e-01
1.32513910251702e+03	1.24659816814979e-01,-3.30190727204173e-01
1.33435617387669e+03	1.23155109803618e-01,-3.28474094503800e-01
1.34363735503759e+03	1.21666038725755e-01,-3.26759600604060e-01
1.35298309191863e+03	1.20192501986913e-01,-3.25047375645478e-01
1.36239383354036e+03	1.18734397147043e-01,-3.23337547382377e-01
1.37187003204652e+03	1.17291620965871e-01,-3.21630241193959e-01
1.38141214272573e+03	1.15864069447507e-01,-3.19925580096096e-01
1.39102062403342e+03	1.14451637884282e-01,-3.18223684753818e-01
1.40069593761381e+03	1.13054220899842e-01,-3.16524673494458e-01
1.41043854832213e+03	1.11671712491467e-01,-3.14828662321433e-01
1.42024892424691e+03	1.10304006071624e-01,-3.13135764928647e-01
1.43012753673251e+03	1.08950994508760e-01,-3.11446092715470e-01
1.44007486040174e+03	1.07612570167316e-01,-3.09759754802283e-01
1.45009137317869e+03	1.06288624946972e-01,-3.08076858046563e-01
1.46017755631165e+03	1.04979050321129e-01,-3.06397507059482e-01
1.47033389439627e+03	1.03683737374607e-01,-3.04721804222988e-01
1.48056087539884e+03	1.02402576840584e-01,-3.03049849707362e-01
1.49085899067969e+03	1.01135459136763e-01,-3.01381741489219e-01
1.50122873501687e+03	9.98822744007734e-02,-2.99717575369920e-01
1.51167060662987e+03	9.86429125248034e-02,-2.98057444994396e-01
1.52218510720355e+03	9.74172631894808e-02,-2.96401441870345e-01
1.53277274191230e+03	9.62052158969885e-02,-2.94749655387782e-01
1.54343401944424e+03	9.50066600034298e-02,-2.93102172838932e-01
1.55416945202573e+03	9.38214847504425e-02,-2.91459079438435e-01
1.56497955544592e+03	9.26495792960693e-02,-2.89820458343846e-01
1.57586484908157e+03	9.14908327448879e-02,-2.88186390676416e-01
1.58682585592198e+03	9.03451341774060e-02,-2.86556955542127e-01
1.59786310259414e+03	8.92123726787284e-02,-2.84932230052965e-01
1.60897711938801e+03	8.80924373665006e-02,-2.83312289348418e-01
1.62016844028203e+03	8.69852174181366e-02,-2.81697206617178e-01
1.63143760296873e+03	8.58906020973360e-02,-2.80087053119021e-01
1.64278514888059e+03	8.48084807798991e-02,-2.78481898206870e-01
1.65421162321607e+03	8.37387429788458e-02,-2.76881809348995e-01
1.66571757496575e+03	8.26812783688461e-02,-2.75286852151368e-01
1.67730355693878e+03	8.16359768100729e-02,-2.73697090380055e-01
1.68897012578938e+03	8.06027283708673e-02,-2.72112585984068e-01
1.70071784204361e+03	7.95814233507697e-02,-2.70533399117620e-01
1.71254727012630e+03	7.85719523018616e-02,-2.68959588163146e-01
1.72445897838816e+03	7.75742060499770e-02,-2.67391209754042e-01
1.73645353913310e+03	7.65880757151694e-02,-2.65828318797529e-01
1.74853152864571e+03	7.56134527315488e-02,-2.64270968497548e-01
1.76069352721896e+03	7.46502288664956e-02,-2.62719210377686e-01
1.77294011918207e+03	7.36982962392618e-02,-2.61173094304117e-01
1.78527189292860e+03	7.27575473389672e-02,-2.59632668508539e-01
1.79768944094472e+03	7.18278750420012e-02,-2.58097979611108e-01
1.81019335983765e+03	7.09091726288382e-02,-2.56569072643346e-01
1.82278425036434e+03	7.00013338002756e-02,-2.55045991071024e-01
1.83546271746035e+03	6.91042526931057e-02,-2.53528776817000e-01
1.84822937026888e+03	6.82178238954054e-02,-2.52017470283903e-01
1.86108482217009e+03	6.73419424603905e-02,-2.50512110377279e-01
1.87402969081049e+03	6.64765039215094e-02,-2.49012734527623e-01
1.88706459813270e+03	6.56214043052240e-02,-2.47519378713380e-01
1.90019017040527e+03	6.47765401441640e-02,-2.46032077483337e-01
1.91340703825281e+03	6.39418084895917e-02,-2.44550863979022e-01
1.92671583668626e+03	6.31171069233645e-02,-2.43075769957003e-01
1.94011720513340e+03	6.23023335694063e-02,-2.41606825811080e-01
1.95361178746961e+03	6.14973871046960e-02,-2.40144060594358e-01
1.96720023204875e+03	6.07021667697836e-02,-2.38687502041197e-01
1.98088319173436e+03	5.99165723788424e-02,-2.37237176589036e-01
1.99466132393098e+03	5.91405043292663e-02,-2.35793109400076e-01
2.00853529061578e+03	5.83738636108236e-02,-2.34355324382824e-01
2.02250575837034e+03	5.76165518143737e-02,-2.32923844213496e-01
2.03657339841269e+03	5.68684711401584e-02,-2.31498690357257e-01
2.05073888662953e+03	5.61295244056751e-02,-2.30079883089309e-01
2.06500290360874e+03	5.53996150531428e-02,-2.28667441515822e-01
2.07936613467207e+03	5.46786471565675e-02,-2.27261383594693e-01
2.09382926990802e+03	5.39665254284185e-02,-2.25861726156130e-01
2.10839300420509e+03	5.32631552259230e-02,-2.24468484923076e-01
2.12305803728508e+03	5.25684425569878e-02,-2.23081674531438e-01
2.13782507373673e+03	5.18822940857578e-02,-2.21701308550146e-01
2.15269482304962e+03	5.12046171378183e-02,-2.20327399501022e-01
2.16766799964818e+03	5.05353197051194e-02,-2.18959958878430e-01
2.18274532292608e+03	4.98743104502203e-02,-2.17598997168900e-01
2.19792751728076e+03	4.92214987108883e-02,-2.16244523870221e-01
2.21321531214825e+03	4.85767945036902e-02,-2.14896547510685e-01
2.22860944203819e+03	4.79401085276131e-02,-2.13555075667949e-01
2.24411064656916e+03	4.73113521673117e-02,-2.12220114987742e-01
2.25971967050419e+03	4.66904374960572e-02,-2.10891671202368e-01
2.27543726378653e+03	4.60772772783971e-02,-2.09569749148998e-01
2.29126418157573e+03	4.54717849725323e-02,-2.08254352787767e-01
2.30720118428384e+03	4.48738747324199e-02,-2.06945485219661e-01
2.32324903761205e+03	4.42834614096094e-02,-2.05643148704187e-01
2.33940851258738e+03	4.37004605548185e-02,-2.04347344676853e-01
2.35568038559980e+03	4.31247884192576e-02,-2.03058073766419e-01
2.37206543843947e+03	4.25563619557082e-02,-2.01775335811950e-01
2.38856445833435e+03	4.19950988193636e-02,-2.00499129879653e-01
2.40517823798799e+03	4.14409173684386e-02,-1.99229454279506e-01
2.42190757561765e+03	4.08937366645546e-02,-1.97966306581669e-01
2.43875327499260e+03	4.03534764730182e-02,-1.96709683632644e-01
2.45571614547280e+03	3.98200572623308e-02,-1.95459581571455e-01
2.47279700204773e+03	3.92934002046129e-02,-1.94215995845139e-01
2.48999666537558e+03	3.87734271747080e-02,-1.92978921224508e-01
2.50731596182266e+03	3.82600607496564e-02,-1.91748351819453e-01
2.52475572350313e+03	3.77532242078716e-02,-1.90524281094095e-01
2.54231678831894e+03	3.72528415281354e-02,-1.89306701881712e-01
2.56000000000013e+03	3.67588373884713e-02,-1.88095606399445e-01
2.57780620814533e+03	3.62711371645924e-02,-1.86890986262897e-01
2.59573626826261e+03	3.57896669287020e-02,-1.85692832500311e-01
2.61379104181055e+03	3.53143534476204e-02,-1.84501135566751e-01
2.63197139623967e+03	3.48451241810201e-02,-1.83315885357975e-01
2.65027820503406e+03	3.43819072794619e-02,-1.82137071224114e-01
2.66871234775341e+03	3.39246315822902e-02,-1.80964681983154e-01
2.68727471007519e+03	3.34732266153932e-02,-1.79798705934212e-01
2.70596618383727e+03	3.30276225888315e-02,-1.78639130870607e-01
2.72478766708074e+03	3.25877503943411e-02,-1.77485944092731e-01
2.74374006409305e+03	3.21535416027151e-02,-1.76339132420717e-01
2.76282428545148e+03	3.17249284610695e-02,-1.75198682206917e-01
2.78204124806685e+03	3.13018438900844e-02,-1.74064579348136e-01
2.80139187522764e+03	3.08842214806969e-02,-1.72936809297844e-01
2.82087709664427e+03	3.04719954915764e-02,-1.71815357077865e-01
2.84049784849383e+03	3.00651008456131e-02,-1.70700207290191e-01
2.86025507346503e+03	2.96634731267573e-02,-1.69591344128455e-01
2.88014972080350e+03	2.92670485766787e-02,-1.68488751389239e-01
2.90018274635740e+03	2.88757640914217e-02,-1.67392412483158e-01
2.92035511262332e+03	2.84895572175673e-02,-1.66302310445922e-01
2.94066778879257e+03	2.81083661491388e-02,-1.65218427948898e-01
2.96112175079769e+03	2.77321297236081e-02,-1.64140747309801e-01
2.98171798135941e+03	2.73607874182436e-02,-1.63069250503046e-01
3.00245747003377e+03	2.69942793463076e-02,-1.62003919169954e-01
3.02334121325976e+03	2.66325462531887e-02,-1.60944734628778e-01
3.04437021440713e+03	2.62755295124734e-02,-1.59891677884556e-01
3.06554548382462e+03	2.59231711219598e-02,-1.58844729638786e-01
3.08686803888851e+03	2.55754136996161e-02,-1.57803870298934e-01
3.10833890405149e+03	2.52322004795237e-02,-1.56769079987754e-01
3.12995911089186e+03	2.48934753075916e-02,-1.55740338552507e-01
3.15172969816316e+03	2.45591826375859e-02,-1.54717625573882e-01
3.17365171184398e+03	2.42292675267546e-02,-1.53700920374887e-01
3.19572620518830e+03	2.39036756316620e-02,-1.52690202029481e-01
3.21795423877605e+03	2.35823532036063e-02,-1.51685449371181e-01
3.24033688056409e+03	2.32652470846901e-02,-1.50686641001278e-01
3.26287520593749e+03	2.29523047031694e-02,-1.49693755297125e-01
3.28557029776121e+03	2.26434740691178e-02,-1.48706770420155e-01
3.30842324643216e+03	2.23387037699944e-02,-1.47725664323773e-01
3.33143514993153e+03	2.20379429661866e-02,-1.46750414761089e-01
3.35460711387759e+03	2.17411413865300e-02,-1.45780999292514e-01
3.37794025157879e+03	2.14482493238074e-02,-1.44817395293195e-01
3.40143568408726e+03	2.11592176302601e-02,-1.43859579960310e-01
3.42509454025263e+03	2.08739977129295e-02,-1.42907530320254e-01
3.44891795677636e+03	2.05925415292915e-02,-1.41961223235597e-01
3.47290707826623e+03	2.03148015825698e-02,-1.41020635411998e-01
3.49706305729145e+03	2.00407309172518e-02,-1.40085743404912e-01
3.52138705443794e+03	1.97702831142737e-02,-1.39156523626260e-01
3.54588023836416e+03	1.95034122867807e-02,-1.38232952350795e-01
3.57054378585724e+03	1.92400730752983e-02,-1.37315005722506e-01
3.59537888188947e+03	1.89802206431925e-02,-1.36402659760806e-01
3.62038671967532e+03	1.87238106720692e-02,-1.35495890366614e-01
3.64556850072871e+03	1.84707993571727e-02,-1.34594673328304e-01
3.67092543492072e+03	1.82211434028118e-02,-1.33698984327530e-01
3.69645874053780e+03	1.79748000176556e-02,-1.32808798944959e-01
3.72216964434020e+03	1.77317269102987e-02,-1.31924092665815e-01
3.74805938162101e+03	1.74918822846157e-02,-1.31044840885363e-01
3.77412919626543e+03	1.72552248350014e-02,-1.30171018914306e-01
3.80038034081058e+03	1.70217137421017e-02,-1.29302601983941e-01
3.82681407650566e+03	1.67913086680418e-02,-1.28439565251334e-01
3.85343167337255e+03	1.65639697519209e-02,-1.27581883804325e-01
3.88023441026684e+03	1.63396576052665e-02,-1.26729532666422e-01
3.90722357493925e+03	1.61183333075239e-02,-1.25882486801595e-01
3.93440046409753e+03	1.58999584014417e-02,-1.25040721118988e-01
3.96176638346874e+03	1.56844948887072e-02,-1.24204210477466e-01
3.98932264786198e+03	1.54719052253600e-02,-1.23372929690123e-01
4.01707058123159e+03	1.52621523173405e-02,-1.22546853528651e-01
4.04501151674072e+03	1.50551995160315e-02,-1.21725956727630e-01
4.07314679682541e+03	1.48510106138604e-02,-1.20910213988693e-01
4.10147777325910e+03	1.46495498397036e-02,-1.20099599984661e-01
4.13000580721752e+03	1.44507818547868e-02,-1.19294089363460e-01
4.15873226934416e+03	1.42546717479578e-02,-1.18493656752106e-01
4.18765853981608e+03	1.40611850316231e-02,-1.17698276760441e-01
4.21678600841022e+03	1.38702876372363e-02,-1.16907923984895e-01
4.24611607457018e+03	1.36819459110220e-02,-1.16122573012104e-01
4.27565014747350e+03	1.34961266096996e-02,-1.15342198422453e-01
4.30538964609927e+03	1.33127968961307e-02,-1.14566774793555e-01
4.33533599929639e+03	1.31319243351893e-02,-1.13796276703595e-01
4.36549064585219e+03	1.29534768894761e-02,-1.13030678734639e-01
4.39585503456155e+03	1.27774229150624e-02,-1.12269955475864e-01
4.42643062429652e+03	1.26037311574294e-02,-1.11514081526659e-01
4.45721888407641e+03	1.24323707472431e-02,-1.10763031499705e-01
4.48822129313836e+03	1.22633111962862e-02,-1.10016780023936e-01
4.51943934100841e+03	1.20965223932175e-02,-1.09275301747480e-01
4.55087452757310e+03	1.19319745997198e-02,-1.08538571340438e-01
4.58252836315148e+03	1.17696384463471e-02,-1.07806563497669e-01
4.61440236856772e+03	1.16094849284076e-02,-1.07079252941499e-01
4.64649807522413e+03	1.14514854021862e-02,-1.06356614424293e-01
4.67881702517480e+03	1.12956115808466e-02,-1.05638622731032e-01
4.71136077119964e+03	1.11418355305691e-02,-1.04925252681784e-01
4.74413087687898e+03	1.09901296665184e-02,-1.04216479134144e-01
4.77712891666873e+03	1.08404667491693e-02,-1.03512276985547e-01
4.81035647597602e+03	1.06928198803317e-02,-1.02812621175580e-01
4.84381515123534e+03	1.05471624993701e-02,-1.02117486688202e-01
4.87750654998525e+03	1.04034683794204e-02,-1.01426848553909e-01
4.91143229094564e+03	1.02617116236656e-02,-1.00740681851830e-01
4.94559400409550e+03	1.01218666614909e-02,-1.00058961711800e-01
4.97999333075120e+03	9.98390824497184e-03,-9.93816633163089e-02
5.01463192364536e+03	9.84781144511758e-03,-9.87087619024514e-02
5.04951144700630e+03	9.71355164815142e-03,-9.80402327638219e-02
5.08463357663793e+03	9.58110455211113e-03,-9.73760512522940e-02
5.12000000000031e+03	9.45044616304560e-03,-9.67161927798355e-02
5.15561241629071e+03	9.32155279167256e-03,-9.60606328201840e-02
5.19147253652526e+03	9.19440104976642e-03,-9.54093469105325e-02
5.22758208362114e+03	9.06896784665129e-03,-9.47623106531486e-02
5.26394279247938e+03	8.94523038584572e-03,-9.41194997169217e-02
5.30055641006817e+03	8.82316616153506e-03,-9.34808898389010e-02
5.33742469550686e+03	8.70275295527584e-03,-9.28464568257474e-02
5.37454942015043e+03	8.58396883260928e-03,-9.22161765551633e-02
5.41193236767459e+03	8.46679213964501e-03,-9.15900249772873e-02
5.44957533416153e+03	8.35120149994173e-03,-9.09679781159945e-02
5.48748012818615e+03	8.23717581103895e-03,-9.03500120702254e-02
5.52564857090300e+03	8.12469424139572e-03,-8.97361030152007e-02
5.56408249613375e+03	8.01373622710888e-03,-8.91262272036421e-02
5.60278375045533e+03	7.90428146866778e-03,-8.85203609669498e-02
5.64175419328859e+03	7.79630992795257e-03,-8.79184807163023e-02
5.68099569698771e+03	7.68980182502382e-03,-8.73205629437595e-02
5.72051014693011e+03	7.58473763508466e-03,-8.67265842233022e-02
5.76029944160706e+03	7.48109808535847e-03,-8.61365212118542e-02
5.80036549271484e+03	7.37886415211142e-03,-8.55503506502476e-02
5.84071022524669e+03	7.27801705770112e-03,-8.49680493641526e-02
5.88133557758518e+03	7.17853826756662e-03,-8.43895942649877e-02
5.92224350159543e+03	7.08040948723061e-03,-8.38149623507981e-02
5.96343596271886e+03	6.98361265952262e-03,-8.32441307070679e-02
6.00491494006759e+03	6.88812996162734e-03,-8.26770765075338e-02
6.04668242651957e+03	6.79394380222878e-03,-8.21137770149557e-02
6.08874042881431e+03	6.70103681871404e-03,-8.15542095818498e-02
6.13109096764929e+03	6.60939187442414e-03,-8.09983516511888e-02
6.17373607777707e+03	6.51899205580483e-03,-8.04461807570927e-02
6.21667780810302e+03	6.42982066972678e-03,-7.98976745254664e-02
6.25991822178378e+03	6.34186124082101e-03,-7.93528106746116e-02
6.30345939632636e+03	6.25509750875607e-03,-7.88115670158244e-02
6.34730342368800e+03	6.16951342559316e-03,-7.82739214539562e-02
6.39145241037665e+03	6.08509315315121e-03,-7.77398519879515e-02
6.43590847755216e+03	6.00182106049937e-03,-7.72093367113434e-02
6.48067376112824e+03	5.91968172131241e-03,-7.66823538127490e-02
6.52575041187503e+03	5.83865991133829e-03,-7.61588815763262e-02
6.57114059552248e+03	5.75874060597002e-03,-7.56388983821945e-02
6.61684649286437e+03	5.67990897766971e-03,-7.51223827068582e-02
6.66287029986312e+03	5.60215039360200e-03,-7.46093131235785e-02
6.70921422775524e+03	5.52545041311513e-03,-7.40996683027494e-02
6.75588050315764e+03	5.44979478541806e-03,-7.35934270122263e-02
6.80287136817457e+03	5.37516944720603e-03,-7.30905681176436e-02
6.85018908050532e+03	5.30156052024160e-03,-7.25910705827219e-02
6.89783591355277e+03	5.22895430910748e-03,-7.20949134695328e-02
6.94581415653252e+03	5.15733729891044e-03,-7.16020759387539e-02
6.99412611458295e+03	5.08669615295037e-03,-7.11125372499130e-02
7.04277410887593e+03	5.01701771051690e-03,-7.06262767615982e-02
7.09176047672838e+03	4.94828898470809e-03,-7.01432739316487e-02
7.14108757171453e+03	4.88049716016959e-03,-6.96635083173434e-02
7.19075776377900e+03	4.81362959097154e-03,-6.91869595755540e-02
7.24077343935071e+03	4.74767379843585e-03,-6.87136074628915e-02
7.29113700145747e+03	4.68261746902525e-03,-6.82434318358311e-02
7.34185086984150e+03	4.61844845229713e-03,-6.77764126508127e-02
7.39291748107565e+03	4.55515475873519e-03,-6.73125299643476e-02
7.44433928868046e+03	4.49272455781339e-03,-6.68517639330787e-02
7.49611876324208e+03	4.43114617586362e-03,-6.63940948138566e-02
7.54825839253092e+03	4.37040809418373e-03,-6.59395029637695e-02
7.60076068162122e+03	4.31049894696773e-03,-6.54879688401874e-02
7.65362815301138e+03	4.25140751940561e-03,-6.50394730007708e-02
7.70686334674516e+03	4.19312274572693e-03,-6.45939961034759e-02
7.76046882053374e+03	4.13563370733072e-03,-6.41515189065388e-02
7.81444714987857e+03	4.07892963088601e-03,-6.37120222684522e-02
7.86880092819513e+03	4.02299988638377e-03,-6.32754871479388e-02
7.92353276693755e+03	3.96783398545430e-03,-6.28418946038799e-02
7.97864529572403e+03	3.91342157940772e-03,-6.24112257952713e-02
8.03414116246325e+03	3.85975245751452e-03,-6.19834619811383e-02
8.09002303348151e+03	3.80681654520463e-03,-6.15585845204523e-02
8.14629359365089e+03	3.75460390230082e-03,-6.11365748720348e-02
8.20295554651826e+03	3.70310472129612e-03,-6.07174145944471e-02
8.26001161443511e+03	3.65230932565101e-03,-6.03010853458693e-02
8.31746453868839e+03	3.60220816808886e-03,-5.98875688839723e-02
8.37531707963222e+03	3.55279182891254e-03,-5.94768470657786e-02
8.43357201682050e+03	3.50405101436309e-03,-5.90689018475113e-02
8.49223214914044e+03	3.45597655500253e-03,-5.86637152844327e-02
8.55130029494706e+03	3.40855940406435e-03,-5.82612695306798e-02
8.61077929219860e+03	3.36179063590174e-03,-5.78615468390814e-02
8.67067199859285e+03	3.31566144437267e-03,-5.74645295609768e-02
8.73098129170445e+03	3.27016314132556e-03,-5.70702001460152e-02
8.79171006912318e+03	3.22528715502837e-03,-5.66785411419566e-02
8.85286124859312e+03	3.18102502867635e-03,-5.62895351944577e-02
8.91443776815290e+03	3.13736841886009e-03,-5.59031650468557e-02
8.97644258627679e+03	3.09430909415636e-03,-5.55194135399339e-02
9.03887868201690e+03	3.05183893356730e-03,-5.51382636116986e-02
9.10174905514628e+03	3.00994992516544e-03,-5.47596982971272e-02
9.16505672630304e+03	2.96863416460737e-03,-5.43837007279274e-02
9.22880473713551e+03	2.92788385377502e-03,-5.40102541322761e-02
9.29299615044834e+03	2.88769129931364e-03,-5.36393418345661e-02
9.35763405034968e+03	2.84804891134190e-03,-5.32709472551290e-02
9.42272154239935e+03	2.80894920205462e-03,-5.29050539099662e-02
9.48826175375803e+03	2.77038478434980e-03,-5.25416454104721e-02
9.55425783333754e+03	2.73234837056076e-03,-5.21807054631437e-02
9.62071295195212e+03	2.69483277114396e-03,-5.18222178692896e-02
9.68763030247075e+03	2.65783089335571e-03,-5.14661665247378e-02
9.75501309997057e+03	2.62133573997513e-03,-5.11125354195346e-02
9.82286458189136e+03	2.58534040809741e-03,-5.07613086376328e-02
9.89118800819108e+03	2.54983808785865e-03,-5.04124703565843e-02
9.95998666150247e+03	2.51482206117891e-03,-5.00660048472277e-02
1.00292638472908e+04	2.48028570060842e-03,-4.97218964733616e-02
1.00990228940127e+04	2.44622246809668e-03,-4.93801296914250e-02
1.01692671532759e+04	2.41262591381898e-03,-4.90406890501668e-02
1.02400000000007e+04	2.37948967501029e-03,-4.87035591903141e-02
1.03112248325815e+04	2.34680747482074e-03,-4.83687248442350e-02
1.03829450730506e+04	2.31457312114714e-03,-4.80361708356016e-02
1.04551641672424e+04	2.28278050557022e-03,-4.77058820790411e-02
1.05278855849588e+04	2.25142360218340e-03,-4.73778435797944e-02
1.06011128201364e+04	2.22049646654375e-03,-4.70520404333621e-02
1.06748493910138e+04	2.18999323456110e-03,-4.67284578251539e-02
1.07490988403009e+04	2.15990812145515e-03,-4.64070810301304e-02
1.08238647353493e+04	2.13023542069551e-03,-4.60878954124442e-02
1.08991506683231e+04	2.10096950294014e-03,-4.57708864250804e-02
1.09749602563724e+04	2.07210481504769e-03,-4.54560396094885e-02
1.10512971418061e+04	2.04363587904488e-03,-4.51433405952173e-02
1.11281649922676e+04	2.01555729110839e-03,-4.48327750995469e-02
1.12055675009107e+04	1.98786372062060e-03,-4.45243289271136e-02
1.12835083865773e+04	1.96054990914642e-03,-4.42179879695402e-02
1.13619913939755e+04	1.93361066951928e-03,-4.39137382050560e-02
1.14410202938603e+04	1.90704088484420e-03,-4.36115656981231e-02
1.15205988832142e+04	1.88083550760141e-03,-4.33114565990535e-02
1.16007309854298e+04	1.85498955870322e-03,-4.30133971436289e-02
1.16814204504935e+04	1.82949812656694e-03,-4.27173736527192e-02
1.17626711551704e+04	1.80435636623858e-03,-4.24233725318958e-02
1.18444870031910e+04	1.77955949848884e-03,-4.21313802710468e-02
1.19268719254378e+04	1.75510280893755e-03,-4.18413834439892e-02
1.20098298801353e+04	1.73098164718660e-03,-4.15533687080809e-02
1.20933648530392e+04	1.70719142596419e-03,-4.12673228038303e-02
1.21774808576287e+04	1.68372762028515e-03,-4.09832325545054e-02
1.22621819352987e+04	1.66058576659450e-03,-4.07010848657437e-02
1.23474721555542e+04	1.63776146198257e-03,-4.04208667251564e-02
1.24333556162061e+04	1.61525036335209e-03,-4.01425652019364e-02
1.25198364435677e+04	1.59304818659747e-03,-3.98661674464651e-02
1.26069187926528e+04	1.57115070585269e-03,-3.95916606899149e-02
1.26946068473761e+04	1.54955375268119e-03,-3.93190322438551e-02
1.27829048207534e+04	1.52825321531507e-03,-3.90482694998551e-02
1.28718169551044e+04	1.50724503790351e-03,-3.87793599290870e-02
1.29613475222566e+04	1.48652521973698e-03,-3.85122910819301e-02
1.30515008237502e+04	1.46608981453603e-03,-3.82470505875716e-02
1.31422811910451e+04	1.44593492970409e-03,-3.79836261536093e-02
1.32336929857288e+04	1.42605672560390e-03,-3.77220055656543e-02
1.33257405997263e+04	1.40645141485202e-03,-3.74621766869321e-02
1.34184284555106e+04	1.38711526161177e-03,-3.72041274578845e-02
1.35117610063154e+04	1.36804458091006e-03,-3.69478458957707e-02
1.36057427363492e+04	1.34923573793422e-03,-3.66933200942702e-02
1.37003781610108e+04	1.33068514736520e-03,-3.64405382230838e-02
1.37956718271056e+04	1.31238927273285e-03,-3.61894885275342e-02
1.38916283130651e+04	1.29434462571208e-03,-3.59401593281711e-02
1.39882522291660e+04	1.27654776551574e-03,-3.56925390203705e-02
1.40855482177520e+04	1.25899529823787e-03,-3.54466160739383e-02
1.41835209534569e+04	1.24168387620668e-03,-3.52023790327145e-02
1.42821751434292e+04	1.22461019740406e-03,-3.49598165141728e-02
1.43815155275581e+04	1.20777100478836e-03,-3.47189172090293e-02
1.44815468787015e+04	1.19116308574639e-03,-3.44796698808418e-02
1.45822740029151e+04	1.17478327146237e-03,-3.42420633656169e-02
1.46837017396831e+04	1.15862843631816e-03,-3.40060865714155e-02
1.47858349621514e+04	1.14269549733974e-03,-3.37717284779568e-02
1.48886785773610e+04	1.12698141360332e-03,-3.35389781362253e-02
1.49922375264843e+04	1.11148318565886e-03,-3.33078246680791e-02
1.50965167850620e+04	1.09619785499145e-03,-3.30782572658552e-02
1.52015213632425e+04	1.08112250345092e-03,-3.28502651919799e-02
1.53072563060229e+04	1.06625425270791e-03,-3.26238377785772e-02
1.54137266934904e+04	1.05159026372164e-03,-3.23989644270787e-02
1.55209376410676e+04	1.03712773621129e-03,-3.21756346078342e-02
1.56288942997572e+04	1.02286390811264e-03,-3.19538378597245e-02
1.57376018563904e+04	1.00879605507809e-03,-3.17335637897730e-02
1.58470655338752e+04	9.94921489968695e-04,-3.15148020727587e-02
1.59572905914482e+04	9.81237562333628e-04,-3.12975424508322e-02
1.60682823249266e+04	9.67741657925298e-04,-3.10817747331300e-02
1.61800460669631e+04	9.54431198205784e-04,-3.08674887953914e-02
1.62925871873019e+04	9.41303639860065e-04,-3.06546745795757e-02
1.64059110930366e+04	9.28356474329844e-04,-3.04433220934808e-02
1.65200232288703e+04	9.15587227326742e-04,-3.02334214103632e-02
1.66349290773769e+04	9.02993458373350e-04,-3.00249626685585e-02
1.67506341592646e+04	8.90572760352703e-04,-2.98179360711029e-02
1.68671440336411e+04	8.78322759036864e-04,-2.96123318853576e-02
1.69844642982810e+04	8.66241112668577e-04,-2.94081404426306e-02
1.71026005898942e+04	8.54325511496619e-04,-2.92053521378044e-02
1.72215585843973e+04	8.42573677344283e-04,-2.90039574289620e-02
1.73413439971858e+04	8.30983363193398e-04,-2.88039468370139e-02
1.74619625834090e+04	8.19552352753399e-04,-2.86053109453281e-02
1.75834201382465e+04	8.08278460037886e-04,-2.84080403993606e-02
1.77057224971864e+04	7.97159528964028e-04,-2.82121259062864e-02
1.78288755363059e+04	7.86193432940068e-04,-2.80175582346329e-02
1.79528851725537e+04	7.75378074466909e-04,-2.78243282139142e-02
1.80777573640339e+04	7.64711384736865e-04,-2.76324267342670e-02
1.82034981102927e+04	7.54191323257417e-04,-2.74418447460868e-02
1.83301134526062e+04	7.43815877444482e-04,-2.72525732596676e-02
1.84576094742712e+04	7.33583062267758e-04,-2.70646033448403e-02
1.85859923008968e+04	7.23490919855703e-04,-2.68779261306147e-02
1.87152681006995e+04	7.13537519135042e-04,-2.66925328048220e-02
1.88454430847988e+04	7.03720955468174e-04,-2.65084146137584e-02
1.89765235075162e+04	6.94039350285937e-04,-2.63255628618310e-02
1.91085156666752e+04	6.84490850741229e-04,-2.61439689112042e-02
1.92414259039044e+04	6.75073629353549e-04,-2.59636241814485e-02
1.93752606049416e+04	6.65785883659671e-04,-2.57845201491899e-02
1.95100261999413e+04	6.56625835885071e-04,-2.56066483477614e-02
1.96457291637829e+04	6.47591732595619e-04,-2.54300003668557e-02
1.97823760163823e+04	6.38681844373964e-04,-2.52545678521790e-02
1.99199733230051e+04	6.29894465490275e-04,-2.50803425051074e-02
2.00585276945817e+04	6.21227913572900e-04,-2.49073160823440e-02
2.01980457880255e+04	6.12680529304157e-04,-2.47354803955769e-02
2.03385343065520e+04	6.04250676087507e-04,-2.45648273111407e-02
2.04800000000015e+04	5.95936739757170e-04,-2.43953487496771e-02
2.06224496651631e+04	5.87737128260350e-04,-2.42270366857991e-02
2.07658901461013e+04	5.79650271353250e-04,-2.40598831477553e-02
2.09103283344849e+04	5.71674620317684e-04,-2.38938802170967e-02
2.10557711699178e+04	5.63808647652620e-04,-2.37290200283445e-02
2.12022256402730e+04	5.56050846793443e-04,-2.35652947686593e-02
2.13496987820278e+04	5.48399731819600e-04,-2.34026966775131e-02
2.14981976806020e+04	5.40853837186151e-04,-2.32412180463606e-02
2.16477294706987e+04	5.33411717426008e-04,-2.30808512183147e-02
2.17983013366464e+04	5.26071946893089e-04,-2.29215885878215e-02
2.19499205127449e+04	5.18833119484406e-04,-2.27634226003376e-02
2.21025942836123e+04	5.11693848371797e-04,-2.26063457520095e-02
2.22563299845353e+04	5.04652765744966e-04,-2.24503505893539e-02
2.24111350018216e+04	4.97708522544130e-04,-2.22954297089396e-02
2.25670167731547e+04	4.90859788207855e-04,-2.21415757570713e-02
2.27239827879512e+04	4.84105250424062e-04,-2.19887814294749e-02
2.28820405877208e+04	4.77443614874821e-04,-2.18370394709840e-02
2.30411977664286e+04	4.70873604992087e-04,-2.16863426752290e-02
2.32014619708597e+04	4.64393961716637e-04,-2.15366838843262e-02
2.33628409009871e+04	4.58003443258120e-04,-2.13880559885702e-02
2.35253423103411e+04	4.51700824859761e-04,-2.12404519261264e-02
2.36889740063821e+04	4.45484898562869e-04,-2.10938646827265e-02
2.38537438508758e+04	4.39354472981320e-04,-2.09482872913640e-02
2.40196597602707e+04	4.33308373074269e-04,-2.08037128319928e-02
2.41867297060786e+04	4.27345439915580e-04,-2.06601344312264e-02
2.43549617152576e+04	4.21464530485221e-04,-2.05175452620392e-02
2.45243638705975e+04	4.15664517445231e-04,-2.03759385434690e-02
2.46949443111087e+04	4.09944288923465e-04,-2.02353075403212e-02
2.48667112324125e+04	4.04302748305876e-04,-2.00956455628751e-02
2.50396728871355e+04	3.98738814027168e-04,-1.99569459665909e-02
2.52138375853058e+04	3.93251419361972e-04,-1.98192021518191e-02
2.53892136947524e+04	3.87839512227810e-04,-1.96824075635105e-02
2.55658096415070e+04	3.82502054979976e-04,-1.95465556909290e-02
2.57436339102090e+04	3.77238024212380e-04,-1.94116400673651e-02
2.59226950445133e+04	3.72046410569021e-04,-1.92776542698512e-02
2.61030016475005e+04	3.66926218548785e-04,-1.91445919188782e-02
2.62845623820903e+04	3.61876466310382e-04,-1.90124466781148e-02
2.64673859714579e+04	3.56896185496378e-04,-1.88812122541264e-02
2.66514811994529e+04	3.51984421037743e-04,-1.87508823960977e-02
2.68368569110214e+04	3.47140230981597e-04,-1.86214508955549e-02
2.70235220126310e+04	3.42362686303176e-04,-1.84929115860912e-02
2.72114854726987e+04	3.37650870731571e-04,-1.83652583430925e-02
2.74007563220217e+04	3.33003880580661e-04,-1.82384850834653e-02
2.75913436542115e+04	3.28420824568657e-04,-1.81125857653663e-02
2.77832566261305e+04	3.23900823652808e-04,-1.79875543879327e-02
2.79765044583322e+04	3.19443010860777e-04,-1.78633849910152e-02
2.81710964355041e+04	3.15046531126274e-04,-1.77400716549114e-02
2.83670419069139e+04	3.10710541122199e-04,-1.76176085001018e-02
2.85643502868585e+04	3.06434209105978e-04,-1.74959896869861e-02
2.87630310551164e+04	3.02216714756155e-04,-1.73752094156225e-02
2.89630937574032e+04	2.98057249016895e-04,-1.72552619254669e-02
2.91645480058303e+04	2.93955013944111e-04,-1.71361414951150e-02
2.93674034793664e+04	2.89909222554517e-04,-1.70178424420450e-02
2.95716699243030e+04	2.85919098673223e-04,-1.69003591223625e-02
2.97773571547223e+04	2.81983876786094e-04,-1.67836859305458e-02
2.99844750529688e+04	2.78102801894937e-04,-1.66678172991944e-02
3.01930335701241e+04	2.74275129370850e-04,-1.65527476987772e-02
3.04030427264853e+04	2.70500124816268e-04,-1.64384716373832e-02
3.06145126120459e+04	2.66777063920973e-04,-1.63249836604736e-02
3.08274533869811e+04	2.63105232325083e-04,-1.62122783506351e-02
3.10418752821354e+04	2.59483925482252e-04,-1.61003503273350e-02
3.12577885995147e+04	2.55912448525548e-04,-1.59891942466770e-02
3.14752037127810e+04	2.52390116135875e-04,-1.58788048011597e-02
3.16941310677506e+04	2.48916252409144e-04,-1.57691767194354e-02
3.19145811828966e+04	2.45490190727211e-04,-1.56603047660710e-02
3.21365646498535e+04	2.42111273632410e-04,-1.55521837413100e-02
3.23600921339265e+04	2.38778852701153e-04,-1.54448084808362e-02
3.25851743746041e+04	2.35492288418606e-04,-1.53381738555387e-02
3.28118221860735e+04	2.32250950056916e-04,-1.52322747712781e-02
3.30400464577409e+04	2.29054215557488e-04,-1.51271061686546e-02
3.32698581547541e+04	2.25901471408565e-04,-1.50226630227773e-02
3.35012683185294e+04	2.22792112530082e-04,-1.49189403430346e-02
3.37342880672825e+04	2.19725542156974e-04,-1.48159331728661e-02
3.39689285965622e+04	2.16701171724805e-04,-1.47136365895368e-02
3.42052011797887e+04	2.13718420759226e-04,-1.46120457039112e-02
3.44431171687949e+04	2.10776716763014e-04,-1.45111556602295e-02
3.46826879943719e+04	2.07875495107285e-04,-1.44109616358860e-02
3.49239251668183e+04	2.05014198922607e-04,-1.43114588412070e-02
3.51668402764932e+04	2.02192278995624e-04,-1.42126425192320e-02
3.54114449943730e+04	1.99409193659980e-04,-1.41145079454947e-02
3.56577510726121e+04	1.96664408695224e-04,-1.40170504278065e-02
3.59057703451077e+04	1.93957397223715e-04,-1.39202653060408e-02
3.61555147280681e+04	1.91287639611594e-04,-1.38241479519184e-02
3.64069962205857e+04	1.88654623365602e-04,-1.37286937687950e-02
3.66602269052127e+04	1.86057843039396e-04,-1.36338981914490e-02
3.69152189485426e+04	1.83496800133126e-04,-1.35397566858721e-02
3.71719846017939e+04	1.80971003001177e-04,-1.34462647490591e-02
3.74305362013993e+04	1.78479966755856e-04,-1.33534179088015e-02
3.76908861695980e+04	1.76023213175992e-04,-1.32612117234799e-02
3.79530470150327e+04	1.73600270614347e-04,-1.31696417818599e-02
3.82170313333507e+04	1.71210673908166e-04,-1.30787037028877e-02
3.84828518078091e+04	1.68853964289884e-04,-1.29883931354878e-02
3.87505212098836e+04	1.66529689299824e-04,-1.28987057583618e-02
3.90200523998829e+04	1.64237402698325e-04,-1.28096372797884e-02
3.92914583275660e+04	1.61976664380871e-04,-1.27211834374244e-02
3.95647520327649e+04	1.59747040295060e-04,-1.26333399981080e-02
3.98399466460105e+04	1.57548102355785e-04,-1.25461027576616e-02
4.01170553891638e+04	1.55379428364739e-04,-1.24594675406977e-02
4.03960915760513e+04	1.53240601927686e-04,-1.23734302004248e-02
4.06770686131043e+04	1.51131212377093e-04,-1.22879866184549e-02
4.09600000000034e+04	1.49050854691627e-04,-1.22031327046123e-02
4.12448993303266e+04	1.46999129419529e-04,-1.21188643967437e-02
4.15317802922030e+04	1.44975642602108e-04,-1.20351776605292e-02
4.18206566689701e+04	1.42980005697856e-04,-1.19520684892947e-02
4.21115423398359e+04	1.41011835508471e-04,-1.18695329038256e-02
4.24044512805463e+04	1.39070754103996e-04,-1.17875669521815e-02
4.26993975640559e+04	1.37156388754226e-04,-1.17061667095121e-02
4.29963953612044e+04	1.35268371852270e-04,-1.16253282778747e-02
4.32954589413977e+04	1.33406340847912e-04,-1.15450477860518e-02
4.35966026732932e+04	1.31569938177091e-04,-1.14653213893714e-02
4.38998410254902e+04	1.29758811192417e-04,-1.13861452695272e-02
4.41000000000000e+04	1.28583749303087e-04,-1.13344797074557e-02
