Freq.	V(vout)
2.00000000000000e+01	9.99755185865356e-01,-1.56524209500963e-02
2.01391110011344e+01	9.99751769234868e-01,-1.57612383375412e-02
2.02791895958006e+01	9.99748304933815e-01,-1.58708114794871e-02
2.04202425141439e+01	9.99744792297411e-01,-1.59811456088860e-02
2.05622765331213e+01	9.99741230651607e-01,-1.60922459945895e-02
2.07052984768276e+01	9.99737619312966e-01,-1.62041179415884e-02
2.08493152168224e+01	9.99733957588529e-01,-1.63167667912530e-02
2.09943336724614e+01	9.99730244775683e-01,-1.64301979215757e-02
2.11403608112276e+01	9.99726480162031e-01,-1.65444167474143e-02
2.12874036490672e+01	9.99722663025251e-01,-1.66594287207369e-02
2.14354692507259e+01	9.99718792632959e-01,-1.67752393308690e-02
2.15845647300886e+01	9.99714868242572e-01,-1.68918541047410e-02
2.17346972505212e+01	9.99710889101164e-01,-1.70092786071378e-02
2.18858740252148e+01	9.99706854445321e-01,-1.71275184409498e-02
2.20381023175322e+01	9.99702763501000e-01,-1.72465792474253e-02
2.21913894413569e+01	9.99698615483377e-01,-1.73664667064248e-02
2.23457427614444e+01	9.99694409596696e-01,-1.74871865366756e-02
2.25011696937762e+01	9.99690145034123e-01,-1.76087444960296e-02
2.26576777059160e+01	9.99685820977587e-01,-1.77311463817214e-02
2.28152743173685e+01	9.99681436597627e-01,-1.78543980306280e-02
2.29739670999407e+01	9.99676991053230e-01,-1.79785053195308e-02
2.31337636781058e+01	9.99672483491676e-01,-1.81034741653781e-02
2.32946717293691e+01	9.99667913048370e-01,-1.82293105255500e-02
2.34566989846376e+01	9.99663278846681e-01,-1.83560203981240e-02
2.36198532285906e+01	9.99658579997773e-01,-1.84836098221432e-02
2.37841423000545e+01	9.99653815600436e-01,-1.86120848778847e-02
2.39495740923786e+01	9.99648984740914e-01,-1.87414516871308e-02
2.41161565538152e+01	9.99644086492731e-01,-1.88717164134409e-02
2.42838976879010e+01	9.99639119916515e-01,-1.90028852624254e-02
2.44528055538414e+01	9.99634084059817e-01,-1.91349644820210e-02
2.46228882668984e+01	9.99628977956933e-01,-1.92679603627673e-02
2.47941539987798e+01	9.99623800628717e-01,-1.94018792380856e-02
2.49666109780323e+01	9.99618551082394e-01,-1.95367274845584e-02
2.51402674904366e+01	9.99613228311375e-01,-1.96725115222116e-02
2.53151318794057e+01	9.99607831295062e-01,-1.98092378147967e-02
2.54912125463853e+01	9.99602358998653e-01,-1.99469128700765e-02
2.56685179512581e+01	9.99596810372947e-01,-2.00855432401103e-02
2.58470566127499e+01	9.99591184354145e-01,-2.02251355215426e-02
2.60268371088387e+01	9.99585479863643e-01,-2.03656963558919e-02
2.62078680771673e+01	9.99579695807834e-01,-2.05072324298422e-02
2.63901582154580e+01	9.99573831077892e-01,-2.06497504755350e-02
2.65737162819303e+01	9.99567884549568e-01,-2.07932572708638e-02
2.67585510957223e+01	9.99561855082970e-01,-2.09377596397697e-02
2.69446715373139e+01	9.99555741522351e-01,-2.10832644525387e-02
2.71320865489535e+01	9.99549542695887e-01,-2.12297786261008e-02
2.73208051350880e+01	9.99543257415453e-01,-2.13773091243303e-02
2.75108363627950e+01	9.99536884476401e-01,-2.15258629583477e-02
2.77021893622186e+01	9.99530422657327e-01,-2.16754471868237e-02
2.78948733270082e+01	9.99523870719841e-01,-2.18260689162845e-02
2.80888975147600e+01	9.99517227408331e-01,-2.19777353014183e-02
2.82842712474620e+01	9.99510491449725e-01,-2.21304535453838e-02
2.84810039119415e+01	9.99503661553248e-01,-2.22842309001206e-02
2.86791049603166e+01	9.99496736410177e-01,-2.24390746666603e-02
2.88785839104500e+01	9.99489714693594e-01,-2.25949921954403e-02
2.90794503464063e+01	9.99482595058134e-01,-2.27519908866180e-02
2.92817139189126e+01	9.99475376139726e-01,-2.29100781903874e-02
2.94853843458221e+01	9.99468056555338e-01,-2.30692616072974e-02
2.96904714125811e+01	9.99460634902714e-01,-2.32295486885706e-02
2.98969849726989e+01	9.99453109760106e-01,-2.33909470364254e-02
3.01049349482215e+01	9.99445479686006e-01,-2.35534643043979e-02
3.03143313302081e+01	9.99437743218872e-01,-2.37171081976664e-02
3.05251841792113e+01	9.99429898876850e-01,-2.38818864733776e-02
3.07375036257604e+01	9.99421945157495e-01,-2.40478069409735e-02
3.09512998708479e+01	9.99413880537483e-01,-2.42148774625209e-02
3.11665831864201e+01	9.99405703472327e-01,-2.43831059530415e-02
3.13833639158702e+01	9.99397412396080e-01,-2.45525003808444e-02
3.16016524745352e+01	9.99389005721040e-01,-2.47230687678595e-02
3.18214593501969e+01	9.99380481837448e-01,-2.48948191899729e-02
3.20427951035850e+01	9.99371839113187e-01,-2.50677597773636e-02
3.22656703688852e+01	9.99363075893469e-01,-2.52418987148415e-02
3.24900958542496e+01	9.99354190500521e-01,-2.54172442421880e-02
3.27160823423114e+01	9.99345181233272e-01,-2.55938046544964e-02
3.29436406907031e+01	9.99336046367028e-01,-2.57715883025155e-02
3.31727818325778e+01	9.99326784153146e-01,-2.59506035929938e-02
3.34035167771350e+01	9.99317392818702e-01,-2.61308589890250e-02
3.36358566101488e+01	9.99307870566159e-01,-2.63123630103960e-02
3.38698124945013e+01	9.99298215573026e-01,-2.64951242339353e-02
3.41053956707185e+01	9.99288425991511e-01,-2.66791512938638e-02
3.43426174575103e+01	9.99278499948175e-01,-2.68644528821460e-02
3.45814892523148e+01	9.99268435543574e-01,-2.70510377488438e-02
3.48220225318452e+01	9.99258230851909e-01,-2.72389147024711e-02
3.50642288526416e+01	9.99247883920650e-01,-2.74280926103499e-02
3.53081198516264e+01	9.99237392770177e-01,-2.76185803989679e-02
3.55537072466630e+01	9.99226755393402e-01,-2.78103870543374e-02
3.58010028371191e+01	9.99215969755393e-01,-2.80035216223561e-02
3.60500185044334e+01	9.99205033792986e-01,-2.81979932091684e-02
3.63007662126867e+01	9.99193945414399e-01,-2.83938109815288e-02
3.65532580091762e+01	9.99182702498840e-01,-2.85909841671667e-02
3.68075060249952e+01	9.99171302896099e-01,-2.87895220551517e-02
3.70635224756151e+01	9.99159744426152e-01,-2.89894339962614e-02
3.73213196614725e+01	9.99148024878746e-01,-2.91907294033494e-02
3.75809099685607e+01	9.99136142012980e-01,-2.93934177517156e-02
3.78423058690241e+01	9.99124093556890e-01,-2.95975085794770e-02
3.81055199217578e+01	9.99111877207016e-01,-2.98030114879402e-02
3.83705647730108e+01	9.99099490627968e-01,-3.00099361419750e-02
3.86374531569941e+01	9.99086931451992e-01,-3.02182922703893e-02
3.89061978964917e+01	9.99074197278519e-01,-3.04280896663050e-02
3.91768119034774e+01	9.99061285673717e-01,-3.06393381875355e-02
3.94493081797347e+01	9.99048194170032e-01,-3.08520477569637e-02
3.97236998174817e+01	9.99034920265726e-01,-3.10662283629220e-02
4.00000000000003e+01	9.99021461424405e-01,-3.12818900595727e-02
4.02782220022691e+01	9.99007815074546e-01,-3.14990429672898e-02
4.05583791916015e+01	9.98993978609009e-01,-3.17176972730420e-02
4.08404850282880e+01	9.98979949384554e-01,-3.19378632307764e-02
4.11245530662430e+01	9.98965724721339e-01,-3.21595511618032e-02
4.14105969536554e+01	9.98951301902424e-01,-3.23827714551823e-02
4.16986304336452e+01	9.98936678173256e-01,-3.26075345681094e-02
4.19886673449230e+01	9.98921850741156e-01,-3.28338510263042e-02
4.22807216224556e+01	9.98906816774794e-01,-3.30617314243992e-02
4.25748072981347e+01	9.98891573403662e-01,-3.32911864263290e-02
4.28709385014521e+01	9.98876117717533e-01,-3.35222267657207e-02
4.31691294601774e+01	9.98860446765919e-01,-3.37548632462855e-02
4.34693945010427e+01	9.98844557557516e-01,-3.39891067422106e-02
4.37717480504299e+01	9.98828447059650e-01,-3.42249681985516e-02
4.40762046350648e+01	9.98812112197706e-01,-3.44624586316266e-02
4.43827788827142e+01	9.98795549854553e-01,-3.47015891294098e-02
4.46914855228892e+01	9.98778756869965e-01,-3.49423708519266e-02
4.50023393875528e+01	9.98761730040031e-01,-3.51848150316488e-02
4.53153554118323e+01	9.98744466116553e-01,-3.54289329738909e-02
4.56305486347374e+01	9.98726961806445e-01,-3.56747360572059e-02
4.59479341998818e+01	9.98709213771116e-01,-3.59222357337829e-02
4.62675273562119e+01	9.98691218625850e-01,-3.61714435298439e-02
4.65893434587387e+01	9.98672972939173e-01,-3.64223710460421e-02
4.69133979692756e+01	9.98654473232217e-01,-3.66750299578594e-02
4.72397064571817e+01	9.98635715978068e-01,-3.69294320160051e-02
4.75682846001093e+01	9.98616697601117e-01,-3.71855890468144e-02
4.78991481847576e+01	9.98597414476388e-01,-3.74435129526473e-02
4.82323131076309e+01	9.98577862928868e-01,-3.77032157122872e-02
4.85677953758023e+01	9.98558039232824e-01,-3.79647093813405e-02
4.89056111076832e+01	9.98537939611112e-01,-3.82280060926350e-02
4.92457765337971e+01	9.98517560234472e-01,-3.84931180566194e-02
4.95883079975600e+01	9.98496897220824e-01,-3.87600575617619e-02
4.99332219560650e+01	9.98475946634541e-01,-3.90288369749494e-02
5.02805349808736e+01	9.98454704485726e-01,-3.92994687418855e-02
5.06302637588117e+01	9.98433166729471e-01,-3.95719653874895e-02
5.09824250927710e+01	9.98411329265107e-01,-3.98463395162939e-02
5.13370359025167e+01	9.98389187935445e-01,-4.01226038128423e-02
5.16941132255002e+01	9.98366738526011e-01,-4.04007710420863e-02
5.20536742176779e+01	9.98343976764261e-01,-4.06808540497823e-02
5.24157361543351e+01	9.98320898318800e-01,-4.09628657628876e-02
5.27803164309163e+01	9.98297498798572e-01,-4.12468191899553e-02
5.31474325638610e+01	9.98273773752062e-01,-4.15327274215294e-02
5.35171021914451e+01	9.98249718666464e-01,-4.18206036305384e-02
5.38893430746282e+01	9.98225328966855e-01,-4.21104610726879e-02
5.42641730979075e+01	9.98200600015353e-01,-4.24023130868529e-02
5.46416102701764e+01	9.98175527110261e-01,-4.26961730954682e-02
5.50216727255904e+01	9.98150105485204e-01,-4.29920546049183e-02
5.54043787244376e+01	9.98124330308249e-01,-4.32899712059259e-02
5.57897466540169e+01	9.98098196681025e-01,-4.35899365739386e-02
5.61777950295205e+01	9.98071699637813e-01,-4.38919644695151e-02
5.65685424949245e+01	9.98044834144645e-01,-4.41960687387089e-02
5.69620078238835e+01	9.98017595098375e-01,-4.45022633134509e-02
5.73582099206338e+01	9.97989977325746e-01,-4.48105622119308e-02
5.77571678209005e+01	9.97961975582441e-01,-4.51209795389752e-02
5.81589006928131e+01	9.97933584552126e-01,-4.54335294864257e-02
5.85634278378257e+01	9.97904798845476e-01,-4.57482263335131e-02
5.89707686916448e+01	9.97875612999191e-01,-4.60650844472312e-02
5.93809428251627e+01	9.97846021474998e-01,-4.63841182827070e-02
5.97939699453983e+01	9.97816018658640e-01,-4.67053423835695e-02
6.02098698964434e+01	9.97785598858854e-01,-4.70287713823151e-02
6.06286626604167e+01	9.97754756306333e-01,-4.73544200006716e-02
6.10503683584231e+01	9.97723485152675e-01,-4.76823030499586e-02
6.14750072515213e+01	9.97691779469321e-01,-4.80124354314451e-02
6.19025997416964e+01	9.97659633246476e-01,-4.83448321367048e-02
6.23331663728408e+01	9.97627040392016e-01,-4.86795082479676e-02
6.27667278317409e+01	9.97593994730388e-01,-4.90164789384684e-02
6.32033049490710e+01	9.97560490001484e-01,-4.93557594727919e-02
6.36429187003943e+01	9.97526519859509e-01,-4.96973652072149e-02
6.40855902071706e+01	9.97492077871835e-01,-5.00413115900441e-02
6.45313407377709e+01	9.97457157517832e-01,-5.03876141619501e-02
6.49801917084997e+01	9.97421752187696e-01,-5.07362885562986e-02
6.54321646846233e+01	9.97385855181251e-01,-5.10873504994758e-02
6.58872813814067e+01	9.97349459706741e-01,-5.14408158112109e-02
6.63455636651562e+01	9.97312558879609e-01,-5.17967004048938e-02
6.68070335542704e+01	9.97275145721254e-01,-5.21550202878878e-02
6.72717132202981e+01	9.97237213157778e-01,-5.25157915618385e-02
6.77396249890031e+01	9.97198754018711e-01,-5.28790304229766e-02
6.82107913414375e+01	9.97159761035731e-01,-5.32447531624168e-02
6.86852349150212e+01	9.97120226841351e-01,-5.36129761664506e-02
6.91629785046302e+01	9.97080143967607e-01,-5.39837159168338e-02
6.96440450636909e+01	9.97039504844715e-01,-5.43569889910692e-02
7.01284577052838e+01	9.96998301799722e-01,-5.47328120626818e-02
7.06162397032534e+01	9.96956527055132e-01,-5.51112019014898e-02
7.11074144933266e+01	9.96914172727521e-01,-5.54921753738684e-02
7.16020056742388e+01	9.96871230826130e-01,-5.58757494430070e-02
7.21000370088674e+01	9.96827693251441e-01,-5.62619411691604e-02
7.26015324253739e+01	9.96783551793740e-01,-5.66507677098929e-02
7.31065160183531e+01	9.96738798131655e-01,-5.70422463203150e-02
7.36150120499911e+01	9.96693423830680e-01,-5.74363943533138e-02
7.41270449512307e+01	9.96647420341682e-01,-5.78332292597742e-02
7.46426393229457e+01	9.96600778999385e-01,-5.82327685887944e-02
7.51618199371220e+01	9.96553491020838e-01,-5.86350299878918e-02
7.56846117380488e+01	9.96505547503866e-01,-5.90400312032013e-02
7.62110398435161e+01	9.96456939425494e-01,-5.94477900796652e-02
7.67411295460223e+01	9.96407657640366e-01,-5.98583245612144e-02
7.72749063139888e+01	9.96357692879127e-01,-6.02716526909403e-02
7.78123957929840e+01	9.96307035746798e-01,-6.06877926112574e-02
7.83536238069553e+01	9.96255676721128e-01,-6.11067625640575e-02
7.88986163594699e+01	9.96203606150924e-01,-6.15285808908520e-02
7.94473996349641e+01	9.96150814254359e-01,-6.19532660329063e-02
8.00000000000012e+01	9.96097291117267e-01,-6.23808365313625e-02
8.05564440045387e+01	9.96043026691406e-01,-6.28113110273518e-02
8.11167583832036e+01	9.95988010792714e-01,-6.32447082620964e-02
8.16809700565767e+01	9.95932233099530e-01,-6.36810470769989e-02
8.22491061324866e+01	9.95875683150802e-01,-6.41203464137219e-02
8.28211939073115e+01	9.95818350344273e-01,-6.45626253142540e-02
8.33972608672910e+01	9.95760223934639e-01,-6.50079029209648e-02
8.39773346898467e+01	9.95701293031696e-01,-6.54561984766467e-02
8.45614432449118e+01	9.95641546598452e-01,-6.59075313245440e-02
8.51496145962701e+01	9.95580973449228e-01,-6.63619209083691e-02
8.57418770029048e+01	9.95519562247729e-01,-6.68193867723041e-02
8.63382589203556e+01	9.95457301505094e-01,-6.72799485609900e-02
8.69387890020860e+01	9.95394179577925e-01,-6.77436260195001e-02
8.75434961008606e+01	9.95330184666291e-01,-6.82104389932998e-02
8.81524092701303e+01	9.95265304811711e-01,-6.86804074281906e-02
8.87655577654290e+01	9.95199527895107e-01,-6.91535513702391e-02
8.93829710457790e+01	9.95132841634741e-01,-6.96298909656898e-02
9.00046787751062e+01	9.95065233584123e-01,-7.01094464608624e-02
9.06307108236654e+01	9.94996691129898e-01,-7.05922382020310e-02
9.12610972694754e+01	9.94927201489704e-01,-7.10782866352877e-02
9.18958683997643e+01	9.94856751710010e-01,-7.15676123063879e-02
9.25350547124245e+01	9.94785328663927e-01,-7.20602358605778e-02
9.31786869174780e+01	9.94712919048996e-01,-7.25561780424034e-02
9.38267959385519e+01	9.94639509384946e-01,-7.30554596955007e-02
9.44794129143640e+01	9.94565086011430e-01,-7.35581017623668e-02
9.51365692002193e+01	9.94489635085736e-01,-7.40641252841107e-02
9.57982963695159e+01	9.94413142580471e-01,-7.45735514001844e-02
9.64646262152625e+01	9.94335594281221e-01,-7.50864013480926e-02
9.71355907516054e+01	9.94256975784176e-01,-7.56026964630817e-02
9.78112222153672e+01	9.94177272493742e-01,-7.61224581778068e-02
9.84915530675950e+01	9.94096469620118e-01,-7.66457080219761e-02
9.91766159951206e+01	9.94014552176845e-01,-7.71724676219728e-02
9.98664439121307e+01	9.93931504978335e-01,-7.77027587004536e-02
1.00561069961748e+02	9.93847312637366e-01,-7.82366030759231e-02
1.01260527517624e+02	9.93761959562552e-01,-7.87740226622838e-02
1.01964850185543e+02	9.93675429955786e-01,-7.93150394683611e-02
1.02674071805034e+02	9.93587707809658e-01,-7.98596755974025e-02
1.03388226451001e+02	9.93498776904838e-01,-8.04079532465506e-02
1.04107348435357e+02	9.93408620807435e-01,-8.09598947062891e-02
1.04831472308671e+02	9.93317222866332e-01,-8.15155223598620e-02
1.05560632861833e+02	9.93224566210484e-01,-8.20748586826636e-02
1.06294865127723e+02	9.93130633746193e-01,-8.26379262416008e-02
1.07034204382891e+02	9.93035408154354e-01,-8.32047476944253e-02
1.07778686149257e+02	9.92938871887671e-01,-8.37753457890363e-02
1.08528346195816e+02	9.92841007167843e-01,-8.43497433627518e-02
1.09283220540354e+02	9.92741795982722e-01,-8.49279633415496e-02
1.10043345451182e+02	9.92641220083442e-01,-8.55100287392747e-02
1.10808757448876e+02	9.92539260981521e-01,-8.60959626568150e-02
1.11579493308035e+02	9.92435899945926e-01,-8.66857882812433e-02
1.12355590059042e+02	9.92331118000114e-01,-8.72795288849245e-02
1.13137084989850e+02	9.92224895919045e-01,-8.78772078245885e-02
1.13924015647768e+02	9.92117214226159e-01,-8.84788485403665e-02
1.14716419841268e+02	9.92008053190329e-01,-8.90844745547912e-02
1.15514335641802e+02	9.91897392822778e-01,-8.96941094717600e-02
1.16317801385627e+02	9.91785212873971e-01,-9.03077769754591e-02
1.17126855675652e+02	9.91671492830474e-01,-9.09255008292491e-02
1.17941537383290e+02	9.91556211911781e-01,-9.15473048745113e-02
1.18761885650326e+02	9.91439349067117e-01,-9.21732130294522e-02
1.19587939890797e+02	9.91320882972202e-01,-9.28032492878677e-02
1.20419739792888e+02	9.91200792025993e-01,-9.34374377178637e-02
1.21257325320834e+02	9.91079054347384e-01,-9.40758024605344e-02
1.22100736716847e+02	9.90955647771888e-01,-9.47183677285960e-02
1.22950014503043e+02	9.90830549848284e-01,-9.53651578049750e-02
1.23805199483394e+02	9.90703737835226e-01,-9.60161970413512e-02
1.24666332745682e+02	9.90575188697829e-01,-9.66715098566528e-02
1.25533455663483e+02	9.90444879104226e-01,-9.73311207355042e-02
1.26406609898143e+02	9.90312785422089e-01,-9.79950542266247e-02
1.27285837400790e+02	9.90178883715120e-01,-9.86633349411768e-02
1.28171180414342e+02	9.90043149739510e-01,-9.93359875510645e-02
1.29062681475543e+02	9.89905558940376e-01,-1.00013036787178e-01
1.29960383417000e+02	9.89766086448160e-01,-1.00694507437589e-01
1.30864329369248e+02	9.89624707074993e-01,-1.01380424345685e-01
1.31774562762814e+02	9.89481395311041e-01,-1.02070812408256e-01
1.32691127330313e+02	9.89336125320814e-01,-1.02765696573523e-01
1.33614067108542e+02	9.89188870939440e-01,-1.03465101839101e-01
1.34543426440597e+02	9.89039605668920e-01,-1.04169053249919e-01
1.35479249978007e+02	9.88888302674343e-01,-1.04877575896066e-01
1.36421582682876e+02	9.88734934780079e-01,-1.05590694910583e-01
1.37370469830043e+02	9.88579474465939e-01,-1.06308435467192e-01
1.38325957009261e+02	9.88421893863299e-01,-1.07030822777963e-01
1.39288090127383e+02	9.88262164751212e-01,-1.07757882090911e-01
1.40256915410569e+02	9.88100258552474e-01,-1.08489638687538e-01
1.41232479406508e+02	9.87936146329667e-01,-1.09226117880294e-01
1.42214828986654e+02	9.87769798781181e-01,-1.09967345009986e-01
1.43204011348479e+02	9.87601186237196e-01,-1.10713345443100e-01
1.44200074017736e+02	9.87430278655644e-01,-1.11464144569068e-01
1.45203064850749e+02	9.87257045618139e-01,-1.12219767797455e-01
1.46213032036707e+02	9.87081456325888e-01,-1.12980240555071e-01
1.47230024099983e+02	9.86903479595562e-01,-1.13745588283012e-01
1.48254089902463e+02	9.86723083855153e-01,-1.14515836433628e-01
1.49285278645892e+02	9.86540237139800e-01,-1.15291010467403e-01
1.50323639874245e+02	9.86354907087588e-01,-1.16071135849765e-01
1.51369223476099e+02	9.86167060935323e-01,-1.16856238047816e-01
1.52422079687033e+02	9.85976665514288e-01,-1.17646342526971e-01
1.53482259092046e+02	9.85783687245962e-01,-1.18441474747526e-01
1.54549812627979e+02	9.85588092137733e-01,-1.19241660161131e-01
1.55624791585969e+02	9.85389845778572e-01,-1.20046924207182e-01
1.56707247613912e+02	9.85188913334695e-01,-1.20857292309124e-01
1.57797232718941e+02	9.84985259545199e-01,-1.21672789870665e-01
1.58894799269929e+02	9.84778848717677e-01,-1.22493442271898e-01
1.60000000000004e+02	9.84569644723816e-01,-1.23319274865330e-01
1.61112888009079e+02	9.84357610994970e-01,-1.24150312971824e-01
1.62233516766408e+02	9.84142710517721e-01,-1.24986581876429e-01
1.63361940113155e+02	9.83924905829416e-01,-1.25828106824135e-01
1.64498212264974e+02	9.83704159013688e-01,-1.26674913015507e-01
1.65642387814624e+02	9.83480431695967e-01,-1.27527025602237e-01
1.66794521734583e+02	9.83253685038964e-01,-1.28384469682578e-01
1.67954669379695e+02	9.83023879738150e-01,-1.29247270296688e-01
1.69122886489825e+02	9.82790976017222e-01,-1.30115452421855e-01
1.70299229192542e+02	9.82554933623546e-01,-1.30989040967627e-01
1.71483754005811e+02	9.82315711823601e-01,-1.31868060770825e-01
1.72676517840712e+02	9.82073269398406e-01,-1.32752536590445e-01
1.73877578004173e+02	9.81827564638937e-01,-1.33642493102454e-01
1.75086992201722e+02	9.81578555341545e-01,-1.34537954894462e-01
1.76304818540262e+02	9.81326198803349e-01,-1.35438946460286e-01
1.77531115530859e+02	9.81070451817647e-01,-1.36345492194392e-01
1.78765942091559e+02	9.80811270669303e-01,-1.37257616386219e-01
1.80009357550214e+02	9.80548611130142e-01,-1.38175343214375e-01
1.81261421647332e+02	9.80282428454341e-01,-1.39098696740721e-01
1.82522194538952e+02	9.80012677373819e-01,-1.40027700904317e-01
1.83791736799530e+02	9.79739312093629e-01,-1.40962379515253e-01
1.85070109424850e+02	9.79462286287354e-01,-1.41902756248336e-01
1.86357373834957e+02	9.79181553092512e-01,-1.42848854636661e-01
1.87653591877105e+02	9.78897065105954e-01,-1.43800698065041e-01
1.88958825828729e+02	9.78608774379289e-01,-1.44758309763298e-01
1.90273138400440e+02	9.78316632414303e-01,-1.45721712799428e-01
1.91596592739033e+02	9.78020590158398e-01,-1.46690930072620e-01
1.92929252430526e+02	9.77720598000046e-01,-1.47665984306133e-01
1.94271181503212e+02	9.77416605764253e-01,-1.48646898040036e-01
1.95622444430736e+02	9.77108562708044e-01,-1.49633693623799e-01
1.96983106135191e+02	9.76796417515972e-01,-1.50626393208736e-01
1.98353231990243e+02	9.76480118295641e-01,-1.51625018740308e-01
1.99732887824263e+02	9.76159612573256e-01,-1.52629591950264e-01
2.01122139923497e+02	9.75834847289210e-01,-1.53640134348636e-01
2.02521055035250e+02	9.75505768793681e-01,-1.54656667215583e-01
2.03929700371087e+02	9.75172322842277e-01,-1.55679211593066e-01
2.05348143610070e+02	9.74834454591709e-01,-1.56707788276381e-01
2.06776452902004e+02	9.74492108595496e-01,-1.57742417805518e-01
2.08214696870715e+02	9.74145228799723e-01,-1.58783120456367e-01
2.09662944617343e+02	9.73793758538820e-01,-1.59829916231751e-01
2.11121265723668e+02	9.73437640531408e-01,-1.60882824852303e-01
2.12589730255447e+02	9.73076816876178e-01,-1.61941865747169e-01
2.14068408765783e+02	9.72711229047827e-01,-1.63007058044537e-01
2.15557372298516e+02	9.72340817893045e-01,-1.64078420562006e-01
2.17056692391633e+02	9.71965523626563e-01,-1.65155971796769e-01
2.18566441080709e+02	9.71585285827254e-01,-1.66239729915630e-01
2.20086690902365e+02	9.71200043434308e-01,-1.67329712744834e-01
2.21617514897754e+02	9.70809734743463e-01,-1.68425937759729e-01
2.23158986616071e+02	9.70414297403315e-01,-1.69528422074235e-01
2.24711180118085e+02	9.70013668411695e-01,-1.70637182430141e-01
2.26274169979701e+02	9.69607784112132e-01,-1.71752235186210e-01
2.27848031295537e+02	9.69196580190387e-01,-1.72873596307100e-01
2.29432839682538e+02	9.68779991671083e-01,-1.74001281352097e-01
2.31028671283605e+02	9.68357952914419e-01,-1.75135305463661e-01
2.32635602771256e+02	9.67930397612971e-01,-1.76275683355774e-01
2.34253711351306e+02	9.67497258788608e-01,-1.77422429302101e-01
2.35883074766582e+02	9.67058468789489e-01,-1.78575557123955e-01
2.37523771300654e+02	9.66613959287183e-01,-1.79735080178067e-01
2.39175879781596e+02	9.66163661273890e-01,-1.80901011344154e-01
2.40839479585777e+02	9.65707505059777e-01,-1.82073363012292e-01
2.42514650641670e+02	9.65245420270443e-01,-1.83252147070090e-01
2.44201473433696e+02	9.64777335844496e-01,-1.84437374889660e-01
2.45900029006089e+02	9.64303180031269e-01,-1.85629057314383e-01
2.47610398966789e+02	9.63822880388668e-01,-1.86827204645477e-01
2.49332665491367e+02	9.63336363781153e-01,-1.88031826628350e-01
2.51066911326967e+02	9.62843556377877e-01,-1.89242932438757e-01
2.52813219796288e+02	9.62344383650959e-01,-1.90460530668744e-01
2.54571674801581e+02	9.61838770373928e-01,-1.91684629312384e-01
2.56342360828686e+02	9.61326640620317e-01,-1.92915235751308e-01
2.58125362951087e+02	9.60807917762427e-01,-1.94152356740023e-01
2.59920766834002e+02	9.60282524470265e-01,-1.95395998391018e-01
2.61728658738497e+02	9.59750382710658e-01,-1.96646166159665e-01
2.63549125525631e+02	9.59211413746554e-01,-1.97902864828903e-01
2.65382254660629e+02	9.58665538136508e-01,-1.99166098493713e-01
2.67228134217086e+02	9.58112675734370e-01,-2.00435870545380e-01
2.69086852881196e+02	9.57552745689177e-01,-2.01712183655541e-01
2.70958499956016e+02	9.56985666445245e-01,-2.02995039760027e-01
2.72843165365754e+02	9.56411355742489e-01,-2.04284440042484e-01
2.74740939660089e+02	9.55829730616954e-01,-2.05580384917787e-01
2.76651914018525e+02	9.55240707401587e-01,-2.06882874015243e-01
2.78576180254768e+02	9.54644201727233e-01,-2.08191906161579e-01
2.80513830821139e+02	9.54040128523889e-01,-2.09507479363719e-01
2.82464958813018e+02	9.53428402022190e-01,-2.10829590791355e-01
2.84429657973310e+02	9.52808935755171e-01,-2.12158236759308e-01
2.86408022696959e+02	9.52181642560280e-01,-2.13493412709672e-01
2.88400148035474e+02	9.51546434581674e-01,-2.14835113193762e-01
2.90406129701500e+02	9.50903223272787e-01,-2.16183331853851e-01
2.92426064073417e+02	9.50251919399188e-01,-2.17538061404701e-01
2.94460048199969e+02	9.49592433041741e-01,-2.18899293614894e-01
2.96508179804927e+02	9.48924673600058e-01,-2.20267019287956e-01
2.98570557291787e+02	9.48248549796270e-01,-2.21641228243294e-01
3.00647279748492e+02	9.47563969679120e-01,-2.23021909296922e-01
3.02738446952199e+02	9.46870840628374e-01,-2.24409050241999e-01
3.04844159374069e+02	9.46169069359577e-01,-2.25802637829177e-01
3.06964518184094e+02	9.45458561929156e-01,-2.27202657746757e-01
3.09099625255960e+02	9.44739223739862e-01,-2.28609094600654e-01
3.11249583171940e+02	9.44010959546589e-01,-2.30021931894190e-01
3.13414495227826e+02	9.43273673462555e-01,-2.31441152007697e-01
3.15594465437884e+02	9.42527268965867e-01,-2.32866736177948e-01
3.17789598539861e+02	9.41771648906465e-01,-2.34298664477418e-01
3.20000000000009e+02	9.41006715513479e-01,-2.35736915793370e-01
3.22225776018160e+02	9.40232370402971e-01,-2.37181467806788e-01
3.24467033532819e+02	9.39448514586115e-01,-2.38632296971140e-01
3.26723880226312e+02	9.38655048477780e-01,-2.40089378490993e-01
3.28996424529951e+02	9.37851871905561e-01,-2.41552686300481e-01
3.31284775629251e+02	9.37038884119248e-01,-2.43022193041622e-01
3.33589043469169e+02	9.36215983800744e-01,-2.44497870042504e-01
3.35909338759392e+02	9.35383069074449e-01,-2.45979687295339e-01
3.38245772979652e+02	9.34540037518112e-01,-2.47467613434386e-01
3.40598458385085e+02	9.33686786174165e-01,-2.48961615713763e-01
3.42967508011624e+02	9.32823211561545e-01,-2.50461659985139e-01
3.45353035681427e+02	9.31949209688013e-01,-2.51967710675330e-01
3.47755156008349e+02	9.31064676062992e-01,-2.53479730763792e-01
3.50173984403447e+02	9.30169505710906e-01,-2.54997681760027e-01
3.52609637080526e+02	9.29263593185064e-01,-2.56521523680910e-01
3.55062231061721e+02	9.28346832582068e-01,-2.58051215027939e-01
3.57531884183121e+02	9.27419117556774e-01,-2.59586712764427e-01
3.60018715100430e+02	9.26480341337811e-01,-2.61127972292640e-01
3.62522843294667e+02	9.25530396743658e-01,-2.62674947430884e-01
3.65044389077907e+02	9.24569176199299e-01,-2.64227590390569e-01
3.67583473599063e+02	9.23596571753470e-01,-2.65785851753236e-01
3.70140218849704e+02	9.22612475096482e-01,-2.67349680447585e-01
3.72714747669917e+02	9.21616777578667e-01,-2.68919023726491e-01
3.75307183754213e+02	9.20609370229415e-01,-2.70493827144032e-01
3.77917651657462e+02	9.19590143776850e-01,-2.72074034532545e-01
3.80546276800883e+02	9.18558988668122e-01,-2.73659587979704e-01
3.83193185478069e+02	9.17515795090343e-01,-2.75250427805659e-01
3.85858504861056e+02	9.16460452992168e-01,-2.76846492540226e-01
3.88542363006427e+02	9.15392852106034e-01,-2.78447718900150e-01
3.91244888861474e+02	9.14312881971055e-01,-2.80054041766465e-01
3.93966212270386e+02	9.13220431956601e-01,-2.81665394161946e-01
3.96706463980488e+02	9.12115391286539e-01,-2.83281707228683e-01
3.99465775648529e+02	9.10997649064180e-01,-2.84902910205787e-01
4.02244279846998e+02	9.09867094297906e-01,-2.86528930407248e-01
4.05042110070503e+02	9.08723615927506e-01,-2.88159693199946e-01
4.07859400742177e+02	9.07567102851216e-01,-2.89795121981860e-01
4.10696287220143e+02	9.06397443953486e-01,-2.91435138160456e-01
4.13552905804011e+02	9.05214528133450e-01,-2.93079661131310e-01
4.16429393741432e+02	9.04018244334143e-01,-2.94728608256948e-01
4.19325889234690e+02	9.02808481572439e-01,-2.96381894845949e-01
4.22242531447340e+02	9.01585128969735e-01,-2.98039434132315e-01
4.25179460510898e+02	9.00348075783381e-01,-2.99701137255129e-01
4.28136817531570e+02	8.99097211438850e-01,-3.01366913238528e-01
4.31114744597035e+02	8.97832425562672e-01,-3.03036668971999e-01
4.34113384783269e+02	8.96553608016121e-01,-3.04710309191037e-01
4.37132882161421e+02	8.95260648929666e-01,-3.06387736458160e-01
4.40173381804733e+02	8.93953438738182e-01,-3.08068851144329e-01
4.43235029795511e+02	8.92631868216931e-01,-3.09753551410779e-01
4.46317973232145e+02	8.91295828518311e-01,-3.11441733191286e-01
4.49422360236174e+02	8.89945211209377e-01,-3.13133290174895e-01
4.52548339959406e+02	8.88579908310133e-01,-3.14828113789134e-01
4.55696062591078e+02	8.87199812332597e-01,-3.16526093183732e-01
4.58865679365080e+02	8.85804816320634e-01,-3.18227115214864e-01
4.62057342567214e+02	8.84394813890568e-01,-3.19931064429965e-01
4.65271205542515e+02	8.82969699272560e-01,-3.21637823053103e-01
4.68507422702616e+02	8.81529367352752e-01,-3.23347270970976e-01
4.71766149533168e+02	8.80073713716182e-01,-3.25059285719530e-01
4.75047542601312e+02	8.78602634690461e-01,-3.26773742471232e-01
4.78351759563197e+02	8.77116027390203e-01,-3.28490514023030e-01
4.81678959171558e+02	8.75613789762216e-01,-3.30209470785016e-01
4.85029301283344e+02	8.74095820631439e-01,-3.31930480769833e-01
4.88402946867396e+02	8.72562019747620e-01,-3.33653409582831e-01
4.91800058012181e+02	8.71012287832733e-01,-3.35378120413026e-01
4.95220797933582e+02	8.69446526629117e-01,-3.37104474024866e-01
4.98665330982737e+02	8.67864638948338e-01,-3.38832328750846e-01
5.02133822653938e+02	8.66266528720763e-01,-3.40561540484997e-01
5.05626439592579e+02	8.64652101045830e-01,-3.42291962677270e-01
5.09143349603166e+02	8.63021262242998e-01,-3.44023446328855e-01
5.12684721657376e+02	8.61373919903394e-01,-3.45755839988449e-01
5.16250725902179e+02	8.59709982942098e-01,-3.47488989749526e-01
5.19841533668009e+02	8.58029361651094e-01,-3.49222739248596e-01
5.23457317476998e+02	8.56331967752849e-01,-3.50956929664534e-01
5.27098251051265e+02	8.54617714454505e-01,-3.52691399718961e-01
5.30764509321261e+02	8.52886516502678e-01,-3.54425985677733e-01
5.34456268434175e+02	8.51138290238839e-01,-3.56160521353560e-01
5.38173705762396e+02	8.49372953655251e-01,-3.57894838109780e-01
5.41916999912037e+02	8.47590426451460e-01,-3.59628764865318e-01
5.45686330731512e+02	8.45790630091298e-01,-3.61362128100864e-01
5.49481879320182e+02	8.43973487860391e-01,-3.63094751866289e-01
5.53303828037053e+02	8.42138924924143e-01,-3.64826457789332e-01
5.57152360509539e+02	8.40286868386166e-01,-3.66557065085589e-01
5.61027661642283e+02	8.38417247347146e-01,-3.68286390569821e-01
5.64929917626039e+02	8.36529992964094e-01,-3.70014248668626e-01
5.68859315946625e+02	8.34625038509983e-01,-3.71740451434475e-01
5.72816045393923e+02	8.32702319433715e-01,-3.73464808561170e-01
5.76800296070952e+02	8.30761773420408e-01,-3.75187127400725e-01
5.80812259403004e+02	8.28803340451955e-01,-3.76907212981703e-01
5.84852128146837e+02	8.26826962867838e-01,-3.78624868029045e-01
5.88920096399941e+02	8.24832585426153e-01,-3.80339892985395e-01
5.93016359609859e+02	8.22820155364813e-01,-3.82052086033963e-01
5.97141114583579e+02	8.20789622462894e-01,-3.83761243122936e-01
6.01294559496990e+02	8.18740939102088e-01,-3.85467157991474e-01
6.05476893904404e+02	8.16674060328223e-01,-3.87169622197290e-01
6.09688318748142e+02	8.14588943912810e-01,-3.88868425145864e-01
6.13929036368192e+02	8.12485550414576e-01,-3.90563354121280e-01
6.18199250511924e+02	8.10363843240945e-01,-3.92254194318734e-01
6.22499166343886e+02	8.08223788709418e-01,-3.93940728878706e-01
6.26828990455656e+02	8.06065356108814e-01,-3.95622738922832e-01
6.31188930875773e+02	8.03888517760323e-01,-3.97300003591482e-01
6.35579197079727e+02	8.01693249078326e-01,-3.98972300083060e-01
6.40000000000024e+02	7.99479528630936e-01,-4.00639403695038e-01
6.44451552036324e+02	7.97247338200208e-01,-4.02301087866750e-01
6.48934067065643e+02	7.94996662841973e-01,-4.03957124223931e-01
6.53447760452628e+02	7.92727490945248e-01,-4.05607282625042e-01
6.57992849059907e+02	7.90439814291158e-01,-4.07251331209357e-01
6.62569551258507e+02	7.88133628111339e-01,-4.08889036446852e-01
6.67178086938343e+02	7.85808931145745e-01,-4.10520163189874e-01
6.71818677518788e+02	7.83465725699831e-01,-4.12144474726608e-01
6.76491545959309e+02	7.81104017701031e-01,-4.13761732836345e-01
6.81196916770176e+02	7.78723816754500e-01,-4.15371697846542e-01
6.85935016023254e+02	7.76325136198047e-01,-4.16974128691689e-01
6.90706071362860e+02	7.73907993156208e-01,-4.18568782973958e-01
6.95510312016704e+02	7.71472408593413e-01,-4.20155417025658e-01
7.00347968806900e+02	7.69018407366161e-01,-4.21733785973459e-01
7.05219274161058e+02	7.66546018274183e-01,-4.23303643804404e-01
7.10124462123448e+02	7.64055274110494e-01,-4.24864743433685e-01
7.15063768366248e+02	7.61546211710317e-01,-4.26416836774166e-01
7.20037430200866e+02	7.59018871998778e-01,-4.27959674807660e-01
7.25045686589339e+02	7.56473300037347e-01,-4.29493007657920e-01
7.30088778155819e+02	7.53909545068944e-01,-4.31016584665342e-01
7.35166947198131e+02	7.51327660561659e-01,-4.32530154463357e-01
7.40280437699413e+02	7.48727704251026e-01,-4.34033465056483e-01
7.45429495339841e+02	7.46109738180788e-01,-4.35526263900023e-01
7.50614367508432e+02	7.43473828742097e-01,-4.37008297981375e-01
7.55835303314929e+02	7.40820046711086e-01,-4.38479313902933e-01
7.61092553601771e+02	7.38148467284760e-01,-4.39939057966534e-01
7.66386370956144e+02	7.35459170115136e-01,-4.41387276259439e-01
7.71717009722117e+02	7.32752239341589e-01,-4.42823714741797e-01
7.77084726012860e+02	7.30027763621333e-01,-4.44248119335556e-01
7.82489777722954e+02	7.27285836157984e-01,-4.45660236014791e-01
7.87932424540777e+02	7.24526554728159e-01,-4.47059810897397e-01
7.93412927960983e+02	7.21750021706029e-01,-4.48446590338111e-01
7.98931551297063e+02	7.18956344085806e-01,-4.49820321022808e-01
8.04488559694002e+02	7.16145633502081e-01,-4.51180750064031e-01
8.10084220141011e+02	7.13318006247978e-01,-4.52527625097701e-01
8.15718801484360e+02	7.10473583291060e-01,-4.53860694380951e-01
8.21392574440291e+02	7.07612490286949e-01,-4.55179706891035e-01
8.27105811608028e+02	7.04734857590604e-01,-4.56484412425249e-01
8.32858787482871e+02	7.01840820265204e-01,-4.57774561701812e-01
8.38651778469386e+02	6.98930518088610e-01,-4.59049906461632e-01
8.44485062894686e+02	6.96004095557330e-01,-4.60310199570916e-01
8.50358921021801e+02	6.93061701887983e-01,-4.61555195124530e-01
8.56273635063146e+02	6.90103491016184e-01,-4.62784648550071e-01
8.62229489194076e+02	6.87129621592836e-01,-4.63998316712556e-01
8.68226769566545e+02	6.84140256977783e-01,-4.65195958019673e-01
8.74265764322848e+02	6.81135565230791e-01,-4.66377332527518e-01
8.80346763609472e+02	6.78115719099821e-01,-4.67542202046739e-01
8.86470059591028e+02	6.75080896006567e-01,-4.68690330249011e-01
8.92635946464296e+02	6.72031278029232e-01,-4.69821482773770e-01
8.98844720472355e+02	6.68967051882513e-01,-4.70935427335120e-01
9.05096679918818e+02	6.65888408894772e-01,-4.72031933828833e-01
9.11392125182163e+02	6.62795544982374e-01,-4.73110774439368e-01
9.17731358730167e+02	6.59688660621175e-01,-4.74171723746803e-01
9.24114685134435e+02	6.56567960815144e-01,-4.75214558833632e-01
9.30542411085037e+02	6.53433655062101e-01,-4.76239059391297e-01
9.37014845405239e+02	6.50285957316570e-01,-4.77245007826408e-01
9.43532299066344e+02	6.47125085949738e-01,-4.78232189366534e-01
9.50095085202631e+02	6.43951263706508e-01,-4.79200392165494e-01
9.56703519126400e+02	6.40764717659658e-01,-4.80149407408049e-01
9.63357918343123e+02	6.37565679161099e-01,-4.81079029413913e-01
9.70058602566695e+02	6.34354383790241e-01,-4.81989055740979e-01
9.76805893734798e+02	6.31131071299474e-01,-4.82879287287691e-01
9.83600116024369e+02	6.27895985556775e-01,-4.83749528394446e-01
9.90441595867171e+02	6.24649374485462e-01,-4.84599586943954e-01
9.97330661965481e+02	6.21391490001104e-01,-4.85429274460457e-01
1.00426764530788e+03	6.18122587945610e-01,-4.86238406207716e-01
1.01125287918517e+03	6.14842928018534e-01,-4.87026801285676e-01
1.01828669920634e+03	6.11552773705600e-01,-4.87794282725720e-01
1.02536944331476e+03	6.08252392204503e-01,-4.88540677584423e-01
1.03250145180437e+03	6.04942054348006e-01,-4.89265817035709e-01
1.03968306733603e+03	6.01622034524368e-01,-4.89969536461338e-01
1.04691463495400e+03	5.98292610595160e-01,-4.90651675539616e-01
1.05419650210254e+03	5.94954063810492e-01,-4.91312078332259e-01
1.06152901864253e+03	5.91606678721717e-01,-4.91950593369321e-01
1.06891253686836e+03	5.88250743091646e-01,-4.92567073732087e-01
1.07634741152480e+03	5.84886547802347e-01,-4.93161377133879e-01
1.08383399982408e+03	5.81514386760557e-01,-4.93733365998661e-01
1.09137266146303e+03	5.78134556800800e-01,-4.94282907537387e-01
1.09896375864037e+03	5.74747357586242e-01,-4.94809873822007e-01
1.10660765607411e+03	5.71353091507371e-01,-4.95314141857051e-01
1.11430472101909e+03	5.67952063578560e-01,-4.95795593648727e-01
1.12205532328457e+03	5.64544581332583e-01,-4.96254116271453e-01
1.12985983525209e+03	5.61130954713169e-01,-4.96689601931755e-01
1.13771863189326e+03	5.57711495965648e-01,-4.97101948029480e-01
1.14563209078785e+03	5.54286519525797e-01,-4.97491057216229e-01
1.15360059214191e+03	5.50856341906948e-01,-4.97856837450981e-01
1.16162451880602e+03	5.47421281585436e-01,-4.98199202052828e-01
1.16970425629368e+03	5.43981658884499e-01,-4.98518069750777e-01
1.17784019279989e+03	5.40537795856694e-01,-4.98813364730557e-01
1.18603271921973e+03	5.37090016164921e-01,-4.99085016678386e-01
1.19428222916717e+03	5.33638644962170e-01,-4.99332960821656e-01
1.20258911899399e+03	5.30184008770049e-01,-4.99557137966483e-01
1.21095378780882e+03	5.26726435356221e-01,-4.99757494532083e-01
1.21937663749629e+03	5.23266253610825e-01,-4.99933982581944e-01
1.22785807273639e+03	5.19803793421992e-01,-5.00086559851757e-01
1.23639850102386e+03	5.16339385550549e-01,-5.00215189774073e-01
1.24499833268778e+03	5.12873361504014e-01,-5.00319841499656e-01
1.25365798091132e+03	5.09406053409983e-01,-5.00400489915525e-01
1.26237786175155e+03	5.05937793889011e-01,-5.00457115659644e-01
1.27115839415946e+03	5.02468915927094e-01,-5.00489705132260e-01
1.28000000000006e+03	4.98999752747848e-01,-5.00498250503870e-01
1.28890310407266e+03	4.95530637684502e-01,-5.00482749719806e-01
1.29786813413129e+03	4.92061904051791e-01,-5.00443206501441e-01
1.30689552090527e+03	4.88593885017871e-01,-5.00379630344010e-01
1.31598569811982e+03	4.85126913476355e-01,-5.00292036511041e-01
1.32513910251702e+03	4.81661321918565e-01,-5.00180446025419e-01
1.33435617387669e+03	4.78197442306123e-01,-5.00044885657076e-01
1.34363735503759e+03	4.74735605943966e-01,-4.99885387907335e-01
1.35298309191863e+03	4.71276143353895e-01,-4.99701990989905e-01
1.36239383354036e+03	4.67819384148770e-01,-4.99494738808576e-01
1.37187003204652e+03	4.64365656907433e-01,-4.99263680931611e-01
1.38141214272573e+03	4.60915289050479e-01,-4.99008872562879e-01
1.39102062403342e+03	4.57468606716957e-01,-4.98730374509752e-01
1.40069593761381e+03	4.54025934642114e-01,-4.98428253147808e-01
1.41043854832213e+03	4.50587596036264e-01,-4.98102580382376e-01
1.42024892424691e+03	4.47153912464896e-01,-4.97753433606950e-01
1.43012753673251e+03	4.43725203730088e-01,-4.97380895658548e-01
1.44007486040174e+03	4.40301787753345e-01,-4.96985054770026e-01
1.45009137317869e+03	4.36883980459933e-01,-4.96566004519429e-01
1.46017755631165e+03	4.33472095664803e-01,-4.96123843776417e-01
1.47033389439627e+03	4.30066444960188e-01,-4.95658676645822e-01
1.48056087539884e+03	4.26667337604960e-01,-4.95170612408401e-01
1.49085899067969e+03	4.23275080415822e-01,-4.94659765458853e-01
1.50122873501687e+03	4.19889977660418e-01,-4.94126255241144e-01
1.51167060662987e+03	4.16512330952436e-01,-4.93570206181227e-01
1.52218510720355e+03	4.13142439148769e-01,-4.92991747617227e-01
1.53277274191230e+03	4.09780598248822e-01,-4.92391013727140e-01
1.54343401944424e+03	4.06427101296011e-01,-4.91768143454151e-01
1.55416945202573e+03	4.03082238281535e-01,-4.91123280429624e-01
1.56497955544592e+03	3.99746296050475e-01,-4.90456572893849e-01
1.57586484908157e+03	3.96419558210283e-01,-4.89768173614632e-01
1.58682585592198e+03	3.93102305041710e-01,-4.89058239803802e-01
1.59786310259414e+03	3.89794813412234e-01,-4.88326933031714e-01
1.60897711938801e+03	3.86497356692027e-01,-4.87574419139850e-01
1.62016844028203e+03	3.83210204672526e-01,-4.86800868151577e-01
1.63143760296873e+03	3.79933623487623e-01,-4.86006454181178e-01
1.64278514888059e+03	3.76667875537539e-01,-4.85191355341220e-01
1.65421162321607e+03	3.73413219415410e-01,-4.84355753648359e-01
1.66571757496575e+03	3.70169909836611e-01,-4.83499834927669e-01
1.67730355693878e+03	3.66938197570863e-01,-4.82623788715587e-01
1.68897012578938e+03	3.63718329377129e-01,-4.81727808161559e-01
1.70071784204361e+03	3.60510547941352e-01,-4.80812089928486e-01
1.71254727012630e+03	3.57315091817019e-01,-4.79876834092048e-01
1.72445897838816e+03	3.54132195368609e-01,-4.78922244039018e-01
1.73645353913310e+03	3.50962088717895e-01,-4.77948526364633e-01
1.74853152864571e+03	3.47804997693153e-01,-4.76955890769128e-01
1.76069352721896e+03	3.44661143781249e-01,-4.75944549953525e-01
1.77294011918207e+03	3.41530744082639e-01,-4.74914719514754e-01
1.78527189292860e+03	3.38414011269259e-01,-4.73866617840212e-01
1.79768944094472e+03	3.35311153545322e-01,-4.72800466001837e-01
1.81019335983765e+03	3.32222374610999e-01,-4.71716487649789e-01
1.82278425036434e+03	3.29147873628999e-01,-4.70614908905833e-01
1.83546271746035e+03	3.26087845194014e-01,-4.69495958256496e-01
1.84822937026888e+03	3.23042479305031e-01,-4.68359866446097e-01
1.86108482217009e+03	3.20011961340493e-01,-4.67206866369729e-01
1.87402969081049e+03	3.16996472036285e-01,-4.66037192966274e-01
1.88706459813270e+03	3.13996187466523e-01,-4.64851083111541e-01
1.90019017040527e+03	3.11011279027134e-01,-4.63648775511597e-01
1.91340703825281e+03	3.08041913422183e-01,-4.62430510596379e-01
1.92671583668626e+03	3.05088252652937e-01,-4.61196530413660e-01
1.94011720513340e+03	3.02150454009614e-01,-4.59947078523445e-01
1.95361178746961e+03	2.99228670065804e-01,-4.58682399892877e-01
1.96720023204875e+03	2.96323048675515e-01,-4.57402740791712e-01
1.98088319173436e+03	2.93433732972806e-01,-4.56108348688454e-01
1.99466132393098e+03	2.90560861373975e-01,-4.54799472147200e-01
2.00853529061578e+03	2.87704567582253e-01,-4.53476360725266e-01
2.02250575837034e+03	2.84864980594966e-01,-4.52139264871674e-01
2.03657339841269e+03	2.82042224713116e-01,-4.50788435826537e-01
2.05073888662953e+03	2.79236419553342e-01,-4.49424125521430e-01
2.06500290360874e+03	2.76447680062197e-01,-4.48046586480778e-01
2.07936613467207e+03	2.73676116532721e-01,-4.46656071724350e-01
2.09382926990802e+03	2.70921834623218e-01,-4.45252834670876e-01
2.10839300420509e+03	2.68184935378231e-01,-4.43837129042872e-01
2.12305803728508e+03	2.65465515251619e-01,-4.42409208772707e-01
2.13782507373673e+03	2.62763666131720e-01,-4.40969327909959e-01
2.15269482304962e+03	2.60079475368510e-01,-4.39517740530112e-01
2.16766799964818e+03	2.57413025802734e-01,-4.38054700644634e-01
2.18274532292608e+03	2.54764395796928e-01,-4.36580462112475e-01
2.19792751728076e+03	2.52133659268289e-01,-4.35095278553035e-01
2.21321531214825e+03	2.49520885723327e-01,-4.33599403260617e-01
2.22860944203819e+03	2.46926140294247e-01,-4.32093089120422e-01
2.24411064656916e+03	2.44349483776996e-01,-4.30576588526108e-01
2.25971967050419e+03	2.41790972670925e-01,-4.29050153298941e-01
2.27543726378653e+03	2.39250659219990e-01,-4.27514034608569e-01
2.29126418157573e+03	2.36728591455454e-01,-4.25968482895448e-01
2.30720118428384e+03	2.34224813240010e-01,-4.24413747794932e-01
2.32324903761205e+03	2.31739364313282e-01,-4.22850078063069e-01
2.33940851258738e+03	2.29272280338631e-01,-4.21277721504094e-01
2.35568038559980e+03	2.26823592951213e-01,-4.19696924899665e-01
2.37206543843947e+03	2.24393329807234e-01,-4.18107933939838e-01
2.38856445833435e+03	2.21981514634328e-01,-4.16510993155802e-01
2.40517823798799e+03	2.19588167283017e-01,-4.14906345854379e-01
2.42190757561765e+03	2.17213303779185e-01,-4.13294234054313e-01
2.43875327499260e+03	2.14856936377502e-01,-4.11674898424335e-01
2.45571614547280e+03	2.12519073615761e-01,-4.10048578223025e-01
2.47279700204773e+03	2.10199720370044e-01,-4.08415511240471e-01
2.48999666537558e+03	2.07898877910683e-01,-4.06775933741724e-01
2.50731596182266e+03	2.05616543958951e-01,-4.05130080412050e-01
2.52475572350313e+03	2.03352712744426e-01,-4.03478184303983e-01
2.54231678831894e+03	2.01107375062979e-01,-4.01820476786168e-01
2.56000000000013e+03	1.98880518335330e-01,-4.00157187493997e-01
2.57780620814533e+03	1.96672126666116e-01,-3.98488544282028e-01
2.59573626826261e+03	1.94482180903431e-01,-3.96814773178179e-01
2.61379104181055e+03	1.92310658698771e-01,-3.95136098339688e-01
2.63197139623967e+03	1.90157534567347e-01,-3.93452742010838e-01
2.65027820503406e+03	1.88022779948709e-01,-3.91764924482416e-01
2.66871234775341e+03	1.85906363267640e-01,-3.90072864052916e-01
2.68727471007519e+03	1.83808249995268e-01,-3.88376776991455e-01
2.70596618383727e+03	1.81728402710350e-01,-3.86676877502390e-01
2.72478766708074e+03	1.79666781160686e-01,-3.84973377691632e-01
2.74374006409305e+03	1.77623342324620e-01,-3.83266487534622e-01
2.76282428545148e+03	1.75598040472582e-01,-3.81556414845961e-01
2.78204124806685e+03	1.73590827228631e-01,-3.79843365250673e-01
2.80139187522764e+03	1.71601651631959e-01,-3.78127542157083e-01
2.82087709664427e+03	1.69630460198316e-01,-3.76409146731282e-01
2.84049784849383e+03	1.67677196981320e-01,-3.74688377873163e-01
2.86025507346503e+03	1.65741803633614e-01,-3.72965432194007e-01
2.88014972080350e+03	1.63824219467830e-01,-3.71240503995591e-01
2.90018274635740e+03	1.61924381517333e-01,-3.69513785250791e-01
2.92035511262332e+03	1.60042224596710e-01,-3.67785465585669e-01
2.94066778879257e+03	1.58177681361960e-01,-3.66055732263007e-01
2.96112175079769e+03	1.56330682370377e-01,-3.64324770167261e-01
2.98171798135941e+03	1.54501156140069e-01,-3.62592761790917e-01
3.00245747003377e+03	1.52689029209112e-01,-3.60859887222223e-01
3.02334121325976e+03	1.50894226194282e-01,-3.59126324134262e-01
3.04437021440713e+03	1.49116669849365e-01,-3.57392247775337e-01
3.06554548382462e+03	1.47356281123006e-01,-3.55657830960661e-01
3.08686803888851e+03	1.45612979216071e-01,-3.53923244065296e-01
3.10833890405149e+03	1.43886681638507e-01,-3.52188655018330e-01
3.12995911089186e+03	1.42177304265673e-01,-3.50454229298268e-01
3.15172969816316e+03	1.40484761394119e-01,-3.48720129929587e-01
3.17365171184398e+03	1.38808965796803e-01,-3.46986517480453e-01
3.19572620518830e+03	1.37149828777714e-01,-3.45253550061549e-01
3.21795423877605e+03	1.35507260225888e-01,-3.43521383326004e-01
3.24033688056409e+03	1.33881168668812e-01,-3.41790170470376e-01
3.26287520593749e+03	1.32271461325180e-01,-3.40060062236679e-01
3.28557029776121e+03	1.30678044156997e-01,-3.38331206915407e-01
3.30842324643216e+03	1.29100821921025e-01,-3.36603750349543e-01
3.33143514993153e+03	1.27539698219536e-01,-3.34877835939511e-01
3.35460711387759e+03	1.25994575550391e-01,-3.33153604649055e-01
3.37794025157879e+03	1.24465355356398e-01,-3.31431195012003e-01
3.40143568408726e+03	1.22951938073972e-01,-3.29710743139905e-01
3.42509454025263e+03	1.21454223181067e-01,-3.27992382730494e-01
3.44891795677636e+03	1.19972109244378e-01,-3.26276245076973e-01
3.47290707826623e+03	1.18505493965810e-01,-3.24562459078064e-01
3.49706305729145e+03	1.17054274228195e-01,-3.22851151248833e-01
3.52138705443794e+03	1.15618346140265e-01,-3.21142445732223e-01
3.54588023836416e+03	1.14197605080867e-01,-3.19436464311297e-01
3.57054378585724e+03	1.12791945742422e-01,-3.17733326422158e-01
3.59537888188947e+03	1.11401262173612e-01,-3.16033149167513e-01
3.62038671967532e+03	1.10025447821308e-01,-3.14336047330858e-01
3.64556850072871e+03	1.08664395571725e-01,-3.12642133391267e-01
3.67092543492072e+03	1.07317997790810e-01,-3.10951517538749e-01
3.69645874053780e+03	1.05986146363853e-01,-3.09264307690154e-01
3.72216964434020e+03	1.04668732734329e-01,-3.07580609505604e-01
3.74805938162101e+03	1.03365647941967e-01,-3.05900526405422e-01
3.77412919626543e+03	1.02076782660048e-01,-3.04224159587538e-01
3.80038034081058e+03	1.00802027231932e-01,-3.02551608045354e-01
3.82681407650566e+03	9.95412717068173e-02,-3.00882968586027e-01
3.85343167337255e+03	9.82944058747310e-02,-2.99218335849176e-01
3.88023441026684e+03	9.70613193007605e-02,-2.97557802325966e-01
3.90722357493925e+03	9.58419013585210e-02,-2.95901458378560e-01
3.93440046409753e+03	9.46360412628674e-02,-2.94249392259917e-01
3.96176638346874e+03	9.34436281018546e-02,-2.92601690133912e-01
3.98932264786198e+03	9.22645508679477e-02,-2.90958436095763e-01
4.01707058123159e+03	9.10986984884919e-02,-2.89319712192741e-01
4.04501151674072e+03	8.99459598554417e-02,-2.87685598445145e-01
4.07314679682541e+03	8.88062238543590e-02,-2.86056172867521e-01
4.10147777325910e+03	8.76793793926855e-02,-2.84431511490120e-01
4.13000580721752e+03	8.65653154272930e-02,-2.82811688380549e-01
4.15873226934416e+03	8.54639209913221e-02,-2.81196775665636e-01
4.18765853981608e+03	8.43750852203125e-02,-2.79586843553451e-01
4.21678600841022e+03	8.32986973776344e-02,-2.77981960355502e-01
4.24611607457018e+03	8.22346468792274e-02,-2.76382192509067e-01
4.27565014747350e+03	8.11828233176539e-02,-2.74787604599655e-01
4.30538964609927e+03	8.01431164854762e-02,-2.73198259383582e-01
4.33533599929639e+03	7.91154163979638e-02,-2.71614217810644e-01
4.36549064585219e+03	7.80996133151404e-02,-2.70035539046872e-01
4.39585503456155e+03	7.70955977631773e-02,-2.68462280497359e-01
4.42643062429652e+03	7.61032605551436e-02,-2.66894497829144e-01
4.45721888407641e+03	7.51224928111204e-02,-2.65332244994134e-01
4.48822129313836e+03	7.41531859776878e-02,-2.63775574252067e-01
4.51943934100841e+03	7.31952318467954e-02,-2.62224536193478e-01
4.55087452757310e+03	7.22485225740223e-02,-2.60679179762688e-01
4.58252836315148e+03	7.13129506962383e-02,-2.59139552280777e-01
4.61440236856772e+03	7.03884091486743e-02,-2.57605699468542e-01
4.64649807522413e+03	6.94747912814109e-02,-2.56077665469435e-01
4.67881702517480e+03	6.85719908752961e-02,-2.54555492872455e-01
4.71136077119964e+03	6.76799021572987e-02,-2.53039222735000e-01
4.74413087687898e+03	6.67984198153098e-02,-2.51528894605657e-01
4.77712891666873e+03	6.59274390123999e-02,-2.50024546546932e-01
4.81035647597602e+03	6.50668554005414e-02,-2.48526215157899e-01
4.84381515123534e+03	6.42165651338070e-02,-2.47033935596772e-01
4.87750654998525e+03	6.33764648810521e-02,-2.45547741603382e-01
4.91143229094564e+03	6.25464518380913e-02,-2.44067665521553e-01
4.94559400409550e+03	6.17264237393793e-02,-2.42593738321378e-01
4.97999333075120e+03	6.09162788692036e-02,-2.41125989621374e-01
5.01463192364536e+03	6.01159160724008e-02,-2.39664447710521e-01
5.04951144700630e+03	5.93252347646049e-02,-2.38209139570174e-01
5.08463357663793e+03	5.85441349420358e-02,-2.36760090895837e-01
5.12000000000031e+03	5.77725171908400e-02,-2.35317326118802e-01
5.15561241629071e+03	5.70102826959901e-02,-2.33880868427641e-01
5.19147253652526e+03	5.62573332497542e-02,-2.32450739789550e-01
5.22758208362114e+03	5.55135712597435e-02,-2.31026960971532e-01
5.26394279247938e+03	5.47788997565478e-02,-2.29609551561428e-01
5.30055641006817e+03	5.40532224009668e-02,-2.28198529988772e-01
5.33742469550686e+03	5.33364434908480e-02,-2.26793913545491e-01
5.37454942015043e+03	5.26284679675386e-02,-2.25395718406415e-01
5.41193236767459e+03	5.19292014219606e-02,-2.24003959649626e-01
5.44957533416153e+03	5.12385501003189e-02,-2.22618651276614e-01
5.48748012818615e+03	5.05564209094487e-02,-2.21239806232256e-01
5.52564857090300e+03	4.98827214218138e-02,-2.19867436424605e-01
5.56408249613375e+03	4.92173598801620e-02,-2.18501552744488e-01
5.60278375045533e+03	4.85602452018464e-02,-2.17142165084917e-01
5.64175419328859e+03	4.79112869828220e-02,-2.15789282360293e-01
5.68099569698771e+03	4.72703955013246e-02,-2.14442912525426e-01
5.72051014693011e+03	4.66374817212406e-02,-2.13103062594345e-01
5.76029944160706e+03	4.60124572951751e-02,-2.11769738658911e-01
5.80036549271484e+03	4.53952345672279e-02,-2.10442945907226e-01
5.84071022524669e+03	4.47857265754826e-02,-2.09122688641836e-01
5.88133557758518e+03	4.41838470542188e-02,-2.07808970297727e-01
5.92224350159543e+03	4.35895104358529e-02,-2.06501793460118e-01
5.96343596271886e+03	4.30026318526175e-02,-2.05201159882034e-01
6.00491494006759e+03	4.24231271379837e-02,-2.03907070501688e-01
6.04668242651957e+03	4.18509128278363e-02,-2.02619525459630e-01
6.08874042881431e+03	4.12859061614066e-02,-2.01338524115704e-01
6.13109096764929e+03	4.07280250819720e-02,-2.00064065065783e-01
6.17373607777707e+03	4.01771882373278e-02,-1.98796146158296e-01
6.21667780810302e+03	3.96333149800379e-02,-1.97534764510538e-01
6.25991822178378e+03	3.90963253674723e-02,-1.96279916524775e-01
6.30345939632636e+03	3.85661401616366e-02,-1.95031597904131e-01
6.34730342368800e+03	3.80426808288009e-02,-1.93789803668265e-01
6.39145241037665e+03	3.75258695389337e-02,-1.92554528168835e-01
6.43590847755216e+03	3.70156291649467e-02,-1.91325765104751e-01
6.48067376112824e+03	3.65118832817585e-02,-1.90103507537216e-01
6.52575041187503e+03	3.60145561651804e-02,-1.88887747904558e-01
6.57114059552248e+03	3.55235727906319e-02,-1.87678478036850e-01
6.61684649286437e+03	3.50388588316919e-02,-1.86475689170320e-01
6.66287029986312e+03	3.45603406584893e-02,-1.85279371961554e-01
6.70921422775524e+03	3.40879453359411e-02,-1.84089516501492e-01
6.75588050315764e+03	3.36216006218407e-02,-1.82906112329213e-01
6.80287136817457e+03	3.31612349648039e-02,-1.81729148445520e-01
6.85018908050532e+03	3.27067775020768e-02,-1.80558613326315e-01
6.89783591355277e+03	3.22581580572101e-02,-1.79394494935773e-01
6.94581415653252e+03	3.18153071376062e-02,-1.78236780739311e-01
6.99412611458295e+03	3.13781559319427e-02,-1.77085457716364e-01
7.04277410887593e+03	3.09466363074770e-02,-1.75940512372946e-01
7.09176047672838e+03	3.05206808072384e-02,-1.74801930754031e-01
7.14108757171453e+03	3.01002226471094e-02,-1.73669698455719e-01
7.19075776377900e+03	2.96851957128032e-02,-1.72543800637221e-01
7.24077343935071e+03	2.92755345567405e-02,-1.71424222032641e-01
7.29113700145747e+03	2.88711743948294e-02,-1.70310946962570e-01
7.34185086984150e+03	2.84720511031539e-02,-1.69203959345487e-01
7.39291748107565e+03	2.80781012145740e-02,-1.68103242708971e-01
7.44433928868046e+03	2.76892619152412e-02,-1.67008780200725e-01
7.49611876324208e+03	2.73054710410340e-02,-1.65920554599417e-01
7.54825839253092e+03	2.69266670739172e-02,-1.64838548325336e-01
7.60076068162122e+03	2.65527891382269e-02,-1.63762743450859e-01
7.65362815301138e+03	2.61837769968876e-02,-1.62693121710749e-01
7.70686334674516e+03	2.58195710475624e-02,-1.61629664512265e-01
7.76046882053374e+03	2.54601123187406e-02,-1.60572352945100e-01
7.81444714987857e+03	2.51053424657668e-02,-1.59521167791140e-01
7.86880092819513e+03	2.47552037668131e-02,-1.58476089534053e-01
7.92353276693755e+03	2.44096391187986e-02,-1.57437098368708e-01
7.97864529572403e+03	2.40685920332593e-02,-1.56404174210419e-01
8.03414116246325e+03	2.37320066321707e-02,-1.55377296704027e-01
8.09002303348151e+03	2.33998276437265e-02,-1.54356445232815e-01
8.14629359365089e+03	2.30720003980757e-02,-1.53341598927254e-01
8.20295554651826e+03	2.27484708230219e-02,-1.52332736673598e-01
8.26001161443511e+03	2.24291854396859e-02,-1.51329837122310e-01
8.31746453868839e+03	2.21140913581354e-02,-1.50332878696332e-01
8.37531707963222e+03	2.18031362729837e-02,-1.49341839599206e-01
8.43357201682050e+03	2.14962684589603e-02,-1.48356697823029e-01
8.49223214914044e+03	2.11934367664550e-02,-1.47377431156268e-01
8.55130029494706e+03	2.08945906170386e-02,-1.46404017191415e-01
8.61077929219860e+03	2.05996799989621e-02,-1.45436433332505e-01
8.67067199859285e+03	2.03086554626359e-02,-1.44474656802475e-01
8.73098129170445e+03	2.00214681160929e-02,-1.43518664650391e-01
8.79171006912318e+03	1.97380696204351e-02,-1.42568433758524e-01
8.85286124859312e+03	1.94584121852676e-02,-1.41623940849291e-01
8.91443776815290e+03	1.91824485641209e-02,-1.40685162492057e-01
8.97644258627679e+03	1.89101320498642e-02,-1.39752075109795e-01
9.03887868201690e+03	1.86414164701098e-02,-1.38824654985621e-01
9.10174905514628e+03	1.83762561826127e-02,-1.37902878269192e-01
9.16505672630304e+03	1.81146060706654e-02,-1.36986720982968e-01
9.22880473713551e+03	1.78564215384891e-02,-1.36076159028357e-01
9.29299615044834e+03	1.76016585066250e-02,-1.35171168191719e-01
9.35763405034968e+03	1.73502734073252e-02,-1.34271724150262e-01
9.42272154239935e+03	1.71022231799454e-02,-1.33377802477797e-01
9.48826175375803e+03	1.68574652663410e-02,-1.32489378650384e-01
9.55425783333754e+03	1.66159576062672e-02,-1.31606428051857e-01
9.62071295195212e+03	1.63776586327858e-02,-1.30728925979226e-01
9.68763030247075e+03	1.61425272676785e-02,-1.29856847647967e-01
9.75501309997057e+03	1.59105229168685e-02,-1.28990168197200e-01
9.82286458189136e+03	1.56816054658517e-02,-1.28128862694750e-01
9.89118800819108e+03	1.54557352751390e-02,-1.27272906142103e-01
9.95998666150247e+03	1.52328731757094e-02,-1.26422273479247e-01
1.00292638472908e+04	1.50129804644767e-02,-1.25576939589411e-01
1.00990228940127e+04	1.47960188997695e-02,-1.24736879303698e-01
1.01692671532759e+04	1.45819506968262e-02,-1.23902067405614e-01
1.02400000000007e+04	1.43707385233051e-02,-1.23072478635494e-01
1.03112248325815e+04	1.41623454948121e-02,-1.22248087694829e-01
1.03829450730506e+04	1.39567351704449e-02,-1.21428869250494e-01
1.04551641672424e+04	1.37538715483556e-02,-1.20614797938882e-01
1.05278855849588e+04	1.35537190613325e-02,-1.19805848369939e-01
1.06011128201364e+04	1.33562425724021e-02,-1.19001995131105e-01
1.06748493910138e+04	1.31614073704503e-02,-1.18203212791166e-01
1.07490988403009e+04	1.29691791658660e-02,-1.17409475904017e-01
1.08238647353493e+04	1.27795240862063e-02,-1.16620759012329e-01
1.08991506683231e+04	1.25924086718835e-02,-1.15837036651137e-01
1.09749602563724e+04	1.24077998718758e-02,-1.15058283351334e-01
1.10512971418061e+04	1.22256650394615e-02,-1.14284473643088e-01
1.11281649922676e+04	1.20459719279772e-02,-1.13515582059173e-01
1.12055675009107e+04	1.18686886866004e-02,-1.12751583138217e-01
1.12835083865773e+04	1.16937838561583e-02,-1.11992451427872e-01
1.13619913939755e+04	1.15212263649608e-02,-1.11238161487905e-01
1.14410202938603e+04	1.13509855246604e-02,-1.10488687893213e-01
1.15205988832142e+04	1.11830310261389e-02,-1.09744005236759e-01
1.16007309854298e+04	1.10173329354196e-02,-1.09004088132438e-01
1.16814204504935e+04	1.08538616896084e-02,-1.08268911217866e-01
1.17626711551704e+04	1.06925880928610e-02,-1.07538449157101e-01
1.18444870031910e+04	1.05334833123790e-02,-1.06812676643288e-01
1.19268719254378e+04	1.03765188744332e-02,-1.06091568401242e-01
1.20098298801353e+04	1.02216666604170e-02,-1.05375099189961e-01
1.20933648530392e+04	1.00688989029261e-02,-1.04663243805065e-01
1.21774808576287e+04	9.91818818186983e-03,-1.03955977081182e-01
1.22621819352987e+04	9.76950742060933e-03,-1.03253273894262e-01
1.23474721555542e+04	9.62282988212676e-03,-1.02555109163830e-01
1.24333556162061e+04	9.47812916522328e-03,-1.01861457855175e-01
1.25198364435677e+04	9.33537920074702e-03,-1.01172294981486e-01
1.26069187926528e+04	9.19455424785096e-03,-1.00487595605919e-01
1.26946068473761e+04	9.05562889028087e-03,-9.98073348436113e-02
1.27829048207534e+04	8.91857803269334e-03,-9.91314878636410e-02
1.28718169551044e+04	8.78337689700421e-03,-9.84600298909230e-02
1.29613475222566e+04	8.65000101876735e-03,-9.77929362080573e-02
1.30515008237502e+04	8.51842624358393e-03,-9.71301821571194e-02
1.31422811910451e+04	8.38862872354212e-03,-9.64717431414003e-02
1.32336929857288e+04	8.26058491368759e-03,-9.58175946270929e-02
1.33257405997263e+04	8.13427156852446e-03,-9.51677121449293e-02
1.34184284555106e+04	8.00966573854702e-03,-9.45220712917674e-02
1.35117610063154e+04	7.88674476680218e-03,-9.38806477321293e-02
1.36057427363492e+04	7.76548628548253e-03,-9.32434171996919e-02
1.37003781610108e+04	7.64586821255020e-03,-9.26103554987311e-02
1.37956718271056e+04	7.52786874839132e-03,-9.19814385055193e-02
1.38916283130651e+04	7.41146637250131e-03,-9.13566421696795e-02
1.39882522291660e+04	7.29663984020063e-03,-9.07359425154937e-02
1.40855482177520e+04	7.18336817938129e-03,-9.01193156431700e-02
1.41835209534569e+04	7.07163068728382e-03,-8.95067377300664e-02
1.42821751434292e+04	6.96140692730483e-03,-8.88981850318738e-02
1.43815155275581e+04	6.85267672583492e-03,-8.82936338837579e-02
1.44815468787015e+04	6.74542016912702e-03,-8.76930607014632e-02
1.45822740029151e+04	6.63961760019499e-03,-8.70964419823760e-02
1.46837017396831e+04	6.53524961574243e-03,-8.65037543065513e-02
1.47858349621514e+04	6.43229706312157e-03,-8.59149743377015e-02
1.48886785773610e+04	6.33074103732217e-03,-8.53300788241493e-02
1.49922375264843e+04	6.23056287799039e-03,-8.47490445997446e-02
1.50965167850620e+04	6.13174416647726e-03,-8.41718485847472e-02
1.52015213632425e+04	6.03426672291706e-03,-8.35984677866745e-02
1.53072563060229e+04	5.93811260333498e-03,-8.30288793011170e-02
1.54137266934904e+04	5.84326409678441e-03,-8.24630603125201e-02
1.55209376410676e+04	5.74970372251334e-03,-8.19009880949345e-02
1.56288942997572e+04	5.65741422715998e-03,-8.13426400127359e-02
1.57376018563904e+04	5.56637858197733e-03,-8.07879935213131e-02
1.58470655338752e+04	5.47657998008661e-03,-8.02370261677269e-02
1.59572905914482e+04	5.38800183375932e-03,-7.96897155913396e-02
1.60682823249266e+04	5.30062777172789e-03,-7.91460395244165e-02
1.61800460669631e+04	5.21444163652466e-03,-7.86059757926984e-02
1.62925871873019e+04	5.12942748184906e-03,-7.80695023159479e-02
1.64059110930366e+04	5.04556956996280e-03,-7.75365971084681e-02
1.65200232288703e+04	4.96285236911295e-03,-7.70072382795963e-02
1.66349290773769e+04	4.88126055098272e-03,-7.64814040341708e-02
1.67506341592646e+04	4.80077898816965e-03,-7.59590726729744e-02
1.68671440336411e+04	4.72139275169125e-03,-7.54402225931520e-02
1.69844642982810e+04	4.64308710851767e-03,-7.49248322886058e-02
1.71026005898942e+04	4.56584751913140e-03,-7.44128803503662e-02
1.72215585843973e+04	4.48965963511370e-03,-7.39043454669407e-02
1.73413439971858e+04	4.41450929675764e-03,-7.33992064246404e-02
1.74619625834090e+04	4.34038253070747e-03,-7.28974421078846e-02
1.75834201382465e+04	4.26726554762423e-03,-7.23990314994848e-02
1.77057224971864e+04	4.19514473987739e-03,-7.19039536809077e-02
1.78288755363059e+04	4.12400667926216e-03,-7.14121878325181e-02
1.79528851725537e+04	4.05383811474257e-03,-7.09237132338020e-02
1.80777573640339e+04	3.98462597021982e-03,-7.04385092635712e-02
1.82034981102927e+04	3.91635734232590e-03,-6.99565554001480e-02
1.83301134526062e+04	3.84901949824220e-03,-6.94778312215328e-02
1.84576094742712e+04	3.78259987354290e-03,-6.90023164055529e-02
1.85859923008968e+04	3.71708607006298e-03,-6.85299907299946e-02
1.87152681006995e+04	3.65246585379057e-03,-6.80608340727181e-02
1.88454430847988e+04	3.58872715278359e-03,-6.75948264117554e-02
1.89765235075162e+04	3.52585805511021e-03,-6.71319478253932e-02
1.91085156666752e+04	3.46384680681326e-03,-6.66721784922385e-02
1.92414259039044e+04	3.40268180989805e-03,-6.62154986912703e-02
1.93752606049416e+04	3.34235162034366e-03,-6.57618888018756e-02
1.95100261999413e+04	3.28284494613736e-03,-6.53113293038704e-02
1.96457291637829e+04	3.22415064533189e-03,-6.48638007775081e-02
1.97823760163823e+04	3.16625772412563e-03,-6.44192839034721e-02
1.99199733230051e+04	3.10915533496520e-03,-6.39777594628562e-02
2.00585276945817e+04	3.05283277467036e-03,-6.35392083371316e-02
2.01980457880255e+04	2.99727948258117e-03,-6.31036115081006e-02
2.03385343065520e+04	2.94248503872686e-03,-6.26709500578389e-02
2.04800000000015e+04	2.88843916201664e-03,-6.22412051686244e-02
2.06224496651631e+04	2.83513170845176e-03,-6.18143581228555e-02
2.07658901461013e+04	2.78255266935911e-03,-6.13903903029572e-02
2.09103283344849e+04	2.73069216964569e-03,-6.09692831912761e-02
2.10557711699178e+04	2.67954046607414e-03,-6.05510183699646e-02
2.12022256402730e+04	2.62908794555885e-03,-6.01355775208548e-02
2.13496987820278e+04	2.57932512348258e-03,-5.97229424253214e-02
2.14981976806020e+04	2.53024264203335e-03,-5.93130949641357e-02
2.16477294706987e+04	2.48183126856141e-03,-5.89060171173086e-02
2.17983013366464e+04	2.43408189395608e-03,-5.85016909639254e-02
2.19499205127449e+04	2.38698553104228e-03,-5.81000986819703e-02
2.21025942836123e+04	2.34053331299647e-03,-5.77012225481430e-02
2.22563299845353e+04	2.29471649178195e-03,-5.73050449376659e-02
2.24111350018216e+04	2.24952643660318e-03,-5.69115483240833e-02
2.25670167731547e+04	2.20495463237899e-03,-5.65207152790522e-02
2.27239827879512e+04	2.16099267823450e-03,-5.61325284721257e-02
2.28820405877208e+04	2.11763228601149e-03,-5.57469706705276e-02
2.30411977664286e+04	2.07486527879707e-03,-5.53640247389210e-02
2.32014619708597e+04	2.03268358947051e-03,-5.49836736391686e-02
2.33628409009871e+04	1.99107925926792e-03,-5.46059004300864e-02
2.35253423103411e+04	1.95004443636462e-03,-5.42306882671907e-02
2.36889740063821e+04	1.90957137447518e-03,-5.38580204024384e-02
2.38537438508758e+04	1.86965243147064e-03,-5.34878801839607e-02
2.40196597602707e+04	1.83028006801300e-03,-5.31202510557911e-02
2.41867297060786e+04	1.79144684620662e-03,-5.27551165575874e-02
2.43549617152576e+04	1.75314542826643e-03,-5.23924603243474e-02
2.45243638705975e+04	1.71536857520276e-03,-5.20322660861195e-02
2.46949443111087e+04	1.67810914552255e-03,-5.16745176677080e-02
2.48667112324125e+04	1.64136009394682e-03,-5.13191989883727e-02
2.50396728871355e+04	1.60511447014421e-03,-5.09662940615240e-02
2.52138375853058e+04	1.56936541748040e-03,-5.06157869944125e-02
2.53892136947524e+04	1.53410617178321e-03,-5.02676619878148e-02
2.55658096415070e+04	1.49933006012326e-03,-4.99219033357141e-02
2.57436339102090e+04	1.46503049960999e-03,-4.95784954249763e-02
2.59226950445133e+04	1.43120099620283e-03,-4.92374227350228e-02
2.61030016475005e+04	1.39783514353741e-03,-4.88986698374984e-02
2.62845623820903e+04	1.36492662176658e-03,-4.85622213959352e-02
2.64673859714579e+04	1.33246919641618e-03,-4.82280621654141e-02
2.66514811994529e+04	1.30045671725519e-03,-4.78961769922209e-02
2.68368569110214e+04	1.26888311718036e-03,-4.75665508135000e-02
2.70235220126310e+04	1.23774241111488e-03,-4.72391686569049e-02
2.72114854726987e+04	1.20702869492119e-03,-4.69140156402449e-02
2.74007563220217e+04	1.17673614432753e-03,-4.65910769711291e-02
2.75913436542115e+04	1.14685901386825e-03,-4.62703379466075e-02
2.77832566261305e+04	1.11739163583762e-03,-4.59517839528091e-02
2.79765044583322e+04	1.08832841925704e-03,-4.56354004645778e-02
2.81710964355041e+04	1.05966384885542e-03,-4.53211730451050e-02
2.83670419069139e+04	1.03139248406266e-03,-4.50090873455605e-02
2.85643502868585e+04	1.00350895801607e-03,-4.46991291047205e-02
2.87630310551164e+04	9.76007976579432e-04,-4.43912841485940e-02
2.89630937574032e+04	9.48884317374809e-04,-4.40855383900467e-02
2.91645480058303e+04	9.22132828826712e-04,-4.37818778284226e-02
2.93674034793664e+04	8.95748429218626e-04,-4.34802885491649e-02
2.95716699243030e+04	8.69726105761675e-04,-4.31807567234333e-02
2.97773571547223e+04	8.44060913675320e-04,-4.28832686077217e-02
2.99844750529688e+04	8.18747975279925e-04,-4.25878105434726e-02
3.01930335701241e+04	7.93782479101056e-04,-4.22943689566909e-02
3.04030427264853e+04	7.69159678985379e-04,-4.20029303575560e-02
3.06145126120459e+04	7.44874893227997e-04,-4.17134813400330e-02
3.08274533869811e+04	7.20923503711116e-04,-4.14260085814818e-02
3.10418752821354e+04	6.97300955053880e-04,-4.11404988422664e-02
3.12577885995147e+04	6.74002753773257e-04,-4.08569389653617e-02
3.14752037127810e+04	6.51024467455821e-04,-4.05753158759604e-02
3.16941310677506e+04	6.28361723940326e-04,-4.02956165810786e-02
3.19145811828966e+04	6.06010210510915e-04,-4.00178281691608e-02
3.21365646498535e+04	5.83965673100848e-04,-3.97419378096836e-02
3.23600921339265e+04	5.62223915506618e-04,-3.94679327527596e-02
3.25851743746041e+04	5.40780798612321e-04,-3.91958003287400e-02
3.28118221860735e+04	5.19632239624175e-04,-3.89255279478173e-02
3.30400464577409e+04	4.98774211315028e-04,-3.86571030996268e-02
3.32698581547541e+04	4.78202741278773e-04,-3.83905133528486e-02
3.35012683185294e+04	4.57913911194512e-04,-3.81257463548083e-02
3.37342880672825e+04	4.37903856100370e-04,-3.78627898310786e-02
3.39689285965622e+04	4.18168763676844e-04,-3.76016315850796e-02
3.42052011797887e+04	3.98704873539535e-04,-3.73422594976800e-02
3.44431171687949e+04	3.79508476541197e-04,-3.70846615267971e-02
3.46826879943719e+04	3.60575914082942e-04,-3.68288257069978e-02
3.49239251668183e+04	3.41903577434517e-04,-3.65747401490992e-02
3.51668402764932e+04	3.23487907063518e-04,-3.63223930397694e-02
3.54114449943730e+04	3.05325391973448e-04,-3.60717726411282e-02
3.56577510726121e+04	2.87412569050506e-04,-3.58228672903483e-02
3.59057703451077e+04	2.69746022418972e-04,-3.55756653992567e-02
3.61555147280681e+04	2.52322382805123e-04,-3.53301554539365e-02
3.64069962205857e+04	2.35138326909539e-04,-3.50863260143286e-02
3.66602269052127e+04	2.18190576787703e-04,-3.48441657138341e-02
3.69152189485426e+04	2.01475899238804e-04,-3.46036632589176e-02
3.71719846017939e+04	1.84991105202610e-04,-3.43648074287100e-02
3.74305362013993e+04	1.68733049164348e-04,-3.41275870746128e-02
3.76908861695980e+04	1.52698628567453e-04,-3.38919911199019e-02
3.79530470150327e+04	1.36884783234111e-04,-3.36580085593335e-02
3.82170313333507e+04	1.21288494793487e-04,-3.34256284587488e-02
3.84828518078091e+04	1.05906786117542e-04,-3.31948399546813e-02
3.87505212098836e+04	9.07367207643396e-05,-3.29656322539629e-02
3.90200523998829e+04	7.57754024287621e-05,-3.27379946333327e-02
3.92914583275660e+04	6.10199744005141e-05,-3.25119164390447e-02
3.95647520327649e+04	4.64676190293494e-05,-3.22873870864779e-02
3.98399466460105e+04	3.21155571974105e-05,-3.20643960597464e-02
4.01170553891638e+04	1.79610477985983e-05,-3.18429329113102e-02
4.03960915760513e+04	4.00138722487999e-06,-3.16229872615880e-02
4.06770686131043e+04	-9.76609114055715e-06,-3.14045487985693e-02
4.09600000000034e+04	-2.33440174233865e-05,-3.11876072774295e-02
4.12448993303266e+04	-3.67349857515509e-05,-3.09721525201439e-02
4.15317802922030e+04	-4.99415547420789e-05,-3.07581744151043e-02
4.18206566689701e+04	-6.29662479813999e-05,-3.05456629167358e-02
4.21115423398359e+04	-7.58115544992375e-05,-3.03346080451155e-02
4.24044512805463e+04	-8.84799292361641e-05,-3.01249998855907e-02
4.26993975640559e+04	-1.00973793504899e-04,-2.99168285884006e-02
4.29963953612044e+04	-1.13295535445430e-04,-2.97100843682967e-02
4.32954589413977e+04	-1.25447510474038e-04,-2.95047575041663e-02
4.35966026732932e+04	-1.37432041726311e-04,-2.93008383386559e-02
4.38998410254902e+04	-1.49251420494204e-04,-2.90983172777967e-02
4.41000000000000e+04	-1.56919735527503e-04,-2.89661592034157e-02
