Freq.	V(vout)
2.00000000000000e+01	9.41006715513482e-01,-2.35736915793364e-01
2.01391110011344e+01	9.40232370402975e-01,-2.37181467806782e-01
2.02791895958006e+01	9.39448514586118e-01,-2.38632296971134e-01
2.04202425141439e+01	9.38655048477783e-01,-2.40089378490987e-01
2.05622765331213e+01	9.37851871905564e-01,-2.41552686300475e-01
2.07052984768276e+01	9.37038884119252e-01,-2.43022193041616e-01
2.08493152168224e+01	9.36215983800748e-01,-2.44497870042498e-01
2.09943336724614e+01	9.35383069074453e-01,-2.45979687295333e-01
2.11403608112276e+01	9.34540037518116e-01,-2.47467613434380e-01
2.12874036490672e+01	9.33686786174169e-01,-2.48961615713756e-01
2.14354692507259e+01	9.32823211561548e-01,-2.50461659985132e-01
2.15845647300886e+01	9.31949209688017e-01,-2.51967710675323e-01
2.17346972505212e+01	9.31064676062996e-01,-2.53479730763785e-01
2.18858740252148e+01	9.30169505710910e-01,-2.54997681760021e-01
2.20381023175322e+01	9.29263593185068e-01,-2.56521523680903e-01
2.21913894413569e+01	9.28346832582072e-01,-2.58051215027932e-01
2.23457427614444e+01	9.27419117556778e-01,-2.59586712764421e-01
2.25011696937762e+01	9.26480341337815e-01,-2.61127972292633e-01
2.26576777059160e+01	9.25530396743662e-01,-2.62674947430878e-01
2.28152743173685e+01	9.24569176199304e-01,-2.64227590390562e-01
2.29739670999407e+01	9.23596571753474e-01,-2.65785851753229e-01
2.31337636781058e+01	9.22612475096487e-01,-2.67349680447578e-01
2.32946717293691e+01	9.21616777578671e-01,-2.68919023726484e-01
2.34566989846376e+01	9.20609370229420e-01,-2.70493827144025e-01
2.36198532285906e+01	9.19590143776854e-01,-2.72074034532538e-01
2.37841423000545e+01	9.18558988668127e-01,-2.73659587979697e-01
2.39495740923786e+01	9.17515795090347e-01,-2.75250427805652e-01
2.41161565538152e+01	9.16460452992173e-01,-2.76846492540219e-01
2.42838976879010e+01	9.15392852106038e-01,-2.78447718900143e-01
2.44528055538414e+01	9.14312881971060e-01,-2.80054041766458e-01
2.46228882668984e+01	9.13220431956606e-01,-2.81665394161939e-01
2.47941539987798e+01	9.12115391286544e-01,-2.83281707228676e-01
2.49666109780323e+01	9.10997649064185e-01,-2.84902910205780e-01
2.51402674904366e+01	9.09867094297911e-01,-2.86528930407241e-01
2.53151318794057e+01	9.08723615927510e-01,-2.88159693199939e-01
2.54912125463853e+01	9.07567102851221e-01,-2.89795121981853e-01
2.56685179512581e+01	9.06397443953491e-01,-2.91435138160449e-01
2.58470566127499e+01	9.05214528133455e-01,-2.93079661131303e-01
2.60268371088387e+01	9.04018244334148e-01,-2.94728608256941e-01
2.62078680771673e+01	9.02808481572444e-01,-2.96381894845942e-01
2.63901582154580e+01	9.01585128969741e-01,-2.98039434132308e-01
2.65737162819303e+01	9.00348075783387e-01,-2.99701137255122e-01
2.67585510957223e+01	8.99097211438855e-01,-3.01366913238521e-01
2.69446715373139e+01	8.97832425562677e-01,-3.03036668971992e-01
2.71320865489535e+01	8.96553608016127e-01,-3.04710309191030e-01
2.73208051350880e+01	8.95260648929672e-01,-3.06387736458153e-01
2.75108363627950e+01	8.93953438738188e-01,-3.08068851144322e-01
2.77021893622186e+01	8.92631868216937e-01,-3.09753551410772e-01
2.78948733270082e+01	8.91295828518317e-01,-3.11441733191279e-01
2.80888975147600e+01	8.89945211209383e-01,-3.13133290174888e-01
2.82842712474620e+01	8.88579908310139e-01,-3.14828113789127e-01
2.84810039119415e+01	8.87199812332603e-01,-3.16526093183724e-01
2.86791049603166e+01	8.85804816320640e-01,-3.18227115214857e-01
2.88785839104500e+01	8.84394813890574e-01,-3.19931064429957e-01
2.90794503464063e+01	8.82969699272566e-01,-3.21637823053095e-01
2.92817139189126e+01	8.81529367352758e-01,-3.23347270970969e-01
2.94853843458221e+01	8.80073713716189e-01,-3.25059285719523e-01
2.96904714125811e+01	8.78602634690468e-01,-3.26773742471225e-01
2.98969849726989e+01	8.77116027390209e-01,-3.28490514023022e-01
3.01049349482215e+01	8.75613789762222e-01,-3.30209470785009e-01
3.03143313302081e+01	8.74095820631445e-01,-3.31930480769826e-01
3.05251841792113e+01	8.72562019747627e-01,-3.33653409582824e-01
3.07375036257604e+01	8.71012287832740e-01,-3.35378120413019e-01
3.09512998708479e+01	8.69446526629123e-01,-3.37104474024858e-01
3.11665831864201e+01	8.67864638948345e-01,-3.38832328750839e-01
3.13833639158702e+01	8.66266528720771e-01,-3.40561540484990e-01
3.16016524745352e+01	8.64652101045836e-01,-3.42291962677263e-01
3.18214593501969e+01	8.63021262243005e-01,-3.44023446328847e-01
3.20427951035850e+01	8.61373919903401e-01,-3.45755839988442e-01
3.22656703688852e+01	8.59709982942105e-01,-3.47488989749518e-01
3.24900958542496e+01	8.58029361651102e-01,-3.49222739248589e-01
3.27160823423114e+01	8.56331967752857e-01,-3.50956929664527e-01
3.29436406907031e+01	8.54617714454512e-01,-3.52691399718954e-01
3.31727818325778e+01	8.52886516502686e-01,-3.54425985677725e-01
3.34035167771350e+01	8.51138290238846e-01,-3.56160521353552e-01
3.36358566101488e+01	8.49372953655258e-01,-3.57894838109772e-01
3.38698124945013e+01	8.47590426451468e-01,-3.59628764865310e-01
3.41053956707185e+01	8.45790630091305e-01,-3.61362128100857e-01
3.43426174575103e+01	8.43973487860399e-01,-3.63094751866282e-01
3.45814892523148e+01	8.42138924924151e-01,-3.64826457789325e-01
3.48220225318452e+01	8.40286868386174e-01,-3.66557065085581e-01
3.50642288526416e+01	8.38417247347154e-01,-3.68286390569814e-01
3.53081198516264e+01	8.36529992964102e-01,-3.70014248668618e-01
3.55537072466630e+01	8.34625038509991e-01,-3.71740451434467e-01
3.58010028371191e+01	8.32702319433724e-01,-3.73464808561163e-01
3.60500185044334e+01	8.30761773420417e-01,-3.75187127400717e-01
3.63007662126867e+01	8.28803340451963e-01,-3.76907212981696e-01
3.65532580091762e+01	8.26826962867847e-01,-3.78624868029038e-01
3.68075060249952e+01	8.24832585426162e-01,-3.80339892985388e-01
3.70635224756151e+01	8.22820155364822e-01,-3.82052086033955e-01
3.73213196614725e+01	8.20789622462902e-01,-3.83761243122929e-01
3.75809099685607e+01	8.18740939102096e-01,-3.85467157991466e-01
3.78423058690241e+01	8.16674060328232e-01,-3.87169622197283e-01
3.81055199217578e+01	8.14588943912819e-01,-3.88868425145857e-01
3.83705647730108e+01	8.12485550414585e-01,-3.90563354121273e-01
3.86374531569941e+01	8.10363843240954e-01,-3.92254194318727e-01
3.89061978964917e+01	8.08223788709427e-01,-3.93940728878698e-01
3.91768119034774e+01	8.06065356108823e-01,-3.95622738922825e-01
3.94493081797347e+01	8.03888517760332e-01,-3.97300003591475e-01
3.97236998174817e+01	8.01693249078336e-01,-3.98972300083052e-01
4.00000000000003e+01	7.99479528630946e-01,-4.00639403695031e-01
4.02782220022691e+01	7.97247338200218e-01,-4.02301087866742e-01
4.05583791916015e+01	7.94996662841983e-01,-4.03957124223924e-01
4.08404850282880e+01	7.92727490945258e-01,-4.05607282625034e-01
4.11245530662430e+01	7.90439814291168e-01,-4.07251331209350e-01
4.14105969536554e+01	7.88133628111348e-01,-4.08889036446845e-01
4.16986304336452e+01	7.85808931145755e-01,-4.10520163189867e-01
4.19886673449230e+01	7.83465725699841e-01,-4.12144474726601e-01
4.22807216224556e+01	7.81104017701041e-01,-4.13761732836338e-01
4.25748072981347e+01	7.78723816754510e-01,-4.15371697846535e-01
4.28709385014521e+01	7.76325136198057e-01,-4.16974128691682e-01
4.31691294601774e+01	7.73907993156219e-01,-4.18568782973952e-01
4.34693945010427e+01	7.71472408593423e-01,-4.20155417025651e-01
4.37717480504299e+01	7.69018407366172e-01,-4.21733785973452e-01
4.40762046350648e+01	7.66546018274193e-01,-4.23303643804398e-01
4.43827788827142e+01	7.64055274110505e-01,-4.24864743433678e-01
4.46914855228892e+01	7.61546211710327e-01,-4.26416836774159e-01
4.50023393875528e+01	7.59018871998789e-01,-4.27959674807654e-01
4.53153554118323e+01	7.56473300037358e-01,-4.29493007657914e-01
4.56305486347374e+01	7.53909545068955e-01,-4.31016584665336e-01
4.59479341998818e+01	7.51327660561670e-01,-4.32530154463351e-01
4.62675273562119e+01	7.48727704251037e-01,-4.34033465056477e-01
4.65893434587387e+01	7.46109738180799e-01,-4.35526263900017e-01
4.69133979692756e+01	7.43473828742108e-01,-4.37008297981369e-01
4.72397064571817e+01	7.40820046711097e-01,-4.38479313902927e-01
4.75682846001093e+01	7.38148467284771e-01,-4.39939057966528e-01
4.78991481847576e+01	7.35459170115147e-01,-4.41387276259433e-01
4.82323131076309e+01	7.32752239341600e-01,-4.42823714741791e-01
4.85677953758023e+01	7.30027763621344e-01,-4.44248119335550e-01
4.89056111076832e+01	7.27285836157996e-01,-4.45660236014785e-01
4.92457765337971e+01	7.24526554728170e-01,-4.47059810897391e-01
4.95883079975600e+01	7.21750021706041e-01,-4.48446590338105e-01
4.99332219560650e+01	7.18956344085817e-01,-4.49820321022802e-01
5.02805349808736e+01	7.16145633502093e-01,-4.51180750064026e-01
5.06302637588117e+01	7.13318006247990e-01,-4.52527625097696e-01
5.09824250927710e+01	7.10473583291072e-01,-4.53860694380946e-01
5.13370359025167e+01	7.07612490286961e-01,-4.55179706891030e-01
5.16941132255002e+01	7.04734857590616e-01,-4.56484412425244e-01
5.20536742176779e+01	7.01840820265217e-01,-4.57774561701806e-01
5.24157361543351e+01	6.98930518088622e-01,-4.59049906461627e-01
5.27803164309163e+01	6.96004095557342e-01,-4.60310199570910e-01
5.31474325638610e+01	6.93061701887996e-01,-4.61555195124525e-01
5.35171021914451e+01	6.90103491016197e-01,-4.62784648550066e-01
5.38893430746282e+01	6.87129621592848e-01,-4.63998316712551e-01
5.42641730979075e+01	6.84140256977796e-01,-4.65195958019668e-01
5.46416102701764e+01	6.81135565230804e-01,-4.66377332527513e-01
5.50216727255904e+01	6.78115719099833e-01,-4.67542202046734e-01
5.54043787244376e+01	6.75080896006580e-01,-4.68690330249006e-01
5.57897466540169e+01	6.72031278029245e-01,-4.69821482773765e-01
5.61777950295205e+01	6.68967051882526e-01,-4.70935427335115e-01
5.65685424949245e+01	6.65888408894785e-01,-4.72031933828829e-01
5.69620078238835e+01	6.62795544982387e-01,-4.73110774439363e-01
5.73582099206338e+01	6.59688660621188e-01,-4.74171723746799e-01
5.77571678209005e+01	6.56567960815157e-01,-4.75214558833628e-01
5.81589006928131e+01	6.53433655062114e-01,-4.76239059391293e-01
5.85634278378257e+01	6.50285957316583e-01,-4.77245007826404e-01
5.89707686916448e+01	6.47125085949751e-01,-4.78232189366530e-01
5.93809428251627e+01	6.43951263706521e-01,-4.79200392165490e-01
5.97939699453983e+01	6.40764717659671e-01,-4.80149407408045e-01
6.02098698964434e+01	6.37565679161113e-01,-4.81079029413909e-01
6.06286626604167e+01	6.34354383790255e-01,-4.81989055740975e-01
6.10503683584231e+01	6.31131071299487e-01,-4.82879287287688e-01
6.14750072515213e+01	6.27895985556788e-01,-4.83749528394443e-01
6.19025997416964e+01	6.24649374485476e-01,-4.84599586943951e-01
6.23331663728408e+01	6.21391490001117e-01,-4.85429274460454e-01
6.27667278317409e+01	6.18122587945624e-01,-4.86238406207713e-01
6.32033049490710e+01	6.14842928018548e-01,-4.87026801285673e-01
6.36429187003943e+01	6.11552773705614e-01,-4.87794282725717e-01
6.40855902071706e+01	6.08252392204517e-01,-4.88540677584420e-01
6.45313407377709e+01	6.04942054348020e-01,-4.89265817035706e-01
6.49801917084997e+01	6.01622034524382e-01,-4.89969536461335e-01
6.54321646846233e+01	5.98292610595174e-01,-4.90651675539613e-01
6.58872813814067e+01	5.94954063810506e-01,-4.91312078332256e-01
6.63455636651562e+01	5.91606678721730e-01,-4.91950593369318e-01
6.68070335542704e+01	5.88250743091660e-01,-4.92567073732085e-01
6.72717132202981e+01	5.84886547802361e-01,-4.93161377133877e-01
6.77396249890031e+01	5.81514386760571e-01,-4.93733365998659e-01
6.82107913414375e+01	5.78134556800814e-01,-4.94282907537385e-01
6.86852349150212e+01	5.74747357586256e-01,-4.94809873822005e-01
6.91629785046302e+01	5.71353091507385e-01,-4.95314141857049e-01
6.96440450636909e+01	5.67952063578574e-01,-4.95795593648725e-01
7.01284577052838e+01	5.64544581332598e-01,-4.96254116271451e-01
7.06162397032534e+01	5.61130954713183e-01,-4.96689601931754e-01
7.11074144933266e+01	5.57711495965662e-01,-4.97101948029479e-01
7.16020056742388e+01	5.54286519525812e-01,-4.97491057216228e-01
7.21000370088674e+01	5.50856341906962e-01,-4.97856837450979e-01
7.26015324253739e+01	5.47421281585450e-01,-4.98199202052827e-01
7.31065160183531e+01	5.43981658884513e-01,-4.98518069750776e-01
7.36150120499911e+01	5.40537795856708e-01,-4.98813364730555e-01
7.41270449512307e+01	5.37090016164935e-01,-4.99085016678385e-01
7.46426393229457e+01	5.33638644962184e-01,-4.99332960821655e-01
7.51618199371220e+01	5.30184008770064e-01,-4.99557137966482e-01
7.56846117380488e+01	5.26726435356235e-01,-4.99757494532082e-01
7.62110398435161e+01	5.23266253610839e-01,-4.99933982581943e-01
7.67411295460223e+01	5.19803793422006e-01,-5.00086559851757e-01
7.72749063139888e+01	5.16339385550563e-01,-5.00215189774072e-01
7.78123957929840e+01	5.12873361504029e-01,-5.00319841499656e-01
7.83536238069553e+01	5.09406053409997e-01,-5.00400489915525e-01
7.88986163594699e+01	5.05937793889025e-01,-5.00457115659644e-01
7.94473996349641e+01	5.02468915927108e-01,-5.00489705132260e-01
8.00000000000012e+01	4.98999752747863e-01,-5.00498250503870e-01
8.05564440045387e+01	4.95530637684517e-01,-5.00482749719806e-01
8.11167583832036e+01	4.92061904051805e-01,-5.00443206501441e-01
8.16809700565767e+01	4.88593885017886e-01,-5.00379630344010e-01
8.22491061324866e+01	4.85126913476369e-01,-5.00292036511042e-01
8.28211939073115e+01	4.81661321918579e-01,-5.00180446025419e-01
8.33972608672910e+01	4.78197442306138e-01,-5.00044885657077e-01
8.39773346898467e+01	4.74735605943980e-01,-4.99885387907335e-01
8.45614432449118e+01	4.71276143353909e-01,-4.99701990989906e-01
8.51496145962701e+01	4.67819384148784e-01,-4.99494738808577e-01
8.57418770029048e+01	4.64365656907447e-01,-4.99263680931612e-01
8.63382589203556e+01	4.60915289050493e-01,-4.99008872562880e-01
8.69387890020860e+01	4.57468606716972e-01,-4.98730374509753e-01
8.75434961008606e+01	4.54025934642128e-01,-4.98428253147810e-01
8.81524092701303e+01	4.50587596036279e-01,-4.98102580382377e-01
8.87655577654290e+01	4.47153912464910e-01,-4.97753433606952e-01
8.93829710457790e+01	4.43725203730102e-01,-4.97380895658550e-01
9.00046787751062e+01	4.40301787753359e-01,-4.96985054770027e-01
9.06307108236654e+01	4.36883980459948e-01,-4.96566004519431e-01
9.12610972694754e+01	4.33472095664817e-01,-4.96123843776419e-01
9.18958683997643e+01	4.30066444960203e-01,-4.95658676645824e-01
9.25350547124245e+01	4.26667337604974e-01,-4.95170612408404e-01
9.31786869174780e+01	4.23275080415836e-01,-4.94659765458856e-01
9.38267959385519e+01	4.19889977660432e-01,-4.94126255241146e-01
9.44794129143640e+01	4.16512330952450e-01,-4.93570206181230e-01
9.51365692002193e+01	4.13142439148783e-01,-4.92991747617229e-01
9.57982963695159e+01	4.09780598248836e-01,-4.92391013727142e-01
9.64646262152625e+01	4.06427101296025e-01,-4.91768143454154e-01
9.71355907516054e+01	4.03082238281549e-01,-4.91123280429626e-01
9.78112222153672e+01	3.99746296050489e-01,-4.90456572893851e-01
9.84915530675950e+01	3.96419558210297e-01,-4.89768173614635e-01
9.91766159951206e+01	3.93102305041724e-01,-4.89058239803805e-01
9.98664439121307e+01	3.89794813412247e-01,-4.88326933031717e-01
1.00561069961748e+02	3.86497356692041e-01,-4.87574419139853e-01
1.01260527517624e+02	3.83210204672540e-01,-4.86800868151580e-01
1.01964850185543e+02	3.79933623487636e-01,-4.86006454181181e-01
1.02674071805034e+02	3.76667875537552e-01,-4.85191355341223e-01
1.03388226451001e+02	3.73413219415423e-01,-4.84355753648362e-01
1.04107348435357e+02	3.70169909836625e-01,-4.83499834927673e-01
1.04831472308671e+02	3.66938197570876e-01,-4.82623788715591e-01
1.05560632861833e+02	3.63718329377143e-01,-4.81727808161563e-01
1.06294865127723e+02	3.60510547941365e-01,-4.80812089928489e-01
1.07034204382891e+02	3.57315091817032e-01,-4.79876834092052e-01
1.07778686149257e+02	3.54132195368622e-01,-4.78922244039022e-01
1.08528346195816e+02	3.50962088717908e-01,-4.77948526364637e-01
1.09283220540354e+02	3.47804997693166e-01,-4.76955890769132e-01
1.10043345451182e+02	3.44661143781262e-01,-4.75944549953529e-01
1.10808757448876e+02	3.41530744082652e-01,-4.74914719514758e-01
1.11579493308035e+02	3.38414011269272e-01,-4.73866617840217e-01
1.12355590059042e+02	3.35311153545334e-01,-4.72800466001841e-01
1.13137084989850e+02	3.32222374611012e-01,-4.71716487649794e-01
1.13924015647768e+02	3.29147873629012e-01,-4.70614908905838e-01
1.14716419841268e+02	3.26087845194026e-01,-4.69495958256501e-01
1.15514335641802e+02	3.23042479305043e-01,-4.68359866446102e-01
1.16317801385627e+02	3.20011961340506e-01,-4.67206866369734e-01
1.17126855675652e+02	3.16996472036297e-01,-4.66037192966279e-01
1.17941537383290e+02	3.13996187466536e-01,-4.64851083111546e-01
1.18761885650326e+02	3.11011279027146e-01,-4.63648775511602e-01
1.19587939890797e+02	3.08041913422196e-01,-4.62430510596385e-01
1.20419739792888e+02	3.05088252652950e-01,-4.61196530413665e-01
1.21257325320834e+02	3.02150454009626e-01,-4.59947078523451e-01
1.22100736716847e+02	2.99228670065816e-01,-4.58682399892882e-01
1.22950014503043e+02	2.96323048675527e-01,-4.57402740791717e-01
1.23805199483394e+02	2.93433732972818e-01,-4.56108348688460e-01
1.24666332745682e+02	2.90560861373987e-01,-4.54799472147205e-01
1.25533455663483e+02	2.87704567582265e-01,-4.53476360725272e-01
1.26406609898143e+02	2.84864980594978e-01,-4.52139264871680e-01
1.27285837400790e+02	2.82042224713128e-01,-4.50788435826543e-01
1.28171180414342e+02	2.79236419553353e-01,-4.49424125521435e-01
1.29062681475543e+02	2.76447680062209e-01,-4.48046586480784e-01
1.29960383417000e+02	2.73676116532732e-01,-4.46656071724356e-01
1.30864329369248e+02	2.70921834623230e-01,-4.45252834670882e-01
1.31774562762814e+02	2.68184935378242e-01,-4.43837129042878e-01
1.32691127330313e+02	2.65465515251631e-01,-4.42409208772713e-01
1.33614067108542e+02	2.62763666131731e-01,-4.40969327909965e-01
1.34543426440597e+02	2.60079475368521e-01,-4.39517740530118e-01
1.35479249978007e+02	2.57413025802745e-01,-4.38054700644640e-01
1.36421582682876e+02	2.54764395796940e-01,-4.36580462112482e-01
1.37370469830043e+02	2.52133659268300e-01,-4.35095278553042e-01
1.38325957009261e+02	2.49520885723338e-01,-4.33599403260623e-01
1.39288090127383e+02	2.46926140294258e-01,-4.32093089120428e-01
1.40256915410569e+02	2.44349483777007e-01,-4.30576588526115e-01
1.41232479406508e+02	2.41790972670936e-01,-4.29050153298947e-01
1.42214828986654e+02	2.39250659220001e-01,-4.27514034608576e-01
1.43204011348479e+02	2.36728591455464e-01,-4.25968482895454e-01
1.44200074017736e+02	2.34224813240021e-01,-4.24413747794939e-01
1.45203064850749e+02	2.31739364313293e-01,-4.22850078063075e-01
1.46213032036707e+02	2.29272280338641e-01,-4.21277721504100e-01
1.47230024099983e+02	2.26823592951224e-01,-4.19696924899671e-01
1.48254089902463e+02	2.24393329807244e-01,-4.18107933939845e-01
1.49285278645892e+02	2.21981514634338e-01,-4.16510993155809e-01
1.50323639874245e+02	2.19588167283027e-01,-4.14906345854386e-01
1.51369223476099e+02	2.17213303779194e-01,-4.13294234054320e-01
1.52422079687033e+02	2.14856936377512e-01,-4.11674898424342e-01
1.53482259092046e+02	2.12519073615771e-01,-4.10048578223032e-01
1.54549812627979e+02	2.10199720370053e-01,-4.08415511240478e-01
1.55624791585969e+02	2.07898877910693e-01,-4.06775933741731e-01
1.56707247613912e+02	2.05616543958961e-01,-4.05130080412057e-01
1.57797232718941e+02	2.03352712744436e-01,-4.03478184303990e-01
1.58894799269929e+02	2.01107375062989e-01,-4.01820476786175e-01
1.60000000000004e+02	1.98880518335339e-01,-4.00157187494004e-01
1.61112888009079e+02	1.96672126666125e-01,-3.98488544282035e-01
1.62233516766408e+02	1.94482180903440e-01,-3.96814773178186e-01
1.63361940113155e+02	1.92310658698780e-01,-3.95136098339695e-01
1.64498212264974e+02	1.90157534567355e-01,-3.93452742010845e-01
1.65642387814624e+02	1.88022779948718e-01,-3.91764924482423e-01
1.66794521734583e+02	1.85906363267649e-01,-3.90072864052923e-01
1.67954669379695e+02	1.83808249995277e-01,-3.88376776991462e-01
1.69122886489825e+02	1.81728402710359e-01,-3.86676877502397e-01
1.70299229192542e+02	1.79666781160694e-01,-3.84973377691639e-01
1.71483754005811e+02	1.77623342324628e-01,-3.83266487534629e-01
1.72676517840712e+02	1.75598040472590e-01,-3.81556414845968e-01
1.73877578004173e+02	1.73590827228639e-01,-3.79843365250680e-01
1.75086992201722e+02	1.71601651631967e-01,-3.78127542157090e-01
1.76304818540262e+02	1.69630460198324e-01,-3.76409146731289e-01
1.77531115530859e+02	1.67677196981328e-01,-3.74688377873170e-01
1.78765942091559e+02	1.65741803633622e-01,-3.72965432194015e-01
1.80009357550214e+02	1.63824219467838e-01,-3.71240503995598e-01
1.81261421647332e+02	1.61924381517341e-01,-3.69513785250798e-01
1.82522194538952e+02	1.60042224596718e-01,-3.67785465585677e-01
1.83791736799530e+02	1.58177681361968e-01,-3.66055732263015e-01
1.85070109424850e+02	1.56330682370385e-01,-3.64324770167268e-01
1.86357373834957e+02	1.54501156140077e-01,-3.62592761790924e-01
1.87653591877105e+02	1.52689029209120e-01,-3.60859887222231e-01
1.88958825828729e+02	1.50894226194289e-01,-3.59126324134269e-01
1.90273138400440e+02	1.49116669849372e-01,-3.57392247775344e-01
1.91596592739033e+02	1.47356281123013e-01,-3.55657830960668e-01
1.92929252430526e+02	1.45612979216078e-01,-3.53923244065303e-01
1.94271181503212e+02	1.43886681638514e-01,-3.52188655018338e-01
1.95622444430736e+02	1.42177304265680e-01,-3.50454229298275e-01
1.96983106135191e+02	1.40484761394126e-01,-3.48720129929594e-01
1.98353231990243e+02	1.38808965796810e-01,-3.46986517480460e-01
1.99732887824263e+02	1.37149828777721e-01,-3.45253550061556e-01
2.01122139923497e+02	1.35507260225895e-01,-3.43521383326011e-01
2.02521055035250e+02	1.33881168668819e-01,-3.41790170470383e-01
2.03929700371087e+02	1.32271461325187e-01,-3.40060062236686e-01
2.05348143610070e+02	1.30678044157004e-01,-3.38331206915414e-01
2.06776452902004e+02	1.29100821921031e-01,-3.36603750349550e-01
2.08214696870715e+02	1.27539698219543e-01,-3.34877835939518e-01
2.09662944617343e+02	1.25994575550397e-01,-3.33153604649062e-01
2.11121265723668e+02	1.24465355356404e-01,-3.31431195012011e-01
2.12589730255447e+02	1.22951938073978e-01,-3.29710743139912e-01
2.14068408765783e+02	1.21454223181073e-01,-3.27992382730502e-01
2.15557372298516e+02	1.19972109244385e-01,-3.26276245076980e-01
2.17056692391633e+02	1.18505493965816e-01,-3.24562459078072e-01
2.18566441080709e+02	1.17054274228201e-01,-3.22851151248841e-01
2.20086690902365e+02	1.15618346140271e-01,-3.21142445732230e-01
2.21617514897754e+02	1.14197605080873e-01,-3.19436464311304e-01
2.23158986616071e+02	1.12791945742428e-01,-3.17733326422166e-01
2.24711180118085e+02	1.11401262173618e-01,-3.16033149167520e-01
2.26274169979701e+02	1.10025447821314e-01,-3.14336047330865e-01
2.27848031295537e+02	1.08664395571731e-01,-3.12642133391274e-01
2.29432839682538e+02	1.07317997790816e-01,-3.10951517538756e-01
2.31028671283605e+02	1.05986146363859e-01,-3.09264307690161e-01
2.32635602771256e+02	1.04668732734335e-01,-3.07580609505611e-01
2.34253711351306e+02	1.03365647941973e-01,-3.05900526405429e-01
2.35883074766582e+02	1.02076782660054e-01,-3.04224159587546e-01
2.37523771300654e+02	1.00802027231938e-01,-3.02551608045361e-01
2.39175879781596e+02	9.95412717068226e-02,-3.00882968586034e-01
2.40839479585777e+02	9.82944058747362e-02,-2.99218335849183e-01
2.42514650641670e+02	9.70613193007657e-02,-2.97557802325973e-01
2.44201473433696e+02	9.58419013585261e-02,-2.95901458378567e-01
2.45900029006089e+02	9.46360412628725e-02,-2.94249392259924e-01
2.47610398966789e+02	9.34436281018595e-02,-2.92601690133919e-01
2.49332665491367e+02	9.22645508679527e-02,-2.90958436095770e-01
2.51066911326967e+02	9.10986984884968e-02,-2.89319712192748e-01
2.52813219796288e+02	8.99459598554465e-02,-2.87685598445151e-01
2.54571674801581e+02	8.88062238543638e-02,-2.86056172867528e-01
2.56342360828686e+02	8.76793793926902e-02,-2.84431511490126e-01
2.58125362951087e+02	8.65653154272977e-02,-2.82811688380556e-01
2.59920766834002e+02	8.54639209913267e-02,-2.81196775665643e-01
2.61728658738497e+02	8.43750852203170e-02,-2.79586843553458e-01
2.63549125525631e+02	8.32986973776389e-02,-2.77981960355509e-01
2.65382254660629e+02	8.22346468792319e-02,-2.76382192509074e-01
2.67228134217086e+02	8.11828233176583e-02,-2.74787604599662e-01
2.69086852881196e+02	8.01431164854806e-02,-2.73198259383589e-01
2.70958499956016e+02	7.91154163979682e-02,-2.71614217810651e-01
2.72843165365754e+02	7.80996133151447e-02,-2.70035539046878e-01
2.74740939660089e+02	7.70955977631816e-02,-2.68462280497366e-01
2.76651914018525e+02	7.61032605551478e-02,-2.66894497829150e-01
2.78576180254768e+02	7.51224928111244e-02,-2.65332244994141e-01
2.80513830821139e+02	7.41531859776919e-02,-2.63775574252073e-01
2.82464958813018e+02	7.31952318467995e-02,-2.62224536193485e-01
2.84429657973310e+02	7.22485225740263e-02,-2.60679179762695e-01
2.86408022696959e+02	7.13129506962423e-02,-2.59139552280783e-01
2.88400148035474e+02	7.03884091486782e-02,-2.57605699468549e-01
2.90406129701500e+02	6.94747912814148e-02,-2.56077665469442e-01
2.92426064073417e+02	6.85719908752999e-02,-2.54555492872462e-01
2.94460048199969e+02	6.76799021573024e-02,-2.53039222735006e-01
2.96508179804927e+02	6.67984198153135e-02,-2.51528894605663e-01
2.98570557291787e+02	6.59274390124035e-02,-2.50024546546938e-01
3.00647279748492e+02	6.50668554005450e-02,-2.48526215157905e-01
3.02738446952199e+02	6.42165651338106e-02,-2.47033935596779e-01
3.04844159374069e+02	6.33764648810557e-02,-2.45547741603389e-01
3.06964518184094e+02	6.25464518380949e-02,-2.44067665521560e-01
3.09099625255960e+02	6.17264237393828e-02,-2.42593738321384e-01
3.11249583171940e+02	6.09162788692071e-02,-2.41125989621380e-01
3.13414495227826e+02	6.01159160724042e-02,-2.39664447710527e-01
3.15594465437884e+02	5.93252347646083e-02,-2.38209139570180e-01
3.17789598539861e+02	5.85441349420392e-02,-2.36760090895843e-01
3.20000000000009e+02	5.77725171908433e-02,-2.35317326118808e-01
3.22225776018160e+02	5.70102826959933e-02,-2.33880868427647e-01
3.24467033532819e+02	5.62573332497574e-02,-2.32450739789556e-01
3.26723880226312e+02	5.55135712597467e-02,-2.31026960971538e-01
3.28996424529951e+02	5.47788997565509e-02,-2.29609551561434e-01
3.31284775629251e+02	5.40532224009699e-02,-2.28198529988778e-01
3.33589043469169e+02	5.33364434908511e-02,-2.26793913545497e-01
3.35909338759392e+02	5.26284679675416e-02,-2.25395718406421e-01
3.38245772979652e+02	5.19292014219636e-02,-2.24003959649632e-01
3.40598458385085e+02	5.12385501003219e-02,-2.22618651276620e-01
3.42967508011624e+02	5.05564209094516e-02,-2.21239806232262e-01
3.45353035681427e+02	4.98827214218167e-02,-2.19867436424611e-01
3.47755156008349e+02	4.92173598801649e-02,-2.18501552744494e-01
3.50173984403447e+02	4.85602452018492e-02,-2.17142165084923e-01
3.52609637080526e+02	4.79112869828248e-02,-2.15789282360299e-01
3.55062231061721e+02	4.72703955013274e-02,-2.14442912525431e-01
3.57531884183121e+02	4.66374817212433e-02,-2.13103062594350e-01
3.60018715100430e+02	4.60124572951778e-02,-2.11769738658916e-01
3.62522843294667e+02	4.53952345672305e-02,-2.10442945907232e-01
3.65044389077907e+02	4.47857265754852e-02,-2.09122688641842e-01
3.67583473599063e+02	4.41838470542213e-02,-2.07808970297733e-01
3.70140218849704e+02	4.35895104358554e-02,-2.06501793460123e-01
3.72714747669917e+02	4.30026318526200e-02,-2.05201159882040e-01
3.75307183754213e+02	4.24231271379862e-02,-2.03907070501693e-01
3.77917651657462e+02	4.18509128278387e-02,-2.02619525459635e-01
3.80546276800883e+02	4.12859061614090e-02,-2.01338524115709e-01
3.83193185478069e+02	4.07280250819744e-02,-2.00064065065789e-01
3.85858504861056e+02	4.01771882373302e-02,-1.98796146158301e-01
3.88542363006427e+02	3.96333149800402e-02,-1.97534764510543e-01
3.91244888861474e+02	3.90963253674745e-02,-1.96279916524780e-01
3.93966212270386e+02	3.85661401616389e-02,-1.95031597904136e-01
3.96706463980488e+02	3.80426808288032e-02,-1.93789803668270e-01
3.99465775648529e+02	3.75258695389359e-02,-1.92554528168840e-01
4.02244279846998e+02	3.70156291649489e-02,-1.91325765104756e-01
4.05042110070503e+02	3.65118832817607e-02,-1.90103507537221e-01
4.07859400742177e+02	3.60145561651825e-02,-1.88887747904564e-01
4.10696287220143e+02	3.55235727906340e-02,-1.87678478036856e-01
4.13552905804011e+02	3.50388588316939e-02,-1.86475689170325e-01
4.16429393741432e+02	3.45603406584914e-02,-1.85279371961559e-01
4.19325889234690e+02	3.40879453359431e-02,-1.84089516501497e-01
4.22242531447340e+02	3.36216006218427e-02,-1.82906112329218e-01
4.25179460510898e+02	3.31612349648059e-02,-1.81729148445526e-01
4.28136817531570e+02	3.27067775020787e-02,-1.80558613326320e-01
4.31114744597035e+02	3.22581580572120e-02,-1.79394494935778e-01
4.34113384783269e+02	3.18153071376081e-02,-1.78236780739316e-01
4.37132882161421e+02	3.13781559319445e-02,-1.77085457716369e-01
4.40173381804733e+02	3.09466363074789e-02,-1.75940512372951e-01
4.43235029795511e+02	3.05206808072402e-02,-1.74801930754036e-01
4.46317973232145e+02	3.01002226471112e-02,-1.73669698455724e-01
4.49422360236174e+02	2.96851957128050e-02,-1.72543800637226e-01
4.52548339959406e+02	2.92755345567422e-02,-1.71424222032646e-01
4.55696062591078e+02	2.88711743948311e-02,-1.70310946962575e-01
4.58865679365080e+02	2.84720511031556e-02,-1.69203959345492e-01
4.62057342567214e+02	2.80781012145757e-02,-1.68103242708976e-01
4.65271205542515e+02	2.76892619152428e-02,-1.67008780200729e-01
4.68507422702616e+02	2.73054710410357e-02,-1.65920554599422e-01
4.71766149533168e+02	2.69266670739188e-02,-1.64838548325340e-01
4.75047542601312e+02	2.65527891382285e-02,-1.63762743450864e-01
4.78351759563197e+02	2.61837769968892e-02,-1.62693121710754e-01
4.81678959171558e+02	2.58195710475639e-02,-1.61629664512270e-01
4.85029301283344e+02	2.54601123187421e-02,-1.60572352945105e-01
4.88402946867396e+02	2.51053424657683e-02,-1.59521167791144e-01
4.91800058012181e+02	2.47552037668146e-02,-1.58476089534057e-01
4.95220797933582e+02	2.44096391188000e-02,-1.57437098368712e-01
4.98665330982737e+02	2.40685920332607e-02,-1.56404174210423e-01
5.02133822653938e+02	2.37320066321721e-02,-1.55377296704032e-01
5.05626439592579e+02	2.33998276437279e-02,-1.54356445232819e-01
5.09143349603166e+02	2.30720003980771e-02,-1.53341598927258e-01
5.12684721657376e+02	2.27484708230233e-02,-1.52332736673602e-01
5.16250725902179e+02	2.24291854396873e-02,-1.51329837122314e-01
5.19841533668009e+02	2.21140913581367e-02,-1.50332878696337e-01
5.23457317476998e+02	2.18031362729850e-02,-1.49341839599210e-01
5.27098251051265e+02	2.14962684589616e-02,-1.48356697823033e-01
5.30764509321261e+02	2.11934367664563e-02,-1.47377431156272e-01
5.34456268434175e+02	2.08945906170399e-02,-1.46404017191419e-01
5.38173705762396e+02	2.05996799989633e-02,-1.45436433332509e-01
5.41916999912037e+02	2.03086554626371e-02,-1.44474656802479e-01
5.45686330731512e+02	2.00214681160941e-02,-1.43518664650395e-01
5.49481879320182e+02	1.97380696204363e-02,-1.42568433758528e-01
5.53303828037053e+02	1.94584121852688e-02,-1.41623940849295e-01
5.57152360509539e+02	1.91824485641221e-02,-1.40685162492061e-01
5.61027661642283e+02	1.89101320498653e-02,-1.39752075109798e-01
5.64929917626039e+02	1.86414164701109e-02,-1.38824654985625e-01
5.68859315946625e+02	1.83762561826139e-02,-1.37902878269196e-01
5.72816045393923e+02	1.81146060706665e-02,-1.36986720982972e-01
5.76800296070952e+02	1.78564215384902e-02,-1.36076159028361e-01
5.80812259403004e+02	1.76016585066261e-02,-1.35171168191723e-01
5.84852128146837e+02	1.73502734073263e-02,-1.34271724150266e-01
5.88920096399941e+02	1.71022231799465e-02,-1.33377802477801e-01
5.93016359609859e+02	1.68574652663420e-02,-1.32489378650388e-01
5.97141114583579e+02	1.66159576062682e-02,-1.31606428051861e-01
6.01294559496990e+02	1.63776586327869e-02,-1.30728925979229e-01
6.05476893904404e+02	1.61425272676796e-02,-1.29856847647970e-01
6.09688318748142e+02	1.59105229168695e-02,-1.28990168197203e-01
6.13929036368192e+02	1.56816054658527e-02,-1.28128862694754e-01
6.18199250511924e+02	1.54557352751399e-02,-1.27272906142107e-01
6.22499166343886e+02	1.52328731757103e-02,-1.26422273479251e-01
6.26828990455656e+02	1.50129804644776e-02,-1.25576939589415e-01
6.31188930875773e+02	1.47960188997705e-02,-1.24736879303702e-01
6.35579197079727e+02	1.45819506968271e-02,-1.23902067405618e-01
6.40000000000024e+02	1.43707385233060e-02,-1.23072478635498e-01
6.44451552036324e+02	1.41623454948130e-02,-1.22248087694832e-01
6.48934067065643e+02	1.39567351704458e-02,-1.21428869250497e-01
6.53447760452628e+02	1.37538715483564e-02,-1.20614797938886e-01
6.57992849059907e+02	1.35537190613334e-02,-1.19805848369943e-01
6.62569551258507e+02	1.33562425724030e-02,-1.19001995131108e-01
6.67178086938343e+02	1.31614073704511e-02,-1.18203212791170e-01
6.71818677518788e+02	1.29691791658668e-02,-1.17409475904021e-01
6.76491545959309e+02	1.27795240862071e-02,-1.16620759012333e-01
6.81196916770176e+02	1.25924086718843e-02,-1.15837036651140e-01
6.85935016023254e+02	1.24077998718766e-02,-1.15058283351337e-01
6.90706071362860e+02	1.22256650394623e-02,-1.14284473643091e-01
6.95510312016704e+02	1.20459719279780e-02,-1.13515582059176e-01
7.00347968806900e+02	1.18686886866012e-02,-1.12751583138220e-01
7.05219274161058e+02	1.16937838561591e-02,-1.11992451427875e-01
7.10124462123448e+02	1.15212263649615e-02,-1.11238161487908e-01
7.15063768366248e+02	1.13509855246612e-02,-1.10488687893216e-01
7.20037430200866e+02	1.11830310261396e-02,-1.09744005236762e-01
7.25045686589339e+02	1.10173329354204e-02,-1.09004088132441e-01
7.30088778155819e+02	1.08538616896092e-02,-1.08268911217869e-01
7.35166947198131e+02	1.06925880928617e-02,-1.07538449157104e-01
7.40280437699413e+02	1.05334833123796e-02,-1.06812676643291e-01
7.45429495339841e+02	1.03765188744339e-02,-1.06091568401245e-01
7.50614367508432e+02	1.02216666604176e-02,-1.05375099189964e-01
7.55835303314929e+02	1.00688989029268e-02,-1.04663243805068e-01
7.61092553601771e+02	9.91818818187048e-03,-1.03955977081185e-01
7.66386370956144e+02	9.76950742060996e-03,-1.03253273894265e-01
7.71717009722117e+02	9.62282988212739e-03,-1.02555109163833e-01
7.77084726012860e+02	9.47812916522390e-03,-1.01861457855178e-01
7.82489777722954e+02	9.33537920074763e-03,-1.01172294981489e-01
7.87932424540777e+02	9.19455424785157e-03,-1.00487595605922e-01
7.93412927960983e+02	9.05562889028146e-03,-9.98073348436142e-02
7.98931551297063e+02	8.91857803269393e-03,-9.91314878636439e-02
8.04488559694002e+02	8.78337689700479e-03,-9.84600298909259e-02
8.10084220141011e+02	8.65000101876793e-03,-9.77929362080601e-02
8.15718801484360e+02	8.51842624358449e-03,-9.71301821571222e-02
8.21392574440291e+02	8.38862872354268e-03,-9.64717431414032e-02
8.27105811608028e+02	8.26058491368814e-03,-9.58175946270958e-02
8.32858787482871e+02	8.13427156852499e-03,-9.51677121449322e-02
8.38651778469386e+02	8.00966573854756e-03,-9.45220712917702e-02
8.44485062894686e+02	7.88674476680271e-03,-9.38806477321321e-02
8.50358921021801e+02	7.76548628548306e-03,-9.32434171996947e-02
8.56273635063146e+02	7.64586821255071e-03,-9.26103554987338e-02
8.62229489194076e+02	7.52786874839183e-03,-9.19814385055220e-02
8.68226769566545e+02	7.41146637250181e-03,-9.13566421696821e-02
8.74265764322848e+02	7.29663984020113e-03,-9.07359425154964e-02
8.80346763609472e+02	7.18336817938177e-03,-9.01193156431727e-02
8.86470059591028e+02	7.07163068728430e-03,-8.95067377300691e-02
8.92635946464296e+02	6.96140692730530e-03,-8.88981850318764e-02
8.98844720472355e+02	6.85267672583538e-03,-8.82936338837605e-02
9.05096679918818e+02	6.74542016912748e-03,-8.76930607014658e-02
9.11392125182163e+02	6.63961760019545e-03,-8.70964419823786e-02
9.17731358730167e+02	6.53524961574288e-03,-8.65037543065539e-02
9.24114685134435e+02	6.43229706312201e-03,-8.59149743377040e-02
9.30542411085037e+02	6.33074103732261e-03,-8.53300788241518e-02
9.37014845405239e+02	6.23056287799082e-03,-8.47490445997471e-02
9.43532299066344e+02	6.13174416647769e-03,-8.41718485847497e-02
9.50095085202631e+02	6.03426672291747e-03,-8.35984677866770e-02
9.56703519126400e+02	5.93811260333539e-03,-8.30288793011195e-02
9.63357918343123e+02	5.84326409678482e-03,-8.24630603125225e-02
9.70058602566695e+02	5.74970372251374e-03,-8.19009880949370e-02
9.76805893734798e+02	5.65741422716038e-03,-8.13426400127384e-02
9.83600116024369e+02	5.56637858197772e-03,-8.07879935213155e-02
9.90441595867171e+02	5.47657998008700e-03,-8.02370261677292e-02
9.97330661965481e+02	5.38800183375970e-03,-7.96897155913419e-02
1.00426764530788e+03	5.30062777172827e-03,-7.91460395244188e-02
1.01125287918517e+03	5.21444163652504e-03,-7.86059757927007e-02
1.01828669920634e+03	5.12942748184943e-03,-7.80695023159502e-02
1.02536944331476e+03	5.04556956996315e-03,-7.75365971084704e-02
1.03250145180437e+03	4.96285236911331e-03,-7.70072382795986e-02
1.03968306733603e+03	4.88126055098307e-03,-7.64814040341731e-02
1.04691463495400e+03	4.80077898817000e-03,-7.59590726729766e-02
1.05419650210254e+03	4.72139275169159e-03,-7.54402225931542e-02
1.06152901864253e+03	4.64308710851801e-03,-7.49248322886080e-02
1.06891253686836e+03	4.56584751913173e-03,-7.44128803503684e-02
1.07634741152480e+03	4.48965963511403e-03,-7.39043454669430e-02
1.08383399982408e+03	4.41450929675796e-03,-7.33992064246426e-02
1.09137266146303e+03	4.34038253070779e-03,-7.28974421078868e-02
1.09896375864037e+03	4.26726554762455e-03,-7.23990314994870e-02
1.10660765607411e+03	4.19514473987770e-03,-7.19039536809098e-02
1.11430472101909e+03	4.12400667926247e-03,-7.14121878325202e-02
1.12205532328457e+03	4.05383811474287e-03,-7.09237132338041e-02
1.12985983525209e+03	3.98462597022012e-03,-7.04385092635733e-02
1.13771863189326e+03	3.91635734232619e-03,-6.99565554001501e-02
1.14563209078785e+03	3.84901949824249e-03,-6.94778312215349e-02
1.15360059214191e+03	3.78259987354319e-03,-6.90023164055549e-02
1.16162451880602e+03	3.71708607006326e-03,-6.85299907299967e-02
1.16970425629368e+03	3.65246585379085e-03,-6.80608340727201e-02
1.17784019279989e+03	3.58872715278386e-03,-6.75948264117574e-02
1.18603271921973e+03	3.52585805511049e-03,-6.71319478253952e-02
1.19428222916717e+03	3.46384680681353e-03,-6.66721784922405e-02
1.20258911899399e+03	3.40268180989831e-03,-6.62154986912723e-02
1.21095378780882e+03	3.34235162034392e-03,-6.57618888018775e-02
1.21937663749629e+03	3.28284494613761e-03,-6.53113293038724e-02
1.22785807273639e+03	3.22415064533214e-03,-6.48638007775101e-02
1.23639850102386e+03	3.16625772412588e-03,-6.44192839034741e-02
1.24499833268778e+03	3.10915533496544e-03,-6.39777594628581e-02
1.25365798091132e+03	3.05283277467060e-03,-6.35392083371335e-02
1.26237786175155e+03	2.99727948258140e-03,-6.31036115081025e-02
1.27115839415946e+03	2.94248503872710e-03,-6.26709500578407e-02
1.28000000000006e+03	2.88843916201687e-03,-6.22412051686262e-02
1.28890310407266e+03	2.83513170845199e-03,-6.18143581228573e-02
1.29786813413129e+03	2.78255266935933e-03,-6.13903903029590e-02
1.30689552090527e+03	2.73069216964591e-03,-6.09692831912779e-02
1.31598569811982e+03	2.67954046607435e-03,-6.05510183699664e-02
1.32513910251702e+03	2.62908794555906e-03,-6.01355775208565e-02
1.33435617387669e+03	2.57932512348279e-03,-5.97229424253232e-02
1.34363735503759e+03	2.53024264203355e-03,-5.93130949641374e-02
1.35298309191863e+03	2.48183126856161e-03,-5.89060171173104e-02
1.36239383354036e+03	2.43408189395629e-03,-5.85016909639271e-02
1.37187003204652e+03	2.38698553104248e-03,-5.81000986819720e-02
1.38141214272573e+03	2.34053331299667e-03,-5.77012225481447e-02
1.39102062403342e+03	2.29471649178214e-03,-5.73050449376675e-02
1.40069593761381e+03	2.24952643660337e-03,-5.69115483240849e-02
1.41043854832213e+03	2.20495463237918e-03,-5.65207152790539e-02
1.42024892424691e+03	2.16099267823469e-03,-5.61325284721273e-02
1.43012753673251e+03	2.11763228601167e-03,-5.57469706705292e-02
1.44007486040174e+03	2.07486527879725e-03,-5.53640247389226e-02
1.45009137317869e+03	2.03268358947069e-03,-5.49836736391702e-02
1.46017755631165e+03	1.99107925926809e-03,-5.46059004300880e-02
1.47033389439627e+03	1.95004443636480e-03,-5.42306882671924e-02
1.48056087539884e+03	1.90957137447535e-03,-5.38580204024400e-02
1.49085899067969e+03	1.86965243147081e-03,-5.34878801839622e-02
1.50122873501687e+03	1.83028006801317e-03,-5.31202510557927e-02
1.51167060662987e+03	1.79144684620678e-03,-5.27551165575890e-02
1.52218510720355e+03	1.75314542826659e-03,-5.23924603243489e-02
1.53277274191230e+03	1.71536857520292e-03,-5.20322660861210e-02
1.54343401944424e+03	1.67810914552271e-03,-5.16745176677096e-02
1.55416945202573e+03	1.64136009394698e-03,-5.13191989883743e-02
1.56497955544592e+03	1.60511447014437e-03,-5.09662940615255e-02
1.57586484908157e+03	1.56936541748055e-03,-5.06157869944140e-02
1.58682585592198e+03	1.53410617178336e-03,-5.02676619878163e-02
1.59786310259414e+03	1.49933006012341e-03,-4.99219033357155e-02
1.60897711938801e+03	1.46503049961014e-03,-4.95784954249778e-02
1.62016844028203e+03	1.43120099620298e-03,-4.92374227350243e-02
1.63143760296873e+03	1.39783514353755e-03,-4.88986698374998e-02
1.64278514888059e+03	1.36492662176672e-03,-4.85622213959367e-02
1.65421162321607e+03	1.33246919641632e-03,-4.82280621654156e-02
1.66571757496575e+03	1.30045671725533e-03,-4.78961769922223e-02
1.67730355693878e+03	1.26888311718050e-03,-4.75665508135015e-02
1.68897012578938e+03	1.23774241111502e-03,-4.72391686569064e-02
1.70071784204361e+03	1.20702869492133e-03,-4.69140156402463e-02
1.71254727012630e+03	1.17673614432766e-03,-4.65910769711305e-02
1.72445897838816e+03	1.14685901386838e-03,-4.62703379466089e-02
1.73645353913310e+03	1.11739163583775e-03,-4.59517839528105e-02
1.74853152864571e+03	1.08832841925716e-03,-4.56354004645792e-02
1.76069352721896e+03	1.05966384885554e-03,-4.53211730451064e-02
1.77294011918207e+03	1.03139248406278e-03,-4.50090873455618e-02
1.78527189292860e+03	1.00350895801619e-03,-4.46991291047218e-02
1.79768944094472e+03	9.76007976579551e-04,-4.43912841485954e-02
1.81019335983765e+03	9.48884317374924e-04,-4.40855383900480e-02
1.82278425036434e+03	9.22132828826827e-04,-4.37818778284240e-02
1.83546271746035e+03	8.95748429218739e-04,-4.34802885491662e-02
1.84822937026888e+03	8.69726105761786e-04,-4.31807567234346e-02
1.86108482217009e+03	8.44060913675429e-04,-4.28832686077230e-02
1.87402969081049e+03	8.18747975280032e-04,-4.25878105434739e-02
1.88706459813270e+03	7.93782479101163e-04,-4.22943689566922e-02
1.90019017040527e+03	7.69159678985484e-04,-4.20029303575573e-02
1.91340703825281e+03	7.44874893228100e-04,-4.17134813400342e-02
1.92671583668626e+03	7.20923503711218e-04,-4.14260085814830e-02
1.94011720513340e+03	6.97300955053981e-04,-4.11404988422676e-02
1.95361178746961e+03	6.74002753773357e-04,-4.08569389653629e-02
1.96720023204875e+03	6.51024467455918e-04,-4.05753158759616e-02
1.98088319173436e+03	6.28361723940423e-04,-4.02956165810798e-02
1.99466132393098e+03	6.06010210511010e-04,-4.00178281691620e-02
2.00853529061578e+03	5.83965673100943e-04,-3.97419378096847e-02
2.02250575837034e+03	5.62223915506710e-04,-3.94679327527607e-02
2.03657339841269e+03	5.40780798612413e-04,-3.91958003287412e-02
2.05073888662953e+03	5.19632239624265e-04,-3.89255279478185e-02
2.06500290360874e+03	4.98774211315118e-04,-3.86571030996280e-02
2.07936613467207e+03	4.78202741278861e-04,-3.83905133528497e-02
2.09382926990802e+03	4.57913911194599e-04,-3.81257463548094e-02
2.10839300420509e+03	4.37903856100456e-04,-3.78627898310797e-02
2.12305803728508e+03	4.18168763676928e-04,-3.76016315850808e-02
2.13782507373673e+03	3.98704873539618e-04,-3.73422594976811e-02
2.15269482304962e+03	3.79508476541279e-04,-3.70846615267982e-02
2.16766799964818e+03	3.60575914083024e-04,-3.68288257069989e-02
2.18274532292608e+03	3.41903577434597e-04,-3.65747401491003e-02
2.19792751728076e+03	3.23487907063597e-04,-3.63223930397705e-02
2.21321531214825e+03	3.05325391973527e-04,-3.60717726411293e-02
2.22860944203819e+03	2.87412569050583e-04,-3.58228672903494e-02
2.24411064656916e+03	2.69746022419047e-04,-3.55756653992578e-02
2.25971967050419e+03	2.52322382805198e-04,-3.53301554539376e-02
2.27543726378653e+03	2.35138326909613e-04,-3.50863260143296e-02
2.29126418157573e+03	2.18190576787777e-04,-3.48441657138351e-02
2.30720118428384e+03	2.01475899238877e-04,-3.46036632589186e-02
2.32324903761205e+03	1.84991105202682e-04,-3.43648074287111e-02
2.33940851258738e+03	1.68733049164419e-04,-3.41275870746138e-02
2.35568038559980e+03	1.52698628567522e-04,-3.38919911199030e-02
2.37206543843947e+03	1.36884783234179e-04,-3.36580085593345e-02
2.38856445833435e+03	1.21288494793555e-04,-3.34256284587498e-02
2.40517823798799e+03	1.05906786117608e-04,-3.31948399546823e-02
2.42190757561765e+03	9.07367207644055e-05,-3.29656322539639e-02
2.43875327499260e+03	7.57754024288270e-05,-3.27379946333336e-02
2.45571614547280e+03	6.10199744005778e-05,-3.25119164390457e-02
2.47279700204773e+03	4.64676190294123e-05,-3.22873870864789e-02
2.48999666537558e+03	3.21155571974727e-05,-3.20643960597474e-02
2.50731596182266e+03	1.79610477986593e-05,-3.18429329113112e-02
2.52475572350313e+03	4.00138722494048e-06,-3.16229872615889e-02
2.54231678831894e+03	-9.76609114049817e-06,-3.14045487985703e-02
2.56000000000013e+03	-2.33440174233284e-05,-3.11876072774304e-02
2.57780620814533e+03	-3.67349857514940e-05,-3.09721525201448e-02
2.59573626826261e+03	-4.99415547420214e-05,-3.07581744151052e-02
2.61379104181055e+03	-6.29662479813432e-05,-3.05456629167368e-02
2.63197139623967e+03	-7.58115544991822e-05,-3.03346080451164e-02
2.65027820503406e+03	-8.84799292361096e-05,-3.01249998855916e-02
2.66871234775341e+03	-1.00973793504845e-04,-2.99168285884015e-02
2.68727471007519e+03	-1.13295535445377e-04,-2.97100843682976e-02
2.70596618383727e+03	-1.25447510473986e-04,-2.95047575041672e-02
2.72478766708074e+03	-1.37432041726258e-04,-2.93008383386568e-02
2.74374006409305e+03	-1.49251420494153e-04,-2.90983172777975e-02
2.76282428545148e+03	-1.60907906657203e-04,-2.88971847906313e-02
2.78204124806685e+03	-1.72403729107940e-04,-2.86974314088384e-02
2.80139187522764e+03	-1.83741086171598e-04,-2.84990477263665e-02
2.82087709664427e+03	-1.94922146020185e-04,-2.83020243990608e-02
2.84049784849383e+03	-2.05949047080983e-04,-2.81063521442953e-02
2.86025507346503e+03	-2.16823898439562e-04,-2.79120217406057e-02
2.88014972080350e+03	-2.27548780237370e-04,-2.77190240273234e-02
2.90018274635740e+03	-2.38125744063975e-04,-2.75273499042112e-02
2.92035511262332e+03	-2.48556813344022e-04,-2.73369903310999e-02
2.94066778879257e+03	-2.58843983718977e-04,-2.71479363275266e-02
2.96112175079769e+03	-2.68989223423736e-04,-2.69601789723742e-02
2.98171798135941e+03	-2.78994473658146e-04,-2.67737094035125e-02
3.00245747003377e+03	-2.88861648953521e-04,-2.65885188174407e-02
3.02334121325976e+03	-2.98592637534213e-04,-2.64045984689311e-02
3.04437021440713e+03	-3.08189301674295e-04,-2.62219396706743e-02
3.06554548382462e+03	-3.17653478049439e-04,-2.60405337929262e-02
3.08686803888851e+03	-3.26986978084031e-04,-2.58603722631561e-02
3.10833890405149e+03	-3.36191588293594e-04,-2.56814465656963e-02
3.12995911089186e+03	-3.45269070622589e-04,-2.55037482413933e-02
3.15172969816316e+03	-3.54221162777635e-04,-2.53272688872605e-02
3.17365171184398e+03	-3.63049578556233e-04,-2.51520001561323e-02
3.19572620518830e+03	-3.71756008171025e-04,-2.49779337563198e-02
3.21795423877605e+03	-3.80342118569671e-04,-2.48050614512678e-02
3.24033688056409e+03	-3.88809553750389e-04,-2.46333750592138e-02
3.26287520593749e+03	-3.97159935073215e-04,-2.44628664528478e-02
3.28557029776121e+03	-4.05394861567050e-04,-2.42935275589744e-02
3.30842324643216e+03	-4.13515910232526e-04,-2.41253503581760e-02
3.33143514993153e+03	-4.21524636340779e-04,-2.39583268844774e-02
3.35460711387759e+03	-4.29422573728154e-04,-2.37924492250127e-02
3.37794025157879e+03	-4.37211235086909e-04,-2.36277095196926e-02
3.40143568408726e+03	-4.44892112251972e-04,-2.34640999608744e-02
3.42509454025263e+03	-4.52466676483794e-04,-2.33016127930329e-02
3.44891795677636e+03	-4.59936378747361e-04,-2.31402403124329e-02
3.47290707826623e+03	-4.67302649987403e-04,-2.29799748668037e-02
3.49706305729145e+03	-4.74566901399864e-04,-2.28208088550146e-02
3.52138705443794e+03	-4.81730524699675e-04,-2.26627347267523e-02
3.54588023836416e+03	-4.88794892384867e-04,-2.25057449822002e-02
3.57054378585724e+03	-4.95761357997103e-04,-2.23498321717184e-02
3.59537888188947e+03	-5.02631256378646e-04,-2.21949888955262e-02
3.62038671967532e+03	-5.09405903925821e-04,-2.20412078033855e-02
3.64556850072871e+03	-5.16086598839026e-04,-2.18884815942863e-02
3.67092543492072e+03	-5.22674621369328e-04,-2.17368030161338e-02
3.69645874053780e+03	-5.29171234061684e-04,-2.15861648654361e-02
3.72216964434020e+03	-5.35577681994849e-04,-2.14365599869952e-02
3.74805938162101e+03	-5.41895193017995e-04,-2.12879812735979e-02
3.77412919626543e+03	-5.48124977984107e-04,-2.11404216657095e-02
3.80038034081058e+03	-5.54268230980173e-04,-2.09938741511686e-02
3.82681407650566e+03	-5.60326129554230e-04,-2.08483317648831e-02
3.85343167337255e+03	-5.66299834939302e-04,-2.07037875885289e-02
3.88023441026684e+03	-5.72190492274268e-04,-2.05602347502489e-02
3.90722357493925e+03	-5.77999230821705e-04,-2.04176664243548e-02
3.93440046409753e+03	-5.83727164182743e-04,-2.02760758310291e-02
3.96176638346874e+03	-5.89375390508972e-04,-2.01354562360305e-02
3.98932264786198e+03	-5.94944992711448e-04,-1.99958009503989e-02
4.01707058123159e+03	-6.00437038666815e-04,-1.98571033301636e-02
4.04501151674072e+03	-6.05852581420615e-04,-1.97193567760523e-02
4.07314679682541e+03	-6.11192659387788e-04,-1.95825547332016e-02
4.10147777325910e+03	-6.16458296550424e-04,-1.94466906908697e-02
4.13000580721752e+03	-6.21650502652791e-04,-1.93117581821500e-02
4.15873226934416e+03	-6.26770273393687e-04,-1.91777507836864e-02
4.18765853981608e+03	-6.31818590616130e-04,-1.90446621153910e-02
4.21678600841022e+03	-6.36796422494448e-04,-1.89124858401620e-02
4.24611607457018e+03	-6.41704723718786e-04,-1.87812156636042e-02
4.27565014747350e+03	-6.46544435677068e-04,-1.86508453337508e-02
4.30538964609927e+03	-6.51316486634448e-04,-1.85213686407866e-02
4.33533599929639e+03	-6.56021791910287e-04,-1.83927794167729e-02
4.36549064585219e+03	-6.60661254052689e-04,-1.82650715353738e-02
4.39585503456155e+03	-6.65235763010615e-04,-1.81382389115844e-02
4.42643062429652e+03	-6.69746196303629e-04,-1.80122755014602e-02
4.45721888407641e+03	-6.74193419189290e-04,-1.78871753018481e-02
4.48822129313836e+03	-6.78578284828229e-04,-1.77629323501192e-02
4.51943934100841e+03	-6.82901634446943e-04,-1.76395407239027e-02
4.55087452757310e+03	-6.87164297498326e-04,-1.75169945408219e-02
4.58252836315148e+03	-6.91367091819985e-04,-1.73952879582310e-02
4.61440236856772e+03	-6.95510823790352e-04,-1.72744151729544e-02
4.64649807522413e+03	-6.99596288482635e-04,-1.71543704210264e-02
4.67881702517480e+03	-7.03624269816625e-04,-1.70351479774332e-02
4.71136077119964e+03	-7.07595540708401e-04,-1.69167421558563e-02
4.74413087687898e+03	-7.11510863217947e-04,-1.67991473084173e-02
4.77712891666873e+03	-7.15370988694725e-04,-1.66823578254240e-02
4.81035647597602e+03	-7.19176657921202e-04,-1.65663681351183e-02
4.84381515123534e+03	-7.22928601254405e-04,-1.64511727034255e-02
4.87750654998525e+03	-7.26627538765482e-04,-1.63367660337052e-02
4.91143229094564e+03	-7.30274180377319e-04,-1.62231426665034e-02
4.94559400409550e+03	-7.33869226000250e-04,-1.61102971793064e-02
4.97999333075120e+03	-7.37413365665853e-04,-1.59982241862960e-02
5.01463192364536e+03	-7.40907279658889e-04,-1.58869183381059e-02
5.04951144700630e+03	-7.44351638647393e-04,-1.57763743215805e-02
5.08463357663793e+03	-7.47747103810937e-04,-1.56665868595338e-02
5.12000000000031e+03	-7.51094326967110e-04,-1.55575507105110e-02
5.15561241629071e+03	-7.54393950696209e-04,-1.54492606685508e-02
5.19147253652526e+03	-7.57646608464194e-04,-1.53417115629496e-02
5.22758208362114e+03	-7.60852924743913e-04,-1.52348982580263e-02
5.26394279247938e+03	-7.64013515134617e-04,-1.51288156528900e-02
5.30055641006817e+03	-7.67128986479807e-04,-1.50234586812078e-02
5.33742469550686e+03	-7.70199936983410e-04,-1.49188223109742e-02
5.37454942015043e+03	-7.73226956324329e-04,-1.48149015442830e-02
5.41193236767459e+03	-7.76210625769370e-04,-1.47116914170991e-02
5.44957533416153e+03	-7.79151518284584e-04,-1.46091869990328e-02
5.48748012818615e+03	-7.82050198645028e-04,-1.45073833931150e-02
5.52564857090300e+03	-7.84907223542983e-04,-1.44062757355740e-02
5.56408249613375e+03	-7.87723141694633e-04,-1.43058591956137e-02
5.60278375045533e+03	-7.90498493945244e-04,-1.42061289751928e-02
5.64175419328859e+03	-7.93233813372840e-04,-1.41070803088059e-02
5.68099569698771e+03	-7.95929625390417e-04,-1.40087084632657e-02
5.72051014693011e+03	-7.98586447846706e-04,-1.39110087374869e-02
5.76029944160706e+03	-8.01204791125496e-04,-1.38139764622704e-02
5.80036549271484e+03	-8.03785158243551e-04,-1.37176070000906e-02
5.84071022524669e+03	-8.06328044947128e-04,-1.36218957448824e-02
5.88133557758518e+03	-8.08833939807127e-04,-1.35268381218305e-02
5.92224350159543e+03	-8.11303324312868e-04,-1.34324295871597e-02
5.96343596271886e+03	-8.13736672964544e-04,-1.33386656279266e-02
6.00491494006759e+03	-8.16134453364339e-04,-1.32455417618127e-02
6.04668242651957e+03	-8.18497126306252e-04,-1.31530535369187e-02
6.08874042881431e+03	-8.20825145864622e-04,-1.30611965315600e-02
6.13109096764929e+03	-8.23118959481392e-04,-1.29699663540639e-02
6.17373607777707e+03	-8.25379008052114e-04,-1.28793586425679e-02
6.21667780810302e+03	-8.27605726010714e-04,-1.27893690648189e-02
6.25991822178378e+03	-8.29799541413045e-04,-1.26999933179745e-02
6.30345939632636e+03	-8.31960876019226e-04,-1.26112271284049e-02
6.34730342368800e+03	-8.34090145374793e-04,-1.25230662514965e-02
6.39145241037665e+03	-8.36187758890683e-04,-1.24355064714564e-02
6.43590847755216e+03	-8.38254119922050e-04,-1.23485436011185e-02
6.48067376112824e+03	-8.40289625845947e-04,-1.22621734817506e-02
6.52575041187503e+03	-8.42294668137874e-04,-1.21763919828632e-02
6.57114059552248e+03	-8.44269632447216e-04,-1.20911950020188e-02
6.61684649286437e+03	-8.46214898671583e-04,-1.20065784646435e-02
6.66287029986312e+03	-8.48130841030061e-04,-1.19225383238385e-02
6.70921422775524e+03	-8.50017828135401e-04,-1.18390705601940e-02
6.75588050315764e+03	-8.51876223065147e-04,-1.17561711816040e-02
6.80287136817457e+03	-8.53706383431720e-04,-1.16738362230819e-02
6.85018908050532e+03	-8.55508661451482e-04,-1.15920617465779e-02
6.89783591355277e+03	-8.57283404012778e-04,-1.15108438407970e-02
6.94581415653252e+03	-8.59030952742978e-04,-1.14301786210189e-02
6.99412611458295e+03	-8.60751644074533e-04,-1.13500622289187e-02
7.04277410887593e+03	-8.62445809310056e-04,-1.12704908323887e-02
7.09176047672838e+03	-8.64113774686434e-04,-1.11914606253616e-02
7.14108757171453e+03	-8.65755861437998e-04,-1.11129678276349e-02
7.19075776377900e+03	-8.67372385858757e-04,-1.10350086846962e-02
7.24077343935071e+03	-8.68963659363693e-04,-1.09575794675502e-02
7.29113700145747e+03	-8.70529988549159e-04,-1.08806764725462e-02
7.34185086984150e+03	-8.72071675252369e-04,-1.08042960212072e-02
7.39291748107565e+03	-8.73589016609996e-04,-1.07284344600604e-02
7.44433928868046e+03	-8.75082305115898e-04,-1.06530881604679e-02
7.49611876324208e+03	-8.76551828677976e-04,-1.05782535184597e-02
7.54825839253092e+03	-8.77997870674174e-04,-1.05039269545669e-02
7.60076068162122e+03	-8.79420710007643e-04,-1.04301049136567e-02
7.65362815301138e+03	-8.80820621161062e-04,-1.03567838647682e-02
7.70686334674516e+03	-8.82197874250150e-04,-1.02839603009493e-02
7.76046882053374e+03	-8.83552735076357e-04,-1.02116307390949e-02
7.81444714987857e+03	-8.84885465178759e-04,-1.01397917197861e-02
7.86880092819513e+03	-8.86196321885163e-04,-1.00684398071304e-02
7.92353276693755e+03	-8.87485558362439e-04,-9.99757158860340e-03
7.97864529572403e+03	-8.88753423666069e-04,-9.92718367489111e-03
8.03414116246325e+03	-8.90000162788952e-04,-9.85727269973365e-03
8.09002303348151e+03	-8.91226016709451e-04,-9.78783531976997e-03
8.14629359365089e+03	-8.92431222438708e-04,-9.71886821438366e-03
8.20295554651826e+03	-8.93616013067221e-04,-9.65036808554979e-03
8.26001161443511e+03	-8.94780617810710e-04,-9.58233165768293e-03
8.31746453868839e+03	-8.95925262055273e-04,-9.51475567748607e-03
8.37531707963222e+03	-8.97050167401833e-04,-9.44763691380084e-03
8.43357201682050e+03	-8.98155551709903e-04,-9.38097215745852e-03
8.49223214914044e+03	-8.99241629140664e-04,-9.31475822113235e-03
8.55130029494706e+03	-9.00308610199374e-04,-9.24899193919070e-03
8.61077929219860e+03	-9.01356701777107e-04,-9.18367016755143e-03
8.67067199859285e+03	-9.02386107191846e-04,-9.11878978353719e-03
8.73098129170445e+03	-9.03397026228921e-04,-9.05434768573180e-03
8.79171006912318e+03	-9.04389655180814e-04,-8.99034079383764e-03
8.85286124859312e+03	-9.05364186886334e-04,-8.92676604853413e-03
8.91443776815290e+03	-9.06320810769173e-04,-8.86362041133714e-03
8.97644258627679e+03	-9.07259712875848e-04,-8.80090086445945e-03
9.03887868201690e+03	-9.08181075913039e-04,-8.73860441067229e-03
9.10174905514628e+03	-9.09085079284335e-04,-8.67672807316780e-03
9.16505672630304e+03	-9.09971899126387e-04,-8.61526889542252e-03
9.22880473713551e+03	-9.10841708344488e-04,-8.55422394106191e-03
9.29299615044834e+03	-9.11694676647577e-04,-8.49359029372583e-03
9.35763405034968e+03	-9.12530970582677e-04,-8.43336505693506e-03
9.42272154239935e+03	-9.13350753568789e-04,-8.37354535395875e-03
9.48826175375803e+03	-9.14154185930224e-04,-8.31412832768284e-03
9.55425783333754e+03	-9.14941424929405e-04,-8.25511114047961e-03
9.62071295195212e+03	-9.15712624799130e-04,-8.19649097407800e-03
9.68763030247075e+03	-9.16467936774311e-04,-8.13826502943500e-03
9.75501309997057e+03	-9.17207509123201e-04,-8.08043052660809e-03
9.82286458189136e+03	-9.17931487178103e-04,-8.02298470462844e-03
9.89118800819108e+03	-9.18640013365578e-04,-7.96592482137529e-03
9.95998666150247e+03	-9.19333227236163e-04,-7.90924815345112e-03
1.00292638472908e+04	-9.20011265493592e-04,-7.85295199605785e-03
1.00990228940127e+04	-9.20674262023541e-04,-7.79703366287403e-03
1.01692671532759e+04	-9.21322347921898e-04,-7.74149048593282e-03
1.02400000000007e+04	-9.21955651522563e-04,-7.68631981550109e-03
1.03112248325815e+04	-9.22574298424795e-04,-7.63151901995935e-03
1.03829450730506e+04	-9.23178411520094e-04,-7.57708548568264e-03
1.04551641672424e+04	-9.23768111018650e-04,-7.52301661692236e-03
1.05278855849588e+04	-9.24343514475338e-04,-7.46930983568901e-03
1.06011128201364e+04	-9.24904736815297e-04,-7.41596258163589e-03
1.06748493910138e+04	-9.25451890359067e-04,-7.36297231194364e-03
1.07490988403009e+04	-9.25985084847318e-04,-7.31033650120580e-03
1.08238647353493e+04	-9.26504427465162e-04,-7.25805264131521e-03
1.08991506683231e+04	-9.27010022866058e-04,-7.20611824135135e-03
1.09749602563724e+04	-9.27501973195321e-04,-7.15453082746857e-03
1.10512971418061e+04	-9.27980378113233e-04,-7.10328794278524e-03
1.11281649922676e+04	-9.28445334817783e-04,-7.05238714727378e-03
1.12055675009107e+04	-9.28896938067000e-04,-7.00182601765162e-03
1.12835083865773e+04	-9.29335280200944e-04,-6.95160214727303e-03
1.13619913939755e+04	-9.29760451163307e-04,-6.90171314602182e-03
1.14410202938603e+04	-9.30172538522668e-04,-6.85215664020498e-03
1.15205988832142e+04	-9.30571627493387e-04,-6.80293027244718e-03
1.16007309854298e+04	-9.30957800956155e-04,-6.75403170158613e-03
1.16814204504935e+04	-9.31331139478206e-04,-6.70545860256884e-03
1.17626711551704e+04	-9.31691721333187e-04,-6.65720866634878e-03
1.18444870031910e+04	-9.32039622520708e-04,-6.60927959978387e-03
1.19268719254378e+04	-9.32374916785571e-04,-6.56166912553534e-03
1.20098298801353e+04	-9.32697675636674e-04,-6.51437498196752e-03
1.20933648530392e+04	-9.33007968365619e-04,-6.46739492304842e-03
1.21774808576287e+04	-9.33305862065011e-04,-6.42072671825121e-03
1.22621819352987e+04	-9.33591421646463e-04,-6.37436815245657e-03
1.23474721555542e+04	-9.33864709858312e-04,-6.32831702585585e-03
1.24333556162061e+04	-9.34125787303051e-04,-6.28257115385514e-03
1.25198364435677e+04	-9.34374712454487e-04,-6.23712836698016e-03
1.26069187926528e+04	-9.34611541674627e-04,-6.19198651078201e-03
1.26946068473761e+04	-9.34836329230300e-04,-6.14714344574373e-03
1.27829048207534e+04	-9.35049127309526e-04,-6.10259704718780e-03
1.28718169551044e+04	-9.35249986037630e-04,-6.05834520518434e-03
1.29613475222566e+04	-9.35438953493113e-04,-6.01438582446029e-03
1.30515008237502e+04	-9.35616075723290e-04,-5.97071682430934e-03
1.31422811910451e+04	-9.35781396759687e-04,-5.92733613850270e-03
1.32336929857288e+04	-9.35934958633228e-04,-5.88424171520074e-03
1.33257405997263e+04	-9.36076801389191e-04,-5.84143151686545e-03
1.34184284555106e+04	-9.36206963101961e-04,-5.79890352017367e-03
1.35117610063154e+04	-9.36325479889573e-04,-5.75665571593123e-03
1.36057427363492e+04	-9.36432385928064e-04,-5.71468610898787e-03
1.37003781610108e+04	-9.36527713465631e-04,-5.67299271815294e-03
1.37956718271056e+04	-9.36611492836598e-04,-5.63157357611200e-03
1.38916283130651e+04	-9.36683752475218e-04,-5.59042672934418e-03
1.39882522291660e+04	-9.36744518929298e-04,-5.54955023804037e-03
1.40855482177520e+04	-9.36793816873658e-04,-5.50894217602220e-03
1.41835209534569e+04	-9.36831669123436e-04,-5.46860063066185e-03
1.42821751434292e+04	-9.36858096647247e-04,-5.42852370280268e-03
1.43815155275581e+04	-9.36873118580194e-04,-5.38870950668060e-03
1.44815468787015e+04	-9.36876752236744e-04,-5.34915616984631e-03
1.45822740029151e+04	-9.36869013123480e-04,-5.30986183308833e-03
1.46837017396831e+04	-9.36849914951728e-04,-5.27082465035675e-03
1.47858349621514e+04	-9.36819469650069e-04,-5.23204278868788e-03
1.48886785773610e+04	-9.36777687376750e-04,-5.19351442812962e-03
1.49922375264843e+04	-9.36724576531990e-04,-5.15523776166764e-03
1.50965167850620e+04	-9.36660143770199e-04,-5.11721099515235e-03
1.52015213632425e+04	-9.36584394012110e-04,-5.07943234722664e-03
1.53072563060229e+04	-9.36497330456832e-04,-5.04190004925442e-03
1.54137266934904e+04	-9.36398954593842e-04,-5.00461234524991e-03
1.55209376410676e+04	-9.36289266214907e-04,-4.96756749180775e-03
1.56288942997572e+04	-9.36168263425960e-04,-4.93076375803383e-03
1.57376018563904e+04	-9.36035942658922e-04,-4.89419942547694e-03
1.58470655338752e+04	-9.35892298683498e-04,-4.85787278806114e-03
1.59572905914482e+04	-9.35737324618928e-04,-4.82178215201892e-03
1.60682823249266e+04	-9.35571011945734e-04,-4.78592583582515e-03
1.61800460669631e+04	-9.35393350517439e-04,-4.75030217013173e-03
1.62925871873019e+04	-9.35204328572288e-04,-4.71490949770305e-03
1.64059110930366e+04	-9.35003932744972e-04,-4.67974617335212e-03
1.65200232288703e+04	-9.34792148078358e-04,-4.64481056387759e-03
1.66349290773769e+04	-9.34568958035250e-04,-4.61010104800137e-03
1.67506341592646e+04	-9.34334344510166e-04,-4.57561601630709e-03
1.68671440336411e+04	-9.34088287841164e-04,-4.54135387117926e-03
1.69844642982810e+04	-9.33830766821702e-04,-4.50731302674316e-03
1.71026005898942e+04	-9.33561758712564e-04,-4.47349190880549e-03
1.72215585843973e+04	-9.33281239253842e-04,-4.43988895479572e-03
1.73413439971858e+04	-9.32989182676995e-04,-4.40650261370822e-03
1.74619625834090e+04	-9.32685561716989e-04,-4.37333134604501e-03
1.75834201382465e+04	-9.32370347624526e-04,-4.34037362375934e-03
1.77057224971864e+04	-9.32043510178373e-04,-4.30762793019992e-03
1.78288755363059e+04	-9.31705017697805e-04,-4.27509276005586e-03
1.79528851725537e+04	-9.31354837055163e-04,-4.24276661930233e-03
1.80777573640339e+04	-9.30992933688539e-04,-4.21064802514693e-03
1.82034981102927e+04	-9.30619271614604e-04,-4.17873550597675e-03
1.83301134526062e+04	-9.30233813441579e-04,-4.14702760130608e-03
1.84576094742712e+04	-9.29836520382363e-04,-4.11552286172486e-03
1.85859923008968e+04	-9.29427352267839e-04,-4.08421984884782e-03
1.87152681006995e+04	-9.29006267560335e-04,-4.05311713526421e-03
1.88454430847988e+04	-9.28573223367297e-04,-4.02221330448830e-03
1.89765235075162e+04	-9.28128175455142e-04,-3.99150695091050e-03
1.91085156666752e+04	-9.27671078263324e-04,-3.96099667974912e-03
1.92414259039044e+04	-9.27201884918616e-04,-3.93068110700284e-03
1.93752606049416e+04	-9.26720547249625e-04,-3.90055885940375e-03
1.95100261999413e+04	-9.26227015801535e-04,-3.87062857437110e-03
1.96457291637829e+04	-9.25721239851108e-04,-3.84088889996565e-03
1.97823760163823e+04	-9.25203167421939e-04,-3.81133849484467e-03
1.99199733230051e+04	-9.24672745299980e-04,-3.78197602821752e-03
2.00585276945817e+04	-9.24129919049345e-04,-3.75280017980187e-03
2.01980457880255e+04	-9.23574633028408e-04,-3.72380963978057e-03
2.03385343065520e+04	-9.23006830406196e-04,-3.69500310875900e-03
2.04800000000015e+04	-9.22426453179102e-04,-3.66637929772313e-03
2.06224496651631e+04	-9.21833442187913e-04,-3.63793692799811e-03
2.07658901461013e+04	-9.21227737135174e-04,-3.60967473120745e-03
2.09103283344849e+04	-9.20609276602904e-04,-3.58159144923270e-03
2.10557711699178e+04	-9.19977998070649e-04,-3.55368583417382e-03
2.12022256402730e+04	-9.19333837933921e-04,-3.52595664830995e-03
2.13496987820278e+04	-9.18676731523001e-04,-3.49840266406081e-03
2.14981976806020e+04	-9.18006613122135e-04,-3.47102266394860e-03
2.16477294706987e+04	-9.17323415989123e-04,-3.44381544056044e-03
2.17983013366464e+04	-9.16627072375327e-04,-3.41677979651125e-03
2.19499205127449e+04	-9.15917513546090e-04,-3.38991454440722e-03
2.21025942836123e+04	-9.15194669801589e-04,-3.36321850680969e-03
2.22563299845353e+04	-9.14458470498133e-04,-3.33669051619954e-03
2.24111350018216e+04	-9.13708844069908e-04,-3.31032941494202e-03
2.25670167731547e+04	-9.12945718051192e-04,-3.28413405525206e-03
2.27239827879512e+04	-9.12169019099038e-04,-3.25810329916002e-03
2.28820405877208e+04	-9.11378673016440e-04,-3.23223601847780e-03
2.30411977664286e+04	-9.10574604776008e-04,-3.20653109476544e-03
2.32014619708597e+04	-9.09756738544127e-04,-3.18098741929808e-03
2.33628409009871e+04	-9.08924997705650e-04,-3.15560389303330e-03
2.35253423103411e+04	-9.08079304889111e-04,-3.13037942657886e-03
2.36889740063821e+04	-9.07219581992465e-04,-3.10531294016078e-03
2.38537438508758e+04	-9.06345750209395e-04,-3.08040336359173e-03
2.40196597602707e+04	-9.05457730056149e-04,-3.05564963623979e-03
2.41867297060786e+04	-9.04555441398968e-04,-3.03105070699751e-03
2.43549617152576e+04	-9.03638803482070e-04,-3.00660553425125e-03
2.45243638705975e+04	-9.02707734956226e-04,-2.98231308585080e-03
2.46949443111087e+04	-9.01762153907935e-04,-2.95817233907926e-03
2.48667112324125e+04	-9.00801977889190e-04,-2.93418228062319e-03
2.50396728871355e+04	-8.99827123947861e-04,-2.91034190654292e-03
2.52138375853058e+04	-8.98837508658706e-04,-2.88665022224314e-03
2.53892136947524e+04	-8.97833048154993e-04,-2.86310624244362e-03
2.55658096415070e+04	-8.96813658160772e-04,-2.83970899115016e-03
2.57436339102090e+04	-8.95779254023785e-04,-2.81645750162561e-03
2.59226950445133e+04	-8.94729750749027e-04,-2.79335081636109e-03
2.61030016475005e+04	-8.93665063032967e-04,-2.77038798704727e-03
2.62845623820903e+04	-8.92585105298431e-04,-2.74756807454579e-03
2.64673859714579e+04	-8.91489791730162e-04,-2.72489014886067e-03
2.66514811994529e+04	-8.90379036311048e-04,-2.70235328910987e-03
2.68368569110214e+04	-8.89252752859043e-04,-2.67995658349676e-03
2.70235220126310e+04	-8.88110855064767e-04,-2.65769912928168e-03
2.72114854726987e+04	-8.86953256529805e-04,-2.63558003275343e-03
2.74007563220217e+04	-8.85779870805701e-04,-2.61359840920074e-03
2.75913436542115e+04	-8.84590611433655e-04,-2.59175338288363e-03
2.77832566261305e+04	-8.83385391984918e-04,-2.57004408700475e-03
2.79765044583322e+04	-8.82164126101905e-04,-2.54846966368053e-03
2.81710964355041e+04	-8.80926727540008e-04,-2.52702926391222e-03
2.83670419069139e+04	-8.79673110210124e-04,-2.50572204755674e-03
2.85643502868585e+04	-8.78403188221900e-04,-2.48454718329741e-03
2.87630310551164e+04	-8.77116875927685e-04,-2.46350384861435e-03
2.89630937574032e+04	-8.75814087967198e-04,-2.44259122975470e-03
2.91645480058303e+04	-8.74494739312909e-04,-2.42180852170256e-03
2.93674034793664e+04	-8.73158745316137e-04,-2.40115492814865e-03
2.95716699243030e+04	-8.71806021753846e-04,-2.38062966145956e-03
2.97773571547223e+04	-8.70436484876161e-04,-2.36023194264674e-03
2.99844750529688e+04	-8.69050051454578e-04,-2.33996100133509e-03
3.01930335701241e+04	-8.67646638830882e-04,-2.31981607573106e-03
3.04030427264853e+04	-8.66226164966754e-04,-2.29979641259039e-03
3.06145126120459e+04	-8.64788548494071e-04,-2.27990126718536e-03
3.08274533869811e+04	-8.63333708765889e-04,-2.26012990327154e-03
3.10418752821354e+04	-8.61861565908101e-04,-2.24048159305399e-03
3.12577885995147e+04	-8.60372040871764e-04,-2.22095561715293e-03
3.14752037127810e+04	-8.58865055486081e-04,-2.20155126456880e-03
3.16941310677506e+04	-8.57340532512041e-04,-2.18226783264674e-03
3.19145811828966e+04	-8.55798395696690e-04,-2.16310462704034e-03
3.21365646498535e+04	-8.54238569828029e-04,-2.14406096167483e-03
3.23600921339265e+04	-8.52660980790533e-04,-2.12513615870947e-03
3.25851743746041e+04	-8.51065555621262e-04,-2.10632954849920e-03
3.28118221860735e+04	-8.49452222566567e-04,-2.08764046955560e-03
3.30400464577409e+04	-8.47820911139359e-04,-2.06906826850695e-03
3.32698581547541e+04	-8.46171552176936e-04,-2.05061230005754e-03
3.35012683185294e+04	-8.44504077899349e-04,-2.03227192694606e-03
3.37342880672825e+04	-8.42818421968279e-04,-2.01404651990316e-03
3.39689285965622e+04	-8.41114519546422e-04,-1.99593545760801e-03
3.42052011797887e+04	-8.39392307357338e-04,-1.97793812664397e-03
3.44431171687949e+04	-8.37651723745773e-04,-1.96005392145326e-03
3.46826879943719e+04	-8.35892708738394e-04,-1.94228224429063e-03
3.49239251668183e+04	-8.34115204104952e-04,-1.92462250517593e-03
3.51668402764932e+04	-8.32319153419811e-04,-1.90707412184571e-03
3.54114449943730e+04	-8.30504502123846e-04,-1.88963651970364e-03
3.56577510726121e+04	-8.28671197586663e-04,-1.87230913176981e-03
3.59057703451077e+04	-8.26819189169124e-04,-1.85509139862895e-03
3.61555147280681e+04	-8.24948428286141e-04,-1.83798276837734e-03
3.64069962205857e+04	-8.23058868469709e-04,-1.82098269656864e-03
3.66602269052127e+04	-8.21150465432146e-04,-1.80409064615841e-03
3.69152189485426e+04	-8.19223177129511e-04,-1.78730608744734e-03
3.71719846017939e+04	-8.17276963825157e-04,-1.77062849802330e-03
3.74305362013993e+04	-8.15311788153389e-04,-1.75405736270196e-03
3.76908861695980e+04	-8.13327615183194e-04,-1.73759217346615e-03
3.79530470150327e+04	-8.11324412481989e-04,-1.72123242940383e-03
3.82170313333507e+04	-8.09302150179375e-04,-1.70497763664468e-03
3.84828518078091e+04	-8.07260801030823e-04,-1.68882730829530e-03
3.87505212098836e+04	-8.05200340481282e-04,-1.67278096437298e-03
3.90200523998829e+04	-8.03120746728646e-04,-1.65683813173802e-03
3.92914583275660e+04	-8.01022000787042e-04,-1.64099834402456e-03
3.95647520327649e+04	-7.98904086549902e-04,-1.62526114157005e-03
3.98399466460105e+04	-7.96766990852759e-04,-1.60962607134304e-03
4.01170553891638e+04	-7.94610703535731e-04,-1.59409268686966e-03
4.03960915760513e+04	-7.92435217505645e-04,-1.57866054815837e-03
4.06770686131043e+04	-7.90240528797739e-04,-1.56332922162339e-03
4.09600000000034e+04	-7.88026636636917e-04,-1.54809828000637e-03
4.12448993303266e+04	-7.85793543498479e-04,-1.53296730229671e-03
4.15317802922030e+04	-7.83541255168290e-04,-1.51793587365011e-03
4.18206566689701e+04	-7.81269780802339e-04,-1.50300358530573e-03
4.21115423398359e+04	-7.78979132985618e-04,-1.48817003450164e-03
4.24044512805463e+04	-7.76669327790286e-04,-1.47343482438877e-03
4.26993975640559e+04	-7.74340384833048e-04,-1.45879756394321e-03
4.29963953612044e+04	-7.71992327331702e-04,-1.44425786787703e-03
4.32954589413977e+04	-7.69625182160801e-04,-1.42981535654737e-03
4.35966026732932e+04	-7.67238979906356e-04,-1.41546965586410e-03
4.38998410254902e+04	-7.64833754919547e-04,-1.40122039719579e-03
4.41000000000000e+04	-7.63244899287612e-04,-1.39192093555856e-03
