Freq.	V(vout)
2.00000000000000e+01	9.99021461424405e-01,-3.12818900595725e-02
2.01391110011344e+01	9.99007815074546e-01,-3.14990429672896e-02
2.02791895958006e+01	9.98993978609009e-01,-3.17176972730418e-02
2.04202425141439e+01	9.98979949384554e-01,-3.19378632307761e-02
2.05622765331213e+01	9.98965724721339e-01,-3.21595511618030e-02
2.07052984768276e+01	9.98951301902424e-01,-3.23827714551820e-02
2.08493152168224e+01	9.98936678173256e-01,-3.26075345681091e-02
2.09943336724614e+01	9.98921850741156e-01,-3.28338510263040e-02
2.11403608112276e+01	9.98906816774794e-01,-3.30617314243990e-02
2.12874036490672e+01	9.98891573403662e-01,-3.32911864263287e-02
2.14354692507259e+01	9.98876117717533e-01,-3.35222267657204e-02
2.15845647300886e+01	9.98860446765919e-01,-3.37548632462853e-02
2.17346972505212e+01	9.98844557557516e-01,-3.39891067422103e-02
2.18858740252148e+01	9.98828447059650e-01,-3.42249681985514e-02
2.20381023175322e+01	9.98812112197706e-01,-3.44624586316263e-02
2.21913894413569e+01	9.98795549854553e-01,-3.47015891294095e-02
2.23457427614444e+01	9.98778756869965e-01,-3.49423708519263e-02
2.25011696937762e+01	9.98761730040031e-01,-3.51848150316486e-02
2.26576777059160e+01	9.98744466116553e-01,-3.54289329738906e-02
2.28152743173685e+01	9.98726961806445e-01,-3.56747360572056e-02
2.29739670999407e+01	9.98709213771116e-01,-3.59222357337826e-02
2.31337636781058e+01	9.98691218625850e-01,-3.61714435298437e-02
2.32946717293691e+01	9.98672972939173e-01,-3.64223710460418e-02
2.34566989846376e+01	9.98654473232217e-01,-3.66750299578591e-02
2.36198532285906e+01	9.98635715978068e-01,-3.69294320160048e-02
2.37841423000545e+01	9.98616697601117e-01,-3.71855890468141e-02
2.39495740923786e+01	9.98597414476388e-01,-3.74435129526470e-02
2.41161565538152e+01	9.98577862928868e-01,-3.77032157122869e-02
2.42838976879010e+01	9.98558039232824e-01,-3.79647093813402e-02
2.44528055538414e+01	9.98537939611112e-01,-3.82280060926347e-02
2.46228882668984e+01	9.98517560234472e-01,-3.84931180566191e-02
2.47941539987798e+01	9.98496897220824e-01,-3.87600575617616e-02
2.49666109780323e+01	9.98475946634541e-01,-3.90288369749491e-02
2.51402674904366e+01	9.98454704485726e-01,-3.92994687418852e-02
2.53151318794057e+01	9.98433166729471e-01,-3.95719653874892e-02
2.54912125463853e+01	9.98411329265107e-01,-3.98463395162936e-02
2.56685179512581e+01	9.98389187935445e-01,-4.01226038128420e-02
2.58470566127499e+01	9.98366738526011e-01,-4.04007710420860e-02
2.60268371088387e+01	9.98343976764261e-01,-4.06808540497820e-02
2.62078680771673e+01	9.98320898318800e-01,-4.09628657628872e-02
2.63901582154580e+01	9.98297498798572e-01,-4.12468191899549e-02
2.65737162819303e+01	9.98273773752062e-01,-4.15327274215291e-02
2.67585510957223e+01	9.98249718666464e-01,-4.18206036305381e-02
2.69446715373139e+01	9.98225328966855e-01,-4.21104610726876e-02
2.71320865489535e+01	9.98200600015353e-01,-4.24023130868525e-02
2.73208051350880e+01	9.98175527110261e-01,-4.26961730954678e-02
2.75108363627950e+01	9.98150105485204e-01,-4.29920546049180e-02
2.77021893622186e+01	9.98124330308249e-01,-4.32899712059255e-02
2.78948733270082e+01	9.98098196681025e-01,-4.35899365739383e-02
2.80888975147600e+01	9.98071699637813e-01,-4.38919644695147e-02
2.82842712474620e+01	9.98044834144645e-01,-4.41960687387085e-02
2.84810039119415e+01	9.98017595098375e-01,-4.45022633134506e-02
2.86791049603166e+01	9.97989977325746e-01,-4.48105622119304e-02
2.88785839104500e+01	9.97961975582441e-01,-4.51209795389749e-02
2.90794503464063e+01	9.97933584552126e-01,-4.54335294864253e-02
2.92817139189126e+01	9.97904798845476e-01,-4.57482263335127e-02
2.94853843458221e+01	9.97875612999191e-01,-4.60650844472309e-02
2.96904714125811e+01	9.97846021474998e-01,-4.63841182827067e-02
2.98969849726989e+01	9.97816018658640e-01,-4.67053423835691e-02
3.01049349482215e+01	9.97785598858854e-01,-4.70287713823147e-02
3.03143313302081e+01	9.97754756306333e-01,-4.73544200006712e-02
3.05251841792113e+01	9.97723485152675e-01,-4.76823030499582e-02
3.07375036257604e+01	9.97691779469321e-01,-4.80124354314447e-02
3.09512998708479e+01	9.97659633246476e-01,-4.83448321367044e-02
3.11665831864201e+01	9.97627040392016e-01,-4.86795082479673e-02
3.13833639158702e+01	9.97593994730388e-01,-4.90164789384680e-02
3.16016524745352e+01	9.97560490001484e-01,-4.93557594727915e-02
3.18214593501969e+01	9.97526519859509e-01,-4.96973652072145e-02
3.20427951035850e+01	9.97492077871835e-01,-5.00413115900437e-02
3.22656703688852e+01	9.97457157517832e-01,-5.03876141619497e-02
3.24900958542496e+01	9.97421752187696e-01,-5.07362885562982e-02
3.27160823423114e+01	9.97385855181251e-01,-5.10873504994754e-02
3.29436406907031e+01	9.97349459706741e-01,-5.14408158112105e-02
3.31727818325778e+01	9.97312558879609e-01,-5.17967004048933e-02
3.34035167771350e+01	9.97275145721254e-01,-5.21550202878874e-02
3.36358566101488e+01	9.97237213157778e-01,-5.25157915618381e-02
3.38698124945013e+01	9.97198754018712e-01,-5.28790304229762e-02
3.41053956707185e+01	9.97159761035731e-01,-5.32447531624164e-02
3.43426174575103e+01	9.97120226841351e-01,-5.36129761664502e-02
3.45814892523148e+01	9.97080143967607e-01,-5.39837159168334e-02
3.48220225318452e+01	9.97039504844715e-01,-5.43569889910687e-02
3.50642288526416e+01	9.96998301799722e-01,-5.47328120626813e-02
3.53081198516264e+01	9.96956527055132e-01,-5.51112019014894e-02
3.55537072466630e+01	9.96914172727521e-01,-5.54921753738680e-02
3.58010028371191e+01	9.96871230826130e-01,-5.58757494430066e-02
3.60500185044334e+01	9.96827693251441e-01,-5.62619411691600e-02
3.63007662126867e+01	9.96783551793740e-01,-5.66507677098924e-02
3.65532580091762e+01	9.96738798131655e-01,-5.70422463203146e-02
3.68075060249952e+01	9.96693423830680e-01,-5.74363943533133e-02
3.70635224756151e+01	9.96647420341682e-01,-5.78332292597738e-02
3.73213196614725e+01	9.96600778999385e-01,-5.82327685887940e-02
3.75809099685607e+01	9.96553491020838e-01,-5.86350299878914e-02
3.78423058690241e+01	9.96505547503866e-01,-5.90400312032008e-02
3.81055199217578e+01	9.96456939425495e-01,-5.94477900796647e-02
3.83705647730108e+01	9.96407657640366e-01,-5.98583245612140e-02
3.86374531569941e+01	9.96357692879127e-01,-6.02716526909398e-02
3.89061978964917e+01	9.96307035746798e-01,-6.06877926112570e-02
3.91768119034774e+01	9.96255676721128e-01,-6.11067625640570e-02
3.94493081797347e+01	9.96203606150924e-01,-6.15285808908515e-02
3.97236998174817e+01	9.96150814254359e-01,-6.19532660329058e-02
4.00000000000003e+01	9.96097291117267e-01,-6.23808365313620e-02
4.02782220022691e+01	9.96043026691406e-01,-6.28113110273514e-02
4.05583791916015e+01	9.95988010792714e-01,-6.32447082620959e-02
4.08404850282880e+01	9.95932233099531e-01,-6.36810470769985e-02
4.11245530662430e+01	9.95875683150802e-01,-6.41203464137214e-02
4.14105969536554e+01	9.95818350344273e-01,-6.45626253142535e-02
4.16986304336452e+01	9.95760223934639e-01,-6.50079029209643e-02
4.19886673449230e+01	9.95701293031696e-01,-6.54561984766462e-02
4.22807216224556e+01	9.95641546598452e-01,-6.59075313245436e-02
4.25748072981347e+01	9.95580973449228e-01,-6.63619209083686e-02
4.28709385014521e+01	9.95519562247729e-01,-6.68193867723036e-02
4.31691294601774e+01	9.95457301505094e-01,-6.72799485609895e-02
4.34693945010427e+01	9.95394179577925e-01,-6.77436260194996e-02
4.37717480504299e+01	9.95330184666292e-01,-6.82104389932993e-02
4.40762046350648e+01	9.95265304811712e-01,-6.86804074281901e-02
4.43827788827142e+01	9.95199527895107e-01,-6.91535513702386e-02
4.46914855228892e+01	9.95132841634741e-01,-6.96298909656894e-02
4.50023393875528e+01	9.95065233584123e-01,-7.01094464608619e-02
4.53153554118323e+01	9.94996691129898e-01,-7.05922382020305e-02
4.56305486347374e+01	9.94927201489704e-01,-7.10782866352872e-02
4.59479341998818e+01	9.94856751710010e-01,-7.15676123063874e-02
4.62675273562119e+01	9.94785328663927e-01,-7.20602358605773e-02
4.65893434587387e+01	9.94712919048996e-01,-7.25561780424028e-02
4.69133979692756e+01	9.94639509384946e-01,-7.30554596955001e-02
4.72397064571817e+01	9.94565086011430e-01,-7.35581017623663e-02
4.75682846001093e+01	9.94489635085736e-01,-7.40641252841101e-02
4.78991481847576e+01	9.94413142580472e-01,-7.45735514001838e-02
4.82323131076309e+01	9.94335594281221e-01,-7.50864013480921e-02
4.85677953758023e+01	9.94256975784176e-01,-7.56026964630812e-02
4.89056111076832e+01	9.94177272493742e-01,-7.61224581778063e-02
4.92457765337971e+01	9.94096469620118e-01,-7.66457080219756e-02
4.95883079975600e+01	9.94014552176845e-01,-7.71724676219723e-02
4.99332219560650e+01	9.93931504978335e-01,-7.77027587004530e-02
5.02805349808736e+01	9.93847312637366e-01,-7.82366030759225e-02
5.06302637588117e+01	9.93761959562552e-01,-7.87740226622833e-02
5.09824250927710e+01	9.93675429955786e-01,-7.93150394683606e-02
5.13370359025167e+01	9.93587707809658e-01,-7.98596755974020e-02
5.16941132255002e+01	9.93498776904838e-01,-8.04079532465500e-02
5.20536742176779e+01	9.93408620807435e-01,-8.09598947062886e-02
5.24157361543351e+01	9.93317222866332e-01,-8.15155223598614e-02
5.27803164309163e+01	9.93224566210484e-01,-8.20748586826631e-02
5.31474325638610e+01	9.93130633746193e-01,-8.26379262416002e-02
5.35171021914451e+01	9.93035408154354e-01,-8.32047476944247e-02
5.38893430746282e+01	9.92938871887671e-01,-8.37753457890357e-02
5.42641730979075e+01	9.92841007167843e-01,-8.43497433627513e-02
5.46416102701764e+01	9.92741795982722e-01,-8.49279633415490e-02
5.50216727255904e+01	9.92641220083442e-01,-8.55100287392741e-02
5.54043787244376e+01	9.92539260981521e-01,-8.60959626568144e-02
5.57897466540169e+01	9.92435899945926e-01,-8.66857882812427e-02
5.61777950295205e+01	9.92331118000114e-01,-8.72795288849239e-02
5.65685424949245e+01	9.92224895919045e-01,-8.78772078245879e-02
5.69620078238835e+01	9.92117214226160e-01,-8.84788485403659e-02
5.73582099206338e+01	9.92008053190329e-01,-8.90844745547906e-02
5.77571678209005e+01	9.91897392822778e-01,-8.96941094717594e-02
5.81589006928131e+01	9.91785212873971e-01,-9.03077769754585e-02
5.85634278378257e+01	9.91671492830474e-01,-9.09255008292485e-02
5.89707686916448e+01	9.91556211911781e-01,-9.15473048745107e-02
5.93809428251627e+01	9.91439349067117e-01,-9.21732130294516e-02
5.97939699453983e+01	9.91320882972202e-01,-9.28032492878671e-02
6.02098698964434e+01	9.91200792025993e-01,-9.34374377178630e-02
6.06286626604167e+01	9.91079054347384e-01,-9.40758024605338e-02
6.10503683584231e+01	9.90955647771888e-01,-9.47183677285953e-02
6.14750072515213e+01	9.90830549848284e-01,-9.53651578049743e-02
6.19025997416964e+01	9.90703737835226e-01,-9.60161970413506e-02
6.23331663728408e+01	9.90575188697829e-01,-9.66715098566522e-02
6.27667278317409e+01	9.90444879104226e-01,-9.73311207355036e-02
6.32033049490710e+01	9.90312785422089e-01,-9.79950542266240e-02
6.36429187003943e+01	9.90178883715120e-01,-9.86633349411762e-02
6.40855902071706e+01	9.90043149739510e-01,-9.93359875510638e-02
6.45313407377709e+01	9.89905558940377e-01,-1.00013036787178e-01
6.49801917084997e+01	9.89766086448160e-01,-1.00694507437588e-01
6.54321646846233e+01	9.89624707074993e-01,-1.01380424345684e-01
6.58872813814067e+01	9.89481395311041e-01,-1.02070812408256e-01
6.63455636651562e+01	9.89336125320814e-01,-1.02765696573522e-01
6.68070335542704e+01	9.89188870939440e-01,-1.03465101839100e-01
6.72717132202981e+01	9.89039605668920e-01,-1.04169053249918e-01
6.77396249890031e+01	9.88888302674343e-01,-1.04877575896065e-01
6.82107913414375e+01	9.88734934780080e-01,-1.05590694910582e-01
6.86852349150212e+01	9.88579474465939e-01,-1.06308435467192e-01
6.91629785046302e+01	9.88421893863299e-01,-1.07030822777962e-01
6.96440450636909e+01	9.88262164751213e-01,-1.07757882090911e-01
7.01284577052838e+01	9.88100258552474e-01,-1.08489638687537e-01
7.06162397032534e+01	9.87936146329667e-01,-1.09226117880294e-01
7.11074144933266e+01	9.87769798781181e-01,-1.09967345009985e-01
7.16020056742388e+01	9.87601186237196e-01,-1.10713345443099e-01
7.21000370088674e+01	9.87430278655644e-01,-1.11464144569067e-01
7.26015324253739e+01	9.87257045618140e-01,-1.12219767797454e-01
7.31065160183531e+01	9.87081456325888e-01,-1.12980240555070e-01
7.36150120499911e+01	9.86903479595562e-01,-1.13745588283012e-01
7.41270449512307e+01	9.86723083855153e-01,-1.14515836433627e-01
7.46426393229457e+01	9.86540237139801e-01,-1.15291010467402e-01
7.51618199371220e+01	9.86354907087588e-01,-1.16071135849764e-01
7.56846117380488e+01	9.86167060935323e-01,-1.16856238047815e-01
7.62110398435161e+01	9.85976665514288e-01,-1.17646342526970e-01
7.67411295460223e+01	9.85783687245962e-01,-1.18441474747525e-01
7.72749063139888e+01	9.85588092137733e-01,-1.19241660161130e-01
7.78123957929840e+01	9.85389845778572e-01,-1.20046924207181e-01
7.83536238069553e+01	9.85188913334695e-01,-1.20857292309123e-01
7.88986163594699e+01	9.84985259545199e-01,-1.21672789870664e-01
7.94473996349641e+01	9.84778848717677e-01,-1.22493442271897e-01
8.00000000000012e+01	9.84569644723816e-01,-1.23319274865330e-01
8.05564440045387e+01	9.84357610994970e-01,-1.24150312971823e-01
8.11167583832036e+01	9.84142710517721e-01,-1.24986581876428e-01
8.16809700565767e+01	9.83924905829416e-01,-1.25828106824134e-01
8.22491061324866e+01	9.83704159013689e-01,-1.26674913015506e-01
8.28211939073115e+01	9.83480431695967e-01,-1.27527025602236e-01
8.33972608672910e+01	9.83253685038964e-01,-1.28384469682578e-01
8.39773346898467e+01	9.83023879738150e-01,-1.29247270296687e-01
8.45614432449118e+01	9.82790976017222e-01,-1.30115452421854e-01
8.51496145962701e+01	9.82554933623546e-01,-1.30989040967626e-01
8.57418770029048e+01	9.82315711823601e-01,-1.31868060770824e-01
8.63382589203556e+01	9.82073269398406e-01,-1.32752536590444e-01
8.69387890020860e+01	9.81827564638938e-01,-1.33642493102453e-01
8.75434961008606e+01	9.81578555341545e-01,-1.34537954894461e-01
8.81524092701303e+01	9.81326198803350e-01,-1.35438946460285e-01
8.87655577654290e+01	9.81070451817648e-01,-1.36345492194391e-01
8.93829710457790e+01	9.80811270669304e-01,-1.37257616386218e-01
9.00046787751062e+01	9.80548611130143e-01,-1.38175343214374e-01
9.06307108236654e+01	9.80282428454341e-01,-1.39098696740720e-01
9.12610972694754e+01	9.80012677373819e-01,-1.40027700904316e-01
9.18958683997643e+01	9.79739312093629e-01,-1.40962379515252e-01
9.25350547124245e+01	9.79462286287355e-01,-1.41902756248335e-01
9.31786869174780e+01	9.79181553092512e-01,-1.42848854636661e-01
9.38267959385519e+01	9.78897065105955e-01,-1.43800698065040e-01
9.44794129143640e+01	9.78608774379289e-01,-1.44758309763297e-01
9.51365692002193e+01	9.78316632414303e-01,-1.45721712799427e-01
9.57982963695159e+01	9.78020590158398e-01,-1.46690930072619e-01
9.64646262152625e+01	9.77720598000046e-01,-1.47665984306132e-01
9.71355907516054e+01	9.77416605764253e-01,-1.48646898040035e-01
9.78112222153672e+01	9.77108562708045e-01,-1.49633693623798e-01
9.84915530675950e+01	9.76796417515973e-01,-1.50626393208735e-01
9.91766159951206e+01	9.76480118295641e-01,-1.51625018740307e-01
9.98664439121307e+01	9.76159612573257e-01,-1.52629591950263e-01
1.00561069961748e+02	9.75834847289210e-01,-1.53640134348635e-01
1.01260527517624e+02	9.75505768793681e-01,-1.54656667215582e-01
1.01964850185543e+02	9.75172322842277e-01,-1.55679211593065e-01
1.02674071805034e+02	9.74834454591709e-01,-1.56707788276380e-01
1.03388226451001e+02	9.74492108595497e-01,-1.57742417805517e-01
1.04107348435357e+02	9.74145228799723e-01,-1.58783120456366e-01
1.04831472308671e+02	9.73793758538820e-01,-1.59829916231750e-01
1.05560632861833e+02	9.73437640531408e-01,-1.60882824852302e-01
1.06294865127723e+02	9.73076816876179e-01,-1.61941865747167e-01
1.07034204382891e+02	9.72711229047828e-01,-1.63007058044536e-01
1.07778686149257e+02	9.72340817893046e-01,-1.64078420562005e-01
1.08528346195816e+02	9.71965523626563e-01,-1.65155971796768e-01
1.09283220540354e+02	9.71585285827255e-01,-1.66239729915629e-01
1.10043345451182e+02	9.71200043434309e-01,-1.67329712744833e-01
1.10808757448876e+02	9.70809734743464e-01,-1.68425937759728e-01
1.11579493308035e+02	9.70414297403315e-01,-1.69528422074234e-01
1.12355590059042e+02	9.70013668411696e-01,-1.70637182430140e-01
1.13137084989850e+02	9.69607784112132e-01,-1.71752235186209e-01
1.13924015647768e+02	9.69196580190387e-01,-1.72873596307099e-01
1.14716419841268e+02	9.68779991671084e-01,-1.74001281352096e-01
1.15514335641802e+02	9.68357952914419e-01,-1.75135305463660e-01
1.16317801385627e+02	9.67930397612972e-01,-1.76275683355772e-01
1.17126855675652e+02	9.67497258788608e-01,-1.77422429302099e-01
1.17941537383290e+02	9.67058468789490e-01,-1.78575557123954e-01
1.18761885650326e+02	9.66613959287184e-01,-1.79735080178066e-01
1.19587939890797e+02	9.66163661273890e-01,-1.80901011344153e-01
1.20419739792888e+02	9.65707505059777e-01,-1.82073363012290e-01
1.21257325320834e+02	9.65245420270443e-01,-1.83252147070088e-01
1.22100736716847e+02	9.64777335844496e-01,-1.84437374889658e-01
1.22950014503043e+02	9.64303180031270e-01,-1.85629057314382e-01
1.23805199483394e+02	9.63822880388668e-01,-1.86827204645476e-01
1.24666332745682e+02	9.63336363781154e-01,-1.88031826628349e-01
1.25533455663483e+02	9.62843556377877e-01,-1.89242932438756e-01
1.26406609898143e+02	9.62344383650959e-01,-1.90460530668742e-01
1.27285837400790e+02	9.61838770373929e-01,-1.91684629312382e-01
1.28171180414342e+02	9.61326640620318e-01,-1.92915235751307e-01
1.29062681475543e+02	9.60807917762428e-01,-1.94152356740021e-01
1.29960383417000e+02	9.60282524470266e-01,-1.95395998391016e-01
1.30864329369248e+02	9.59750382710659e-01,-1.96646166159664e-01
1.31774562762814e+02	9.59211413746554e-01,-1.97902864828902e-01
1.32691127330313e+02	9.58665538136508e-01,-1.99166098493712e-01
1.33614067108542e+02	9.58112675734371e-01,-2.00435870545378e-01
1.34543426440597e+02	9.57552745689178e-01,-2.01712183655540e-01
1.35479249978007e+02	9.56985666445246e-01,-2.02995039760026e-01
1.36421582682876e+02	9.56411355742489e-01,-2.04284440042482e-01
1.37370469830043e+02	9.55829730616955e-01,-2.05580384917786e-01
1.38325957009261e+02	9.55240707401587e-01,-2.06882874015242e-01
1.39288090127383e+02	9.54644201727234e-01,-2.08191906161577e-01
1.40256915410569e+02	9.54040128523889e-01,-2.09507479363717e-01
1.41232479406508e+02	9.53428402022191e-01,-2.10829590791354e-01
1.42214828986654e+02	9.52808935755172e-01,-2.12158236759307e-01
1.43204011348479e+02	9.52181642560281e-01,-2.13493412709670e-01
1.44200074017736e+02	9.51546434581675e-01,-2.14835113193760e-01
1.45203064850749e+02	9.50903223272787e-01,-2.16183331853850e-01
1.46213032036707e+02	9.50251919399189e-01,-2.17538061404700e-01
1.47230024099983e+02	9.49592433041742e-01,-2.18899293614892e-01
1.48254089902463e+02	9.48924673600058e-01,-2.20267019287955e-01
1.49285278645892e+02	9.48248549796271e-01,-2.21641228243293e-01
1.50323639874245e+02	9.47563969679121e-01,-2.23021909296920e-01
1.51369223476099e+02	9.46870840628374e-01,-2.24409050241997e-01
1.52422079687033e+02	9.46169069359578e-01,-2.25802637829176e-01
1.53482259092046e+02	9.45458561929157e-01,-2.27202657746755e-01
1.54549812627979e+02	9.44739223739863e-01,-2.28609094600652e-01
1.55624791585969e+02	9.44010959546590e-01,-2.30021931894189e-01
1.56707247613912e+02	9.43273673462556e-01,-2.31441152007696e-01
1.57797232718941e+02	9.42527268965867e-01,-2.32866736177947e-01
1.58894799269929e+02	9.41771648906466e-01,-2.34298664477416e-01
1.60000000000004e+02	9.41006715513479e-01,-2.35736915793369e-01
1.61112888009079e+02	9.40232370402972e-01,-2.37181467806787e-01
1.62233516766408e+02	9.39448514586116e-01,-2.38632296971139e-01
1.63361940113155e+02	9.38655048477781e-01,-2.40089378490992e-01
1.64498212264974e+02	9.37851871905562e-01,-2.41552686300480e-01
1.65642387814624e+02	9.37038884119249e-01,-2.43022193041620e-01
1.66794521734583e+02	9.36215983800745e-01,-2.44497870042503e-01
1.67954669379695e+02	9.35383069074450e-01,-2.45979687295338e-01
1.69122886489825e+02	9.34540037518113e-01,-2.47467613434385e-01
1.70299229192542e+02	9.33686786174166e-01,-2.48961615713761e-01
1.71483754005811e+02	9.32823211561545e-01,-2.50461659985137e-01
1.72676517840712e+02	9.31949209688014e-01,-2.51967710675328e-01
1.73877578004173e+02	9.31064676062993e-01,-2.53479730763790e-01
1.75086992201722e+02	9.30169505710907e-01,-2.54997681760026e-01
1.76304818540262e+02	9.29263593185065e-01,-2.56521523680908e-01
1.77531115530859e+02	9.28346832582069e-01,-2.58051215027937e-01
1.78765942091559e+02	9.27419117556775e-01,-2.59586712764426e-01
1.80009357550214e+02	9.26480341337812e-01,-2.61127972292638e-01
1.81261421647332e+02	9.25530396743659e-01,-2.62674947430883e-01
1.82522194538952e+02	9.24569176199300e-01,-2.64227590390567e-01
1.83791736799530e+02	9.23596571753471e-01,-2.65785851753234e-01
1.85070109424850e+02	9.22612475096484e-01,-2.67349680447583e-01
1.86357373834957e+02	9.21616777578668e-01,-2.68919023726489e-01
1.87653591877105e+02	9.20609370229416e-01,-2.70493827144031e-01
1.88958825828729e+02	9.19590143776851e-01,-2.72074034532543e-01
1.90273138400440e+02	9.18558988668123e-01,-2.73659587979702e-01
1.91596592739033e+02	9.17515795090344e-01,-2.75250427805657e-01
1.92929252430526e+02	9.16460452992169e-01,-2.76846492540224e-01
1.94271181503212e+02	9.15392852106035e-01,-2.78447718900149e-01
1.95622444430736e+02	9.14312881971056e-01,-2.80054041766464e-01
1.96983106135191e+02	9.13220431956602e-01,-2.81665394161944e-01
1.98353231990243e+02	9.12115391286540e-01,-2.83281707228681e-01
1.99732887824263e+02	9.10997649064182e-01,-2.84902910205786e-01
2.01122139923497e+02	9.09867094297908e-01,-2.86528930407246e-01
2.02521055035250e+02	9.08723615927507e-01,-2.88159693199945e-01
2.03929700371087e+02	9.07567102851218e-01,-2.89795121981858e-01
2.05348143610070e+02	9.06397443953487e-01,-2.91435138160454e-01
2.06776452902004e+02	9.05214528133451e-01,-2.93079661131308e-01
2.08214696870715e+02	9.04018244334144e-01,-2.94728608256946e-01
2.09662944617343e+02	9.02808481572440e-01,-2.96381894845947e-01
2.11121265723668e+02	9.01585128969737e-01,-2.98039434132313e-01
2.12589730255447e+02	9.00348075783382e-01,-2.99701137255127e-01
2.14068408765783e+02	8.99097211438851e-01,-3.01366913238526e-01
2.15557372298516e+02	8.97832425562673e-01,-3.03036668971998e-01
2.17056692391633e+02	8.96553608016122e-01,-3.04710309191035e-01
2.18566441080709e+02	8.95260648929668e-01,-3.06387736458158e-01
2.20086690902365e+02	8.93953438738184e-01,-3.08068851144327e-01
2.21617514897754e+02	8.92631868216933e-01,-3.09753551410777e-01
2.23158986616071e+02	8.91295828518312e-01,-3.11441733191284e-01
2.24711180118085e+02	8.89945211209378e-01,-3.13133290174893e-01
2.26274169979701e+02	8.88579908310135e-01,-3.14828113789132e-01
2.27848031295537e+02	8.87199812332598e-01,-3.16526093183730e-01
2.29432839682538e+02	8.85804816320635e-01,-3.18227115214863e-01
2.31028671283605e+02	8.84394813890570e-01,-3.19931064429963e-01
2.32635602771256e+02	8.82969699272562e-01,-3.21637823053101e-01
2.34253711351306e+02	8.81529367352754e-01,-3.23347270970974e-01
2.35883074766582e+02	8.80073713716184e-01,-3.25059285719528e-01
2.37523771300654e+02	8.78602634690463e-01,-3.26773742471230e-01
2.39175879781596e+02	8.77116027390204e-01,-3.28490514023028e-01
2.40839479585777e+02	8.75613789762217e-01,-3.30209470785015e-01
2.42514650641670e+02	8.74095820631441e-01,-3.31930480769831e-01
2.44201473433696e+02	8.72562019747622e-01,-3.33653409582829e-01
2.45900029006089e+02	8.71012287832735e-01,-3.35378120413024e-01
2.47610398966789e+02	8.69446526629118e-01,-3.37104474024864e-01
2.49332665491367e+02	8.67864638948340e-01,-3.38832328750844e-01
2.51066911326967e+02	8.66266528720765e-01,-3.40561540484995e-01
2.52813219796288e+02	8.64652101045831e-01,-3.42291962677269e-01
2.54571674801581e+02	8.63021262243000e-01,-3.44023446328853e-01
2.56342360828686e+02	8.61373919903396e-01,-3.45755839988448e-01
2.58125362951087e+02	8.59709982942100e-01,-3.47488989749524e-01
2.59920766834002e+02	8.58029361651096e-01,-3.49222739248594e-01
2.61728658738497e+02	8.56331967752851e-01,-3.50956929664532e-01
2.63549125525631e+02	8.54617714454507e-01,-3.52691399718959e-01
2.65382254660629e+02	8.52886516502680e-01,-3.54425985677731e-01
2.67228134217086e+02	8.51138290238841e-01,-3.56160521353558e-01
2.69086852881196e+02	8.49372953655253e-01,-3.57894838109778e-01
2.70958499956016e+02	8.47590426451462e-01,-3.59628764865316e-01
2.72843165365754e+02	8.45790630091300e-01,-3.61362128100862e-01
2.74740939660089e+02	8.43973487860393e-01,-3.63094751866287e-01
2.76651914018525e+02	8.42138924924145e-01,-3.64826457789330e-01
2.78576180254768e+02	8.40286868386168e-01,-3.66557065085587e-01
2.80513830821139e+02	8.38417247347148e-01,-3.68286390569819e-01
2.82464958813018e+02	8.36529992964096e-01,-3.70014248668624e-01
2.84429657973310e+02	8.34625038509985e-01,-3.71740451434473e-01
2.86408022696959e+02	8.32702319433718e-01,-3.73464808561168e-01
2.88400148035474e+02	8.30761773420410e-01,-3.75187127400723e-01
2.90406129701500e+02	8.28803340451957e-01,-3.76907212981701e-01
2.92426064073417e+02	8.26826962867840e-01,-3.78624868029043e-01
2.94460048199969e+02	8.24832585426155e-01,-3.80339892985393e-01
2.96508179804927e+02	8.22820155364815e-01,-3.82052086033961e-01
2.98570557291787e+02	8.20789622462896e-01,-3.83761243122934e-01
3.00647279748492e+02	8.18740939102090e-01,-3.85467157991472e-01
3.02738446952199e+02	8.16674060328225e-01,-3.87169622197288e-01
3.04844159374069e+02	8.14588943912812e-01,-3.88868425145862e-01
3.06964518184094e+02	8.12485550414579e-01,-3.90563354121278e-01
3.09099625255960e+02	8.10363843240947e-01,-3.92254194318732e-01
3.11249583171940e+02	8.08223788709420e-01,-3.93940728878704e-01
3.13414495227826e+02	8.06065356108816e-01,-3.95622738922830e-01
3.15594465437884e+02	8.03888517760325e-01,-3.97300003591480e-01
3.17789598539861e+02	8.01693249078329e-01,-3.98972300083058e-01
3.20000000000009e+02	7.99479528630939e-01,-4.00639403695036e-01
3.22225776018160e+02	7.97247338200211e-01,-4.02301087866748e-01
3.24467033532819e+02	7.94996662841976e-01,-4.03957124223929e-01
3.26723880226312e+02	7.92727490945251e-01,-4.05607282625040e-01
3.28996424529951e+02	7.90439814291161e-01,-4.07251331209355e-01
3.31284775629251e+02	7.88133628111341e-01,-4.08889036446850e-01
3.33589043469169e+02	7.85808931145748e-01,-4.10520163189872e-01
3.35909338759392e+02	7.83465725699834e-01,-4.12144474726606e-01
3.38245772979652e+02	7.81104017701034e-01,-4.13761732836343e-01
3.40598458385085e+02	7.78723816754503e-01,-4.15371697846540e-01
3.42967508011624e+02	7.76325136198049e-01,-4.16974128691687e-01
3.45353035681427e+02	7.73907993156211e-01,-4.18568782973957e-01
3.47755156008349e+02	7.71472408593416e-01,-4.20155417025656e-01
3.50173984403447e+02	7.69018407366164e-01,-4.21733785973457e-01
3.52609637080526e+02	7.66546018274185e-01,-4.23303643804403e-01
3.55062231061721e+02	7.64055274110497e-01,-4.24864743433683e-01
3.57531884183121e+02	7.61546211710319e-01,-4.26416836774164e-01
3.60018715100430e+02	7.59018871998781e-01,-4.27959674807658e-01
3.62522843294667e+02	7.56473300037350e-01,-4.29493007657918e-01
3.65044389077907e+02	7.53909545068947e-01,-4.31016584665341e-01
3.67583473599063e+02	7.51327660561662e-01,-4.32530154463356e-01
3.70140218849704e+02	7.48727704251029e-01,-4.34033465056482e-01
3.72714747669917e+02	7.46109738180791e-01,-4.35526263900022e-01
3.75307183754213e+02	7.43473828742100e-01,-4.37008297981374e-01
3.77917651657462e+02	7.40820046711089e-01,-4.38479313902931e-01
3.80546276800883e+02	7.38148467284763e-01,-4.39939057966532e-01
3.83193185478069e+02	7.35459170115139e-01,-4.41387276259438e-01
3.85858504861056e+02	7.32752239341592e-01,-4.42823714741796e-01
3.88542363006427e+02	7.30027763621336e-01,-4.44248119335555e-01
3.91244888861474e+02	7.27285836157987e-01,-4.45660236014789e-01
3.93966212270386e+02	7.24526554728162e-01,-4.47059810897396e-01
3.96706463980488e+02	7.21750021706032e-01,-4.48446590338110e-01
3.99465775648529e+02	7.18956344085809e-01,-4.49820321022807e-01
4.02244279846998e+02	7.16145633502084e-01,-4.51180750064030e-01
4.05042110070503e+02	7.13318006247981e-01,-4.52527625097700e-01
4.07859400742177e+02	7.10473583291063e-01,-4.53860694380950e-01
4.10696287220143e+02	7.07612490286952e-01,-4.55179706891034e-01
4.13552905804011e+02	7.04734857590607e-01,-4.56484412425248e-01
4.16429393741432e+02	7.01840820265207e-01,-4.57774561701810e-01
4.19325889234690e+02	6.98930518088612e-01,-4.59049906461631e-01
4.22242531447340e+02	6.96004095557333e-01,-4.60310199570914e-01
4.25179460510898e+02	6.93061701887986e-01,-4.61555195124529e-01
4.28136817531570e+02	6.90103491016187e-01,-4.62784648550070e-01
4.31114744597035e+02	6.87129621592839e-01,-4.63998316712554e-01
4.34113384783269e+02	6.84140256977786e-01,-4.65195958019671e-01
4.37132882161421e+02	6.81135565230794e-01,-4.66377332527517e-01
4.40173381804733e+02	6.78115719099824e-01,-4.67542202046738e-01
4.43235029795511e+02	6.75080896006570e-01,-4.68690330249010e-01
4.46317973232145e+02	6.72031278029235e-01,-4.69821482773769e-01
4.49422360236174e+02	6.68967051882516e-01,-4.70935427335119e-01
4.52548339959406e+02	6.65888408894775e-01,-4.72031933828832e-01
4.55696062591078e+02	6.62795544982377e-01,-4.73110774439367e-01
4.58865679365080e+02	6.59688660621178e-01,-4.74171723746802e-01
4.62057342567214e+02	6.56567960815147e-01,-4.75214558833631e-01
4.65271205542515e+02	6.53433655062104e-01,-4.76239059391296e-01
4.68507422702616e+02	6.50285957316573e-01,-4.77245007826407e-01
4.71766149533168e+02	6.47125085949741e-01,-4.78232189366533e-01
4.75047542601312e+02	6.43951263706511e-01,-4.79200392165493e-01
4.78351759563197e+02	6.40764717659661e-01,-4.80149407408048e-01
4.81678959171558e+02	6.37565679161102e-01,-4.81079029413912e-01
4.85029301283344e+02	6.34354383790245e-01,-4.81989055740978e-01
4.88402946867396e+02	6.31131071299477e-01,-4.82879287287690e-01
4.91800058012181e+02	6.27895985556778e-01,-4.83749528394445e-01
4.95220797933582e+02	6.24649374485465e-01,-4.84599586943953e-01
4.98665330982737e+02	6.21391490001107e-01,-4.85429274460456e-01
5.02133822653938e+02	6.18122587945614e-01,-4.86238406207715e-01
5.05626439592579e+02	6.14842928018538e-01,-4.87026801285675e-01
5.09143349603166e+02	6.11552773705604e-01,-4.87794282725720e-01
5.12684721657376e+02	6.08252392204507e-01,-4.88540677584422e-01
5.16250725902179e+02	6.04942054348009e-01,-4.89265817035709e-01
5.19841533668009e+02	6.01622034524371e-01,-4.89969536461337e-01
5.23457317476998e+02	5.98292610595163e-01,-4.90651675539615e-01
5.27098251051265e+02	5.94954063810495e-01,-4.91312078332258e-01
5.30764509321261e+02	5.91606678721720e-01,-4.91950593369320e-01
5.34456268434175e+02	5.88250743091650e-01,-4.92567073732087e-01
5.38173705762396e+02	5.84886547802350e-01,-4.93161377133879e-01
5.41916999912037e+02	5.81514386760560e-01,-4.93733365998661e-01
5.45686330731512e+02	5.78134556800803e-01,-4.94282907537387e-01
5.49481879320182e+02	5.74747357586245e-01,-4.94809873822007e-01
5.53303828037053e+02	5.71353091507374e-01,-4.95314141857051e-01
5.57152360509539e+02	5.67952063578563e-01,-4.95795593648727e-01
5.61027661642283e+02	5.64544581332587e-01,-4.96254116271452e-01
5.64929917626039e+02	5.61130954713172e-01,-4.96689601931755e-01
5.68859315946625e+02	5.57711495965651e-01,-4.97101948029480e-01
5.72816045393923e+02	5.54286519525801e-01,-4.97491057216229e-01
5.76800296070952e+02	5.50856341906951e-01,-4.97856837450981e-01
5.80812259403004e+02	5.47421281585439e-01,-4.98199202052828e-01
5.84852128146837e+02	5.43981658884503e-01,-4.98518069750777e-01
5.88920096399941e+02	5.40537795856697e-01,-4.98813364730556e-01
5.93016359609859e+02	5.37090016164925e-01,-4.99085016678385e-01
5.97141114583579e+02	5.33638644962173e-01,-4.99332960821656e-01
6.01294559496990e+02	5.30184008770053e-01,-4.99557137966483e-01
6.05476893904404e+02	5.26726435356224e-01,-4.99757494532082e-01
6.09688318748142e+02	5.23266253610828e-01,-4.99933982581943e-01
6.13929036368192e+02	5.19803793421995e-01,-5.00086559851757e-01
6.18199250511924e+02	5.16339385550552e-01,-5.00215189774073e-01
6.22499166343886e+02	5.12873361504018e-01,-5.00319841499656e-01
6.26828990455656e+02	5.09406053409986e-01,-5.00400489915525e-01
6.31188930875773e+02	5.05937793889014e-01,-5.00457115659644e-01
6.35579197079727e+02	5.02468915927097e-01,-5.00489705132260e-01
6.40000000000024e+02	4.98999752747852e-01,-5.00498250503870e-01
6.44451552036324e+02	4.95530637684506e-01,-5.00482749719806e-01
6.48934067065643e+02	4.92061904051795e-01,-5.00443206501441e-01
6.53447760452628e+02	4.88593885017875e-01,-5.00379630344010e-01
6.57992849059907e+02	4.85126913476358e-01,-5.00292036511041e-01
6.62569551258507e+02	4.81661321918568e-01,-5.00180446025419e-01
6.67178086938343e+02	4.78197442306127e-01,-5.00044885657077e-01
6.71818677518788e+02	4.74735605943969e-01,-4.99885387907335e-01
6.76491545959309e+02	4.71276143353898e-01,-4.99701990989905e-01
6.81196916770176e+02	4.67819384148773e-01,-4.99494738808576e-01
6.85935016023254e+02	4.64365656907436e-01,-4.99263680931612e-01
6.90706071362860e+02	4.60915289050483e-01,-4.99008872562879e-01
6.95510312016704e+02	4.57468606716961e-01,-4.98730374509752e-01
7.00347968806900e+02	4.54025934642117e-01,-4.98428253147809e-01
7.05219274161058e+02	4.50587596036268e-01,-4.98102580382376e-01
7.10124462123448e+02	4.47153912464899e-01,-4.97753433606951e-01
7.15063768366248e+02	4.43725203730091e-01,-4.97380895658548e-01
7.20037430200866e+02	4.40301787753349e-01,-4.96985054770026e-01
7.25045686589339e+02	4.36883980459937e-01,-4.96566004519430e-01
7.30088778155819e+02	4.33472095664807e-01,-4.96123843776418e-01
7.35166947198131e+02	4.30066444960192e-01,-4.95658676645822e-01
7.40280437699413e+02	4.26667337604963e-01,-4.95170612408402e-01
7.45429495339841e+02	4.23275080415825e-01,-4.94659765458854e-01
7.50614367508432e+02	4.19889977660422e-01,-4.94126255241144e-01
7.55835303314929e+02	4.16512330952439e-01,-4.93570206181228e-01
7.61092553601771e+02	4.13142439148773e-01,-4.92991747617227e-01
7.66386370956144e+02	4.09780598248826e-01,-4.92391013727140e-01
7.71717009722117e+02	4.06427101296014e-01,-4.91768143454152e-01
7.77084726012860e+02	4.03082238281538e-01,-4.91123280429624e-01
7.82489777722954e+02	3.99746296050478e-01,-4.90456572893849e-01
7.87932424540777e+02	3.96419558210286e-01,-4.89768173614633e-01
7.93412927960983e+02	3.93102305041714e-01,-4.89058239803803e-01
7.98931551297063e+02	3.89794813412237e-01,-4.88326933031715e-01
8.04488559694002e+02	3.86497356692031e-01,-4.87574419139850e-01
8.10084220141011e+02	3.83210204672529e-01,-4.86800868151577e-01
8.15718801484360e+02	3.79933623487626e-01,-4.86006454181179e-01
8.21392574440291e+02	3.76667875537542e-01,-4.85191355341221e-01
8.27105811608028e+02	3.73413219415413e-01,-4.84355753648360e-01
8.32858787482871e+02	3.70169909836615e-01,-4.83499834927670e-01
8.38651778469386e+02	3.66938197570866e-01,-4.82623788715588e-01
8.44485062894686e+02	3.63718329377132e-01,-4.81727808161560e-01
8.50358921021801e+02	3.60510547941355e-01,-4.80812089928486e-01
8.56273635063146e+02	3.57315091817022e-01,-4.79876834092049e-01
8.62229489194076e+02	3.54132195368612e-01,-4.78922244039019e-01
8.68226769566545e+02	3.50962088717898e-01,-4.77948526364634e-01
8.74265764322848e+02	3.47804997693156e-01,-4.76955890769129e-01
8.80346763609472e+02	3.44661143781252e-01,-4.75944549953526e-01
8.86470059591028e+02	3.41530744082642e-01,-4.74914719514755e-01
8.92635946464296e+02	3.38414011269262e-01,-4.73866617840213e-01
8.98844720472355e+02	3.35311153545325e-01,-4.72800466001838e-01
9.05096679918818e+02	3.32222374611002e-01,-4.71716487649790e-01
9.11392125182163e+02	3.29147873629002e-01,-4.70614908905834e-01
9.17731358730167e+02	3.26087845194017e-01,-4.69495958256497e-01
9.24114685134435e+02	3.23042479305034e-01,-4.68359866446099e-01
9.30542411085037e+02	3.20011961340496e-01,-4.67206866369730e-01
9.37014845405239e+02	3.16996472036288e-01,-4.66037192966275e-01
9.43532299066344e+02	3.13996187466526e-01,-4.64851083111542e-01
9.50095085202631e+02	3.11011279027137e-01,-4.63648775511599e-01
9.56703519126400e+02	3.08041913422186e-01,-4.62430510596381e-01
9.63357918343123e+02	3.05088252652940e-01,-4.61196530413662e-01
9.70058602566695e+02	3.02150454009617e-01,-4.59947078523447e-01
9.76805893734798e+02	2.99228670065807e-01,-4.58682399892878e-01
9.83600116024369e+02	2.96323048675518e-01,-4.57402740791713e-01
9.90441595867171e+02	2.93433732972808e-01,-4.56108348688456e-01
9.97330661965481e+02	2.90560861373978e-01,-4.54799472147201e-01
1.00426764530788e+03	2.87704567582256e-01,-4.53476360725268e-01
1.01125287918517e+03	2.84864980594969e-01,-4.52139264871675e-01
1.01828669920634e+03	2.82042224713119e-01,-4.50788435826539e-01
1.02536944331476e+03	2.79236419553344e-01,-4.49424125521431e-01
1.03250145180437e+03	2.76447680062200e-01,-4.48046586480780e-01
1.03968306733603e+03	2.73676116532723e-01,-4.46656071724352e-01
1.04691463495400e+03	2.70921834623221e-01,-4.45252834670877e-01
1.05419650210254e+03	2.68184935378234e-01,-4.43837129042873e-01
1.06152901864253e+03	2.65465515251622e-01,-4.42409208772708e-01
1.06891253686836e+03	2.62763666131723e-01,-4.40969327909960e-01
1.07634741152480e+03	2.60079475368513e-01,-4.39517740530113e-01
1.08383399982408e+03	2.57413025802737e-01,-4.38054700644635e-01
1.09137266146303e+03	2.54764395796931e-01,-4.36580462112477e-01
1.09896375864037e+03	2.52133659268292e-01,-4.35095278553037e-01
1.10660765607411e+03	2.49520885723330e-01,-4.33599403260619e-01
1.11430472101909e+03	2.46926140294250e-01,-4.32093089120424e-01
1.12205532328457e+03	2.44349483776999e-01,-4.30576588526110e-01
1.12985983525209e+03	2.41790972670928e-01,-4.29050153298943e-01
1.13771863189326e+03	2.39250659219993e-01,-4.27514034608571e-01
1.14563209078785e+03	2.36728591455457e-01,-4.25968482895449e-01
1.15360059214191e+03	2.34224813240013e-01,-4.24413747794934e-01
1.16162451880602e+03	2.31739364313285e-01,-4.22850078063070e-01
1.16970425629368e+03	2.29272280338634e-01,-4.21277721504095e-01
1.17784019279989e+03	2.26823592951216e-01,-4.19696924899667e-01
1.18603271921973e+03	2.24393329807237e-01,-4.18107933939840e-01
1.19428222916717e+03	2.21981514634330e-01,-4.16510993155804e-01
1.20258911899399e+03	2.19588167283020e-01,-4.14906345854381e-01
1.21095378780882e+03	2.17213303779187e-01,-4.13294234054315e-01
1.21937663749629e+03	2.14856936377505e-01,-4.11674898424337e-01
1.22785807273639e+03	2.12519073615764e-01,-4.10048578223027e-01
1.23639850102386e+03	2.10199720370046e-01,-4.08415511240473e-01
1.24499833268778e+03	2.07898877910685e-01,-4.06775933741726e-01
1.25365798091132e+03	2.05616543958954e-01,-4.05130080412052e-01
1.26237786175155e+03	2.03352712744429e-01,-4.03478184303985e-01
1.27115839415946e+03	2.01107375062982e-01,-4.01820476786170e-01
1.28000000000006e+03	1.98880518335332e-01,-4.00157187493999e-01
1.28890310407266e+03	1.96672126666118e-01,-3.98488544282030e-01
1.29786813413129e+03	1.94482180903433e-01,-3.96814773178181e-01
1.30689552090527e+03	1.92310658698773e-01,-3.95136098339690e-01
1.31598569811982e+03	1.90157534567349e-01,-3.93452742010839e-01
1.32513910251702e+03	1.88022779948711e-01,-3.91764924482418e-01
1.33435617387669e+03	1.85906363267643e-01,-3.90072864052918e-01
1.34363735503759e+03	1.83808249995271e-01,-3.88376776991457e-01
1.35298309191863e+03	1.81728402710352e-01,-3.86676877502392e-01
1.36239383354036e+03	1.79666781160688e-01,-3.84973377691634e-01
1.37187003204652e+03	1.77623342324622e-01,-3.83266487534624e-01
1.38141214272573e+03	1.75598040472584e-01,-3.81556414845963e-01
1.39102062403342e+03	1.73590827228633e-01,-3.79843365250675e-01
1.40069593761381e+03	1.71601651631961e-01,-3.78127542157085e-01
1.41043854832213e+03	1.69630460198318e-01,-3.76409146731284e-01
1.42024892424691e+03	1.67677196981322e-01,-3.74688377873165e-01
1.43012753673251e+03	1.65741803633616e-01,-3.72965432194009e-01
1.44007486040174e+03	1.63824219467832e-01,-3.71240503995593e-01
1.45009137317869e+03	1.61924381517335e-01,-3.69513785250793e-01
1.46017755631165e+03	1.60042224596712e-01,-3.67785465585671e-01
1.47033389439627e+03	1.58177681361962e-01,-3.66055732263009e-01
1.48056087539884e+03	1.56330682370379e-01,-3.64324770167263e-01
1.49085899067969e+03	1.54501156140072e-01,-3.62592761790919e-01
1.50122873501687e+03	1.52689029209114e-01,-3.60859887222225e-01
1.51167060662987e+03	1.50894226194283e-01,-3.59126324134263e-01
1.52218510720355e+03	1.49116669849367e-01,-3.57392247775339e-01
1.53277274191230e+03	1.47356281123008e-01,-3.55657830960663e-01
1.54343401944424e+03	1.45612979216073e-01,-3.53923244065298e-01
1.55416945202573e+03	1.43886681638509e-01,-3.52188655018332e-01
1.56497955544592e+03	1.42177304265675e-01,-3.50454229298270e-01
1.57586484908157e+03	1.40484761394121e-01,-3.48720129929589e-01
1.58682585592198e+03	1.38808965796805e-01,-3.46986517480454e-01
1.59786310259414e+03	1.37149828777715e-01,-3.45253550061551e-01
1.60897711938801e+03	1.35507260225890e-01,-3.43521383326005e-01
1.62016844028203e+03	1.33881168668814e-01,-3.41790170470378e-01
1.63143760296873e+03	1.32271461325182e-01,-3.40060062236681e-01
1.64278514888059e+03	1.30678044156999e-01,-3.38331206915409e-01
1.65421162321607e+03	1.29100821921026e-01,-3.36603750349545e-01
1.66571757496575e+03	1.27539698219538e-01,-3.34877835939513e-01
1.67730355693878e+03	1.25994575550393e-01,-3.33153604649056e-01
1.68897012578938e+03	1.24465355356399e-01,-3.31431195012005e-01
1.70071784204361e+03	1.22951938073973e-01,-3.29710743139907e-01
1.71254727012630e+03	1.21454223181068e-01,-3.27992382730496e-01
1.72445897838816e+03	1.19972109244380e-01,-3.26276245076974e-01
1.73645353913310e+03	1.18505493965812e-01,-3.24562459078066e-01
1.74853152864571e+03	1.17054274228196e-01,-3.22851151248835e-01
1.76069352721896e+03	1.15618346140266e-01,-3.21142445732225e-01
1.77294011918207e+03	1.14197605080869e-01,-3.19436464311299e-01
1.78527189292860e+03	1.12791945742424e-01,-3.17733326422160e-01
1.79768944094472e+03	1.11401262173614e-01,-3.16033149167515e-01
1.81019335983765e+03	1.10025447821309e-01,-3.14336047330860e-01
1.82278425036434e+03	1.08664395571727e-01,-3.12642133391269e-01
1.83546271746035e+03	1.07317997790812e-01,-3.10951517538751e-01
1.84822937026888e+03	1.05986146363855e-01,-3.09264307690156e-01
1.86108482217009e+03	1.04668732734331e-01,-3.07580609505606e-01
1.87402969081049e+03	1.03365647941969e-01,-3.05900526405423e-01
1.88706459813270e+03	1.02076782660050e-01,-3.04224159587540e-01
1.90019017040527e+03	1.00802027231934e-01,-3.02551608045355e-01
1.91340703825281e+03	9.95412717068186e-02,-3.00882968586029e-01
1.92671583668626e+03	9.82944058747323e-02,-2.99218335849178e-01
1.94011720513340e+03	9.70613193007618e-02,-2.97557802325968e-01
1.95361178746961e+03	9.58419013585223e-02,-2.95901458378562e-01
1.96720023204875e+03	9.46360412628688e-02,-2.94249392259918e-01
1.98088319173436e+03	9.34436281018558e-02,-2.92601690133913e-01
1.99466132393098e+03	9.22645508679489e-02,-2.90958436095765e-01
2.00853529061578e+03	9.10986984884932e-02,-2.89319712192743e-01
2.02250575837034e+03	8.99459598554429e-02,-2.87685598445146e-01
2.03657339841269e+03	8.88062238543603e-02,-2.86056172867523e-01
2.05073888662953e+03	8.76793793926867e-02,-2.84431511490121e-01
2.06500290360874e+03	8.65653154272942e-02,-2.82811688380551e-01
2.07936613467207e+03	8.54639209913232e-02,-2.81196775665638e-01
2.09382926990802e+03	8.43750852203137e-02,-2.79586843553453e-01
2.10839300420509e+03	8.32986973776356e-02,-2.77981960355504e-01
2.12305803728508e+03	8.22346468792285e-02,-2.76382192509069e-01
2.13782507373673e+03	8.11828233176550e-02,-2.74787604599657e-01
2.15269482304962e+03	8.01431164854773e-02,-2.73198259383584e-01
2.16766799964818e+03	7.91154163979649e-02,-2.71614217810646e-01
2.18274532292608e+03	7.80996133151415e-02,-2.70035539046873e-01
2.19792751728076e+03	7.70955977631784e-02,-2.68462280497361e-01
2.21321531214825e+03	7.61032605551447e-02,-2.66894497829145e-01
2.22860944203819e+03	7.51224928111213e-02,-2.65332244994136e-01
2.24411064656916e+03	7.41531859776888e-02,-2.63775574252068e-01
2.25971967050419e+03	7.31952318467964e-02,-2.62224536193479e-01
2.27543726378653e+03	7.22485225740233e-02,-2.60679179762690e-01
2.29126418157573e+03	7.13129506962393e-02,-2.59139552280779e-01
2.30720118428384e+03	7.03884091486753e-02,-2.57605699468544e-01
2.32324903761205e+03	6.94747912814119e-02,-2.56077665469437e-01
2.33940851258738e+03	6.85719908752970e-02,-2.54555492872457e-01
2.35568038559980e+03	6.76799021572996e-02,-2.53039222735002e-01
2.37206543843947e+03	6.67984198153108e-02,-2.51528894605659e-01
2.38856445833435e+03	6.59274390124008e-02,-2.50024546546933e-01
2.40517823798799e+03	6.50668554005423e-02,-2.48526215157901e-01
2.42190757561765e+03	6.42165651338079e-02,-2.47033935596774e-01
2.43875327499260e+03	6.33764648810530e-02,-2.45547741603384e-01
2.45571614547280e+03	6.25464518380923e-02,-2.44067665521555e-01
2.47279700204773e+03	6.17264237393802e-02,-2.42593738321380e-01
2.48999666537558e+03	6.09162788692045e-02,-2.41125989621375e-01
2.50731596182266e+03	6.01159160724017e-02,-2.39664447710523e-01
2.52475572350313e+03	5.93252347646058e-02,-2.38209139570176e-01
2.54231678831894e+03	5.85441349420367e-02,-2.36760090895839e-01
2.56000000000013e+03	5.77725171908409e-02,-2.35317326118803e-01
2.57780620814533e+03	5.70102826959909e-02,-2.33880868427643e-01
2.59573626826261e+03	5.62573332497550e-02,-2.32450739789551e-01
2.61379104181055e+03	5.55135712597444e-02,-2.31026960971534e-01
2.63197139623967e+03	5.47788997565486e-02,-2.29609551561429e-01
2.65027820503406e+03	5.40532224009676e-02,-2.28198529988774e-01
2.66871234775341e+03	5.33364434908488e-02,-2.26793913545493e-01
2.68727471007519e+03	5.26284679675394e-02,-2.25395718406417e-01
2.70596618383727e+03	5.19292014219614e-02,-2.24003959649628e-01
2.72478766708074e+03	5.12385501003197e-02,-2.22618651276616e-01
2.74374006409305e+03	5.05564209094494e-02,-2.21239806232258e-01
2.76282428545148e+03	4.98827214218146e-02,-2.19867436424606e-01
2.78204124806685e+03	4.92173598801628e-02,-2.18501552744490e-01
2.80139187522764e+03	4.85602452018471e-02,-2.17142165084918e-01
2.82087709664427e+03	4.79112869828228e-02,-2.15789282360294e-01
2.84049784849383e+03	4.72703955013254e-02,-2.14442912525427e-01
2.86025507346503e+03	4.66374817212413e-02,-2.13103062594346e-01
2.88014972080350e+03	4.60124572951758e-02,-2.11769738658912e-01
2.90018274635740e+03	4.53952345672286e-02,-2.10442945907227e-01
2.92035511262332e+03	4.47857265754833e-02,-2.09122688641837e-01
2.94066778879257e+03	4.41838470542194e-02,-2.07808970297729e-01
2.96112175079769e+03	4.35895104358536e-02,-2.06501793460119e-01
2.98171798135941e+03	4.30026318526181e-02,-2.05201159882036e-01
3.00245747003377e+03	4.24231271379844e-02,-2.03907070501689e-01
3.02334121325976e+03	4.18509128278369e-02,-2.02619525459631e-01
3.04437021440713e+03	4.12859061614072e-02,-2.01338524115705e-01
3.06554548382462e+03	4.07280250819727e-02,-2.00064065065785e-01
3.08686803888851e+03	4.01771882373285e-02,-1.98796146158297e-01
3.10833890405149e+03	3.96333149800385e-02,-1.97534764510539e-01
3.12995911089186e+03	3.90963253674729e-02,-1.96279916524776e-01
3.15172969816316e+03	3.85661401616372e-02,-1.95031597904132e-01
3.17365171184398e+03	3.80426808288015e-02,-1.93789803668266e-01
3.19572620518830e+03	3.75258695389343e-02,-1.92554528168836e-01
3.21795423877605e+03	3.70156291649473e-02,-1.91325765104752e-01
3.24033688056409e+03	3.65118832817591e-02,-1.90103507537217e-01
3.26287520593749e+03	3.60145561651809e-02,-1.88887747904560e-01
3.28557029776121e+03	3.55235727906324e-02,-1.87678478036852e-01
3.30842324643216e+03	3.50388588316924e-02,-1.86475689170322e-01
3.33143514993153e+03	3.45603406584899e-02,-1.85279371961556e-01
3.35460711387759e+03	3.40879453359416e-02,-1.84089516501493e-01
3.37794025157879e+03	3.36216006218412e-02,-1.82906112329215e-01
3.40143568408726e+03	3.31612349648044e-02,-1.81729148445522e-01
3.42509454025263e+03	3.27067775020773e-02,-1.80558613326317e-01
3.44891795677636e+03	3.22581580572106e-02,-1.79394494935774e-01
3.47290707826623e+03	3.18153071376068e-02,-1.78236780739313e-01
3.49706305729145e+03	3.13781559319432e-02,-1.77085457716365e-01
3.52138705443794e+03	3.09466363074775e-02,-1.75940512372948e-01
3.54588023836416e+03	3.05206808072389e-02,-1.74801930754032e-01
3.57054378585724e+03	3.01002226471099e-02,-1.73669698455720e-01
3.59537888188947e+03	2.96851957128037e-02,-1.72543800637222e-01
3.62038671967532e+03	2.92755345567410e-02,-1.71424222032642e-01
3.64556850072871e+03	2.88711743948298e-02,-1.70310946962572e-01
3.67092543492072e+03	2.84720511031544e-02,-1.69203959345489e-01
3.69645874053780e+03	2.80781012145745e-02,-1.68103242708972e-01
3.72216964434020e+03	2.76892619152416e-02,-1.67008780200726e-01
3.74805938162101e+03	2.73054710410345e-02,-1.65920554599418e-01
3.77412919626543e+03	2.69266670739176e-02,-1.64838548325337e-01
3.80038034081058e+03	2.65527891382273e-02,-1.63762743450860e-01
3.82681407650566e+03	2.61837769968881e-02,-1.62693121710750e-01
3.85343167337255e+03	2.58195710475628e-02,-1.61629664512267e-01
3.88023441026684e+03	2.54601123187410e-02,-1.60572352945101e-01
3.90722357493925e+03	2.51053424657672e-02,-1.59521167791141e-01
3.93440046409753e+03	2.47552037668135e-02,-1.58476089534054e-01
3.96176638346874e+03	2.44096391187990e-02,-1.57437098368709e-01
3.98932264786198e+03	2.40685920332597e-02,-1.56404174210420e-01
4.01707058123159e+03	2.37320066321711e-02,-1.55377296704029e-01
4.04501151674072e+03	2.33998276437268e-02,-1.54356445232816e-01
4.07314679682541e+03	2.30720003980761e-02,-1.53341598927255e-01
4.10147777325910e+03	2.27484708230223e-02,-1.52332736673599e-01
4.13000580721752e+03	2.24291854396863e-02,-1.51329837122311e-01
4.15873226934416e+03	2.21140913581358e-02,-1.50332878696333e-01
4.18765853981608e+03	2.18031362729841e-02,-1.49341839599207e-01
4.21678600841022e+03	2.14962684589607e-02,-1.48356697823030e-01
4.24611607457018e+03	2.11934367664554e-02,-1.47377431156269e-01
4.27565014747350e+03	2.08945906170390e-02,-1.46404017191416e-01
4.30538964609927e+03	2.05996799989624e-02,-1.45436433332506e-01
4.33533599929639e+03	2.03086554626362e-02,-1.44474656802476e-01
4.36549064585219e+03	2.00214681160932e-02,-1.43518664650392e-01
4.39585503456155e+03	1.97380696204354e-02,-1.42568433758525e-01
4.42643062429652e+03	1.94584121852679e-02,-1.41623940849292e-01
4.45721888407641e+03	1.91824485641212e-02,-1.40685162492058e-01
4.48822129313836e+03	1.89101320498645e-02,-1.39752075109796e-01
4.51943934100841e+03	1.86414164701100e-02,-1.38824654985622e-01
4.55087452757310e+03	1.83762561826130e-02,-1.37902878269193e-01
4.58252836315148e+03	1.81146060706657e-02,-1.36986720982969e-01
4.61440236856772e+03	1.78564215384893e-02,-1.36076159028358e-01
4.64649807522413e+03	1.76016585066253e-02,-1.35171168191720e-01
4.67881702517480e+03	1.73502734073255e-02,-1.34271724150263e-01
4.71136077119964e+03	1.71022231799457e-02,-1.33377802477798e-01
4.74413087687898e+03	1.68574652663412e-02,-1.32489378650385e-01
4.77712891666873e+03	1.66159576062675e-02,-1.31606428051858e-01
4.81035647597602e+03	1.63776586327861e-02,-1.30728925979227e-01
4.84381515123534e+03	1.61425272676788e-02,-1.29856847647968e-01
4.87750654998525e+03	1.59105229168688e-02,-1.28990168197201e-01
4.91143229094564e+03	1.56816054658520e-02,-1.28128862694751e-01
4.94559400409550e+03	1.54557352751392e-02,-1.27272906142104e-01
4.97999333075120e+03	1.52328731757096e-02,-1.26422273479248e-01
5.01463192364536e+03	1.50129804644769e-02,-1.25576939589412e-01
5.04951144700630e+03	1.47960188997698e-02,-1.24736879303699e-01
5.08463357663793e+03	1.45819506968264e-02,-1.23902067405615e-01
5.12000000000031e+03	1.43707385233053e-02,-1.23072478635495e-01
5.15561241629071e+03	1.41623454948124e-02,-1.22248087694829e-01
5.19147253652526e+03	1.39567351704451e-02,-1.21428869250495e-01
5.22758208362114e+03	1.37538715483558e-02,-1.20614797938883e-01
5.26394279247938e+03	1.35537190613328e-02,-1.19805848369940e-01
5.30055641006817e+03	1.33562425724023e-02,-1.19001995131106e-01
5.33742469550686e+03	1.31614073704505e-02,-1.18203212791167e-01
5.37454942015043e+03	1.29691791658662e-02,-1.17409475904018e-01
5.41193236767459e+03	1.27795240862065e-02,-1.16620759012330e-01
5.44957533416153e+03	1.25924086718837e-02,-1.15837036651138e-01
5.48748012818615e+03	1.24077998718760e-02,-1.15058283351335e-01
5.52564857090300e+03	1.22256650394617e-02,-1.14284473643089e-01
5.56408249613375e+03	1.20459719279774e-02,-1.13515582059174e-01
5.60278375045533e+03	1.18686886866006e-02,-1.12751583138218e-01
5.64175419328859e+03	1.16937838561585e-02,-1.11992451427873e-01
5.68099569698771e+03	1.15212263649610e-02,-1.11238161487906e-01
5.72051014693011e+03	1.13509855246606e-02,-1.10488687893214e-01
5.76029944160706e+03	1.11830310261391e-02,-1.09744005236760e-01
5.80036549271484e+03	1.10173329354198e-02,-1.09004088132439e-01
5.84071022524669e+03	1.08538616896086e-02,-1.08268911217867e-01
5.88133557758518e+03	1.06925880928612e-02,-1.07538449157101e-01
5.92224350159543e+03	1.05334833123791e-02,-1.06812676643288e-01
5.96343596271886e+03	1.03765188744334e-02,-1.06091568401243e-01
6.00491494006759e+03	1.02216666604171e-02,-1.05375099189961e-01
6.04668242651957e+03	1.00688989029263e-02,-1.04663243805065e-01
6.08874042881431e+03	9.91818818187000e-03,-1.03955977081183e-01
6.13109096764929e+03	9.76950742060949e-03,-1.03253273894263e-01
6.17373607777707e+03	9.62282988212692e-03,-1.02555109163831e-01
6.21667780810302e+03	9.47812916522343e-03,-1.01861457855176e-01
6.25991822178378e+03	9.33537920074717e-03,-1.01172294981487e-01
6.30345939632636e+03	9.19455424785112e-03,-1.00487595605919e-01
6.34730342368800e+03	9.05562889028102e-03,-9.98073348436120e-02
6.39145241037665e+03	8.91857803269348e-03,-9.91314878636417e-02
6.43590847755216e+03	8.78337689700435e-03,-9.84600298909238e-02
6.48067376112824e+03	8.65000101876749e-03,-9.77929362080579e-02
6.52575041187503e+03	8.51842624358406e-03,-9.71301821571201e-02
6.57114059552248e+03	8.38862872354226e-03,-9.64717431414010e-02
6.61684649286437e+03	8.26058491368772e-03,-9.58175946270936e-02
6.66287029986312e+03	8.13427156852459e-03,-9.51677121449300e-02
6.70921422775524e+03	8.00966573854715e-03,-9.45220712917681e-02
6.75588050315764e+03	7.88674476680231e-03,-9.38806477321300e-02
6.80287136817457e+03	7.76548628548266e-03,-9.32434171996926e-02
6.85018908050532e+03	7.64586821255032e-03,-9.26103554987317e-02
6.89783591355277e+03	7.52786874839145e-03,-9.19814385055200e-02
6.94581415653252e+03	7.41146637250144e-03,-9.13566421696801e-02
6.99412611458295e+03	7.29663984020076e-03,-9.07359425154943e-02
7.04277410887593e+03	7.18336817938141e-03,-9.01193156431707e-02
7.09176047672838e+03	7.07163068728393e-03,-8.95067377300671e-02
7.14108757171453e+03	6.96140692730494e-03,-8.88981850318744e-02
7.19075776377900e+03	6.85267672583503e-03,-8.82936338837586e-02
7.24077343935071e+03	6.74542016912713e-03,-8.76930607014638e-02
7.29113700145747e+03	6.63961760019510e-03,-8.70964419823766e-02
7.34185086984150e+03	6.53524961574254e-03,-8.65037543065519e-02
7.39291748107565e+03	6.43229706312167e-03,-8.59149743377021e-02
7.44433928868046e+03	6.33074103732228e-03,-8.53300788241499e-02
7.49611876324208e+03	6.23056287799049e-03,-8.47490445997452e-02
7.54825839253092e+03	6.13174416647737e-03,-8.41718485847478e-02
7.60076068162122e+03	6.03426672291716e-03,-8.35984677866752e-02
7.65362815301138e+03	5.93811260333508e-03,-8.30288793011177e-02
7.70686334674516e+03	5.84326409678450e-03,-8.24630603125207e-02
7.76046882053374e+03	5.74970372251343e-03,-8.19009880949351e-02
7.81444714987857e+03	5.65741422716007e-03,-8.13426400127365e-02
7.86880092819513e+03	5.56637858197743e-03,-8.07879935213137e-02
7.92353276693755e+03	5.47657998008670e-03,-8.02370261677274e-02
7.97864529572403e+03	5.38800183375941e-03,-7.96897155913402e-02
8.03414116246325e+03	5.30062777172799e-03,-7.91460395244171e-02
8.09002303348151e+03	5.21444163652476e-03,-7.86059757926990e-02
8.14629359365089e+03	5.12942748184915e-03,-7.80695023159484e-02
8.20295554651826e+03	5.04556956996288e-03,-7.75365971084687e-02
8.26001161443511e+03	4.96285236911304e-03,-7.70072382795968e-02
8.31746453868839e+03	4.88126055098280e-03,-7.64814040341714e-02
8.37531707963222e+03	4.80077898816974e-03,-7.59590726729749e-02
8.43357201682050e+03	4.72139275169133e-03,-7.54402225931525e-02
8.49223214914044e+03	4.64308710851775e-03,-7.49248322886063e-02
8.55130029494706e+03	4.56584751913148e-03,-7.44128803503667e-02
8.61077929219860e+03	4.48965963511378e-03,-7.39043454669413e-02
8.67067199859285e+03	4.41450929675772e-03,-7.33992064246409e-02
8.73098129170445e+03	4.34038253070754e-03,-7.28974421078851e-02
8.79171006912318e+03	4.26726554762431e-03,-7.23990314994853e-02
8.85286124859312e+03	4.19514473987746e-03,-7.19039536809082e-02
8.91443776815290e+03	4.12400667926224e-03,-7.14121878325186e-02
8.97644258627679e+03	4.05383811474264e-03,-7.09237132338025e-02
9.03887868201690e+03	3.98462597021989e-03,-7.04385092635717e-02
9.10174905514628e+03	3.91635734232597e-03,-6.99565554001485e-02
9.16505672630304e+03	3.84901949824227e-03,-6.94778312215333e-02
9.22880473713551e+03	3.78259987354296e-03,-6.90023164055534e-02
9.29299615044834e+03	3.71708607006304e-03,-6.85299907299951e-02
9.35763405034968e+03	3.65246585379064e-03,-6.80608340727185e-02
9.42272154239935e+03	3.58872715278365e-03,-6.75948264117559e-02
9.48826175375803e+03	3.52585805511028e-03,-6.71319478253937e-02
9.55425783333754e+03	3.46384680681332e-03,-6.66721784922390e-02
9.62071295195212e+03	3.40268180989811e-03,-6.62154986912708e-02
9.68763030247075e+03	3.34235162034372e-03,-6.57618888018760e-02
9.75501309997057e+03	3.28284494613741e-03,-6.53113293038709e-02
9.82286458189136e+03	3.22415064533194e-03,-6.48638007775086e-02
9.89118800819108e+03	3.16625772412569e-03,-6.44192839034726e-02
9.95998666150247e+03	3.10915533496525e-03,-6.39777594628567e-02
1.00292638472908e+04	3.05283277467042e-03,-6.35392083371320e-02
1.00990228940127e+04	2.99727948258122e-03,-6.31036115081011e-02
1.01692671532759e+04	2.94248503872692e-03,-6.26709500578393e-02
1.02400000000007e+04	2.88843916201669e-03,-6.22412051686248e-02
1.03112248325815e+04	2.83513170845182e-03,-6.18143581228559e-02
1.03829450730506e+04	2.78255266935916e-03,-6.13903903029576e-02
1.04551641672424e+04	2.73069216964573e-03,-6.09692831912765e-02
1.05278855849588e+04	2.67954046607418e-03,-6.05510183699650e-02
1.06011128201364e+04	2.62908794555890e-03,-6.01355775208552e-02
1.06748493910138e+04	2.57932512348262e-03,-5.97229424253218e-02
1.07490988403009e+04	2.53024264203339e-03,-5.93130949641361e-02
1.08238647353493e+04	2.48183126856145e-03,-5.89060171173090e-02
1.08991506683231e+04	2.43408189395613e-03,-5.85016909639258e-02
1.09749602563724e+04	2.38698553104232e-03,-5.81000986819707e-02
1.10512971418061e+04	2.34053331299652e-03,-5.77012225481434e-02
1.11281649922676e+04	2.29471649178199e-03,-5.73050449376662e-02
1.12055675009107e+04	2.24952643660322e-03,-5.69115483240836e-02
1.12835083865773e+04	2.20495463237903e-03,-5.65207152790526e-02
1.13619913939755e+04	2.16099267823454e-03,-5.61325284721260e-02
1.14410202938603e+04	2.11763228601153e-03,-5.57469706705279e-02
1.15205988832142e+04	2.07486527879711e-03,-5.53640247389213e-02
1.16007309854298e+04	2.03268358947055e-03,-5.49836736391689e-02
1.16814204504935e+04	1.99107925926796e-03,-5.46059004300868e-02
1.17626711551704e+04	1.95004443636466e-03,-5.42306882671911e-02
1.18444870031910e+04	1.90957137447522e-03,-5.38580204024387e-02
1.19268719254378e+04	1.86965243147068e-03,-5.34878801839610e-02
1.20098298801353e+04	1.83028006801304e-03,-5.31202510557914e-02
1.20933648530392e+04	1.79144684620666e-03,-5.27551165575878e-02
1.21774808576287e+04	1.75314542826647e-03,-5.23924603243477e-02
1.22621819352987e+04	1.71536857520280e-03,-5.20322660861199e-02
1.23474721555542e+04	1.67810914552259e-03,-5.16745176677083e-02
1.24333556162061e+04	1.64136009394686e-03,-5.13191989883731e-02
1.25198364435677e+04	1.60511447014425e-03,-5.09662940615243e-02
1.26069187926528e+04	1.56936541748044e-03,-5.06157869944128e-02
1.26946068473761e+04	1.53410617178324e-03,-5.02676619878151e-02
1.27829048207534e+04	1.49933006012330e-03,-4.99219033357144e-02
1.28718169551044e+04	1.46503049961003e-03,-4.95784954249766e-02
1.29613475222566e+04	1.43120099620287e-03,-4.92374227350232e-02
1.30515008237502e+04	1.39783514353744e-03,-4.88986698374987e-02
1.31422811910451e+04	1.36492662176662e-03,-4.85622213959356e-02
1.32336929857288e+04	1.33246919641621e-03,-4.82280621654145e-02
1.33257405997263e+04	1.30045671725523e-03,-4.78961769922212e-02
1.34184284555106e+04	1.26888311718039e-03,-4.75665508135004e-02
1.35117610063154e+04	1.23774241111491e-03,-4.72391686569053e-02
1.36057427363492e+04	1.20702869492122e-03,-4.69140156402452e-02
1.37003781610108e+04	1.17673614432756e-03,-4.65910769711294e-02
1.37956718271056e+04	1.14685901386828e-03,-4.62703379466078e-02
1.38916283130651e+04	1.11739163583765e-03,-4.59517839528095e-02
1.39882522291660e+04	1.08832841925707e-03,-4.56354004645781e-02
1.40855482177520e+04	1.05966384885544e-03,-4.53211730451053e-02
1.41835209534569e+04	1.03139248406269e-03,-4.50090873455608e-02
1.42821751434292e+04	1.00350895801610e-03,-4.46991291047208e-02
1.43815155275581e+04	9.76007976579458e-04,-4.43912841485943e-02
1.44815468787015e+04	9.48884317374835e-04,-4.40855383900470e-02
1.45822740029151e+04	9.22132828826738e-04,-4.37818778284229e-02
1.46837017396831e+04	8.95748429218652e-04,-4.34802885491652e-02
1.47858349621514e+04	8.69726105761701e-04,-4.31807567234336e-02
1.48886785773610e+04	8.44060913675345e-04,-4.28832686077220e-02
1.49922375264843e+04	8.18747975279950e-04,-4.25878105434729e-02
1.50965167850620e+04	7.93782479101081e-04,-4.22943689566912e-02
1.52015213632425e+04	7.69159678985403e-04,-4.20029303575563e-02
1.53072563060229e+04	7.44874893228021e-04,-4.17134813400333e-02
1.54137266934904e+04	7.20923503711139e-04,-4.14260085814821e-02
1.55209376410676e+04	6.97300955053905e-04,-4.11404988422667e-02
1.56288942997572e+04	6.74002753773280e-04,-4.08569389653620e-02
1.57376018563904e+04	6.51024467455843e-04,-4.05753158759607e-02
1.58470655338752e+04	6.28361723940348e-04,-4.02956165810789e-02
1.59572905914482e+04	6.06010210510938e-04,-4.00178281691611e-02
1.60682823249266e+04	5.83965673100870e-04,-3.97419378096838e-02
1.61800460669631e+04	5.62223915506639e-04,-3.94679327527598e-02
1.62925871873019e+04	5.40780798612342e-04,-3.91958003287403e-02
1.64059110930366e+04	5.19632239624196e-04,-3.89255279478176e-02
1.65200232288703e+04	4.98774211315049e-04,-3.86571030996271e-02
1.66349290773769e+04	4.78202741278793e-04,-3.83905133528488e-02
1.67506341592646e+04	4.57913911194531e-04,-3.81257463548085e-02
1.68671440336411e+04	4.37903856100391e-04,-3.78627898310788e-02
1.69844642982810e+04	4.18168763676863e-04,-3.76016315850799e-02
1.71026005898942e+04	3.98704873539554e-04,-3.73422594976803e-02
1.72215585843973e+04	3.79508476541216e-04,-3.70846615267973e-02
1.73413439971858e+04	3.60575914082962e-04,-3.68288257069980e-02
1.74619625834090e+04	3.41903577434536e-04,-3.65747401490995e-02
1.75834201382465e+04	3.23487907063536e-04,-3.63223930397697e-02
1.77057224971864e+04	3.05325391973468e-04,-3.60717726411284e-02
1.78288755363059e+04	2.87412569050524e-04,-3.58228672903485e-02
1.79528851725537e+04	2.69746022418990e-04,-3.55756653992570e-02
1.80777573640339e+04	2.52322382805142e-04,-3.53301554539368e-02
1.82034981102927e+04	2.35138326909557e-04,-3.50863260143288e-02
1.83301134526062e+04	2.18190576787723e-04,-3.48441657138344e-02
1.84576094742712e+04	2.01475899238822e-04,-3.46036632589179e-02
1.85859923008968e+04	1.84991105202629e-04,-3.43648074287103e-02
1.87152681006995e+04	1.68733049164366e-04,-3.41275870746130e-02
1.88454430847988e+04	1.52698628567471e-04,-3.38919911199022e-02
1.89765235075162e+04	1.36884783234129e-04,-3.36580085593337e-02
1.91085156666752e+04	1.21288494793504e-04,-3.34256284587491e-02
1.92414259039044e+04	1.05906786117558e-04,-3.31948399546815e-02
1.93752606049416e+04	9.07367207643570e-05,-3.29656322539632e-02
1.95100261999413e+04	7.57754024287790e-05,-3.27379946333329e-02
1.96457291637829e+04	6.10199744005304e-05,-3.25119164390449e-02
1.97823760163823e+04	4.64676190293654e-05,-3.22873870864782e-02
1.99199733230051e+04	3.21155571974257e-05,-3.20643960597466e-02
2.00585276945817e+04	1.79610477986140e-05,-3.18429329113105e-02
2.01980457880255e+04	4.00138722489517e-06,-3.16229872615882e-02
2.03385343065520e+04	-9.76609114054176e-06,-3.14045487985696e-02
2.04800000000015e+04	-2.33440174233727e-05,-3.11876072774297e-02
2.06224496651631e+04	-3.67349857515370e-05,-3.09721525201441e-02
2.07658901461013e+04	-4.99415547420643e-05,-3.07581744151045e-02
2.09103283344849e+04	-6.29662479813851e-05,-3.05456629167361e-02
2.10557711699178e+04	-7.58115544992237e-05,-3.03346080451157e-02
2.12022256402730e+04	-8.84799292361502e-05,-3.01249998855910e-02
2.13496987820278e+04	-1.00973793504885e-04,-2.99168285884008e-02
2.14981976806020e+04	-1.13295535445416e-04,-2.97100843682970e-02
2.16477294706987e+04	-1.25447510474025e-04,-2.95047575041665e-02
2.17983013366464e+04	-1.37432041726297e-04,-2.93008383386562e-02
2.19499205127449e+04	-1.49251420494190e-04,-2.90983172777969e-02
2.21025942836123e+04	-1.60907906657240e-04,-2.88971847906306e-02
2.22563299845353e+04	-1.72403729107977e-04,-2.86974314088377e-02
2.24111350018216e+04	-1.83741086171635e-04,-2.84990477263659e-02
2.25670167731547e+04	-1.94922146020221e-04,-2.83020243990602e-02
2.27239827879512e+04	-2.05949047081018e-04,-2.81063521442947e-02
2.28820405877208e+04	-2.16823898439597e-04,-2.79120217406051e-02
2.30411977664286e+04	-2.27548780237405e-04,-2.77190240273228e-02
2.32014619708597e+04	-2.38125744064010e-04,-2.75273499042106e-02
2.33628409009871e+04	-2.48556813344055e-04,-2.73369903310993e-02
2.35253423103411e+04	-2.58843983719010e-04,-2.71479363275260e-02
2.36889740063821e+04	-2.68989223423768e-04,-2.69601789723736e-02
2.38537438508758e+04	-2.78994473658178e-04,-2.67737094035119e-02
2.40196597602707e+04	-2.88861648953553e-04,-2.65885188174401e-02
2.41867297060786e+04	-2.98592637534244e-04,-2.64045984689305e-02
2.43549617152576e+04	-3.08189301674326e-04,-2.62219396706737e-02
2.45243638705975e+04	-3.17653478049470e-04,-2.60405337929256e-02
2.46949443111087e+04	-3.26986978084061e-04,-2.58603722631555e-02
2.48667112324125e+04	-3.36191588293624e-04,-2.56814465656957e-02
2.50396728871355e+04	-3.45269070622617e-04,-2.55037482413927e-02
2.52138375853058e+04	-3.54221162777664e-04,-2.53272688872599e-02
2.53892136947524e+04	-3.63049578556261e-04,-2.51520001561317e-02
2.55658096415070e+04	-3.71756008171053e-04,-2.49779337563192e-02
2.57436339102090e+04	-3.80342118569698e-04,-2.48050614512673e-02
2.59226950445133e+04	-3.88809553750415e-04,-2.46333750592132e-02
2.61030016475005e+04	-3.97159935073242e-04,-2.44628664528472e-02
2.62845623820903e+04	-4.05394861567076e-04,-2.42935275589738e-02
2.64673859714579e+04	-4.13515910232552e-04,-2.41253503581754e-02
2.66514811994529e+04	-4.21524636340804e-04,-2.39583268844769e-02
2.68368569110214e+04	-4.29422573728179e-04,-2.37924492250121e-02
2.70235220126310e+04	-4.37211235086934e-04,-2.36277095196921e-02
2.72114854726987e+04	-4.44892112251997e-04,-2.34640999608739e-02
2.74007563220217e+04	-4.52466676483818e-04,-2.33016127930324e-02
2.75913436542115e+04	-4.59936378747385e-04,-2.31402403124324e-02
2.77832566261305e+04	-4.67302649987426e-04,-2.29799748668032e-02
2.79765044583322e+04	-4.74566901399888e-04,-2.28208088550141e-02
2.81710964355041e+04	-4.81730524699698e-04,-2.26627347267518e-02
2.83670419069139e+04	-4.88794892384889e-04,-2.25057449821997e-02
2.85643502868585e+04	-4.95761357997126e-04,-2.23498321717179e-02
2.87630310551164e+04	-5.02631256378668e-04,-2.21949888955257e-02
2.89630937574032e+04	-5.09405903925842e-04,-2.20412078033850e-02
2.91645480058303e+04	-5.16086598839048e-04,-2.18884815942859e-02
2.93674034793664e+04	-5.22674621369349e-04,-2.17368030161333e-02
2.95716699243030e+04	-5.29171234061705e-04,-2.15861648654356e-02
2.97773571547223e+04	-5.35577681994869e-04,-2.14365599869947e-02
2.99844750529688e+04	-5.41895193018015e-04,-2.12879812735974e-02
3.01930335701241e+04	-5.48124977984127e-04,-2.11404216657091e-02
3.04030427264853e+04	-5.54268230980193e-04,-2.09938741511681e-02
3.06145126120459e+04	-5.60326129554249e-04,-2.08483317648827e-02
3.08274533869811e+04	-5.66299834939321e-04,-2.07037875885284e-02
3.10418752821354e+04	-5.72190492274287e-04,-2.05602347502485e-02
3.12577885995147e+04	-5.77999230821724e-04,-2.04176664243543e-02
3.14752037127810e+04	-5.83727164182761e-04,-2.02760758310287e-02
3.16941310677506e+04	-5.89375390508991e-04,-2.01354562360300e-02
3.19145811828966e+04	-5.94944992711466e-04,-1.99958009503984e-02
3.21365646498535e+04	-6.00437038666833e-04,-1.98571033301631e-02
3.23600921339265e+04	-6.05852581420633e-04,-1.97193567760518e-02
3.25851743746041e+04	-6.11192659387805e-04,-1.95825547332012e-02
3.28118221860735e+04	-6.16458296550441e-04,-1.94466906908693e-02
3.30400464577409e+04	-6.21650502652808e-04,-1.93117581821495e-02
3.32698581547541e+04	-6.26770273393703e-04,-1.91777507836860e-02
3.35012683185294e+04	-6.31818590616145e-04,-1.90446621153906e-02
3.37342880672825e+04	-6.36796422494464e-04,-1.89124858401615e-02
3.39689285965622e+04	-6.41704723718802e-04,-1.87812156636038e-02
3.42052011797887e+04	-6.46544435677083e-04,-1.86508453337504e-02
3.44431171687949e+04	-6.51316486634463e-04,-1.85213686407862e-02
3.46826879943719e+04	-6.56021791910302e-04,-1.83927794167725e-02
3.49239251668183e+04	-6.60661254052704e-04,-1.82650715353734e-02
3.51668402764932e+04	-6.65235763010630e-04,-1.81382389115840e-02
3.54114449943730e+04	-6.69746196303644e-04,-1.80122755014598e-02
3.56577510726121e+04	-6.74193419189305e-04,-1.78871753018477e-02
3.59057703451077e+04	-6.78578284828244e-04,-1.77629323501188e-02
3.61555147280681e+04	-6.82901634446958e-04,-1.76395407239023e-02
3.64069962205857e+04	-6.87164297498340e-04,-1.75169945408215e-02
3.66602269052127e+04	-6.91367091819999e-04,-1.73952879582306e-02
3.69152189485426e+04	-6.95510823790366e-04,-1.72744151729540e-02
3.71719846017939e+04	-6.99596288482648e-04,-1.71543704210260e-02
3.74305362013993e+04	-7.03624269816638e-04,-1.70351479774328e-02
3.76908861695980e+04	-7.07595540708414e-04,-1.69167421558559e-02
3.79530470150327e+04	-7.11510863217960e-04,-1.67991473084169e-02
3.82170313333507e+04	-7.15370988694737e-04,-1.66823578254236e-02
3.84828518078091e+04	-7.19176657921214e-04,-1.65663681351179e-02
3.87505212098836e+04	-7.22928601254418e-04,-1.64511727034251e-02
3.90200523998829e+04	-7.26627538765494e-04,-1.63367660337048e-02
3.92914583275660e+04	-7.30274180377331e-04,-1.62231426665030e-02
3.95647520327649e+04	-7.33869226000262e-04,-1.61102971793061e-02
3.98399466460105e+04	-7.37413365665864e-04,-1.59982241862956e-02
4.01170553891638e+04	-7.40907279658900e-04,-1.58869183381056e-02
4.03960915760513e+04	-7.44351638647403e-04,-1.57763743215801e-02
4.06770686131043e+04	-7.47747103810948e-04,-1.56665868595334e-02
4.09600000000034e+04	-7.51094326967120e-04,-1.55575507105107e-02
4.12448993303266e+04	-7.54393950696219e-04,-1.54492606685505e-02
4.15317802922030e+04	-7.57646608464205e-04,-1.53417115629492e-02
4.18206566689701e+04	-7.60852924743923e-04,-1.52348982580260e-02
4.21115423398359e+04	-7.64013515134627e-04,-1.51288156528897e-02
4.24044512805463e+04	-7.67128986479817e-04,-1.50234586812074e-02
4.26993975640559e+04	-7.70199936983420e-04,-1.49188223109739e-02
4.29963953612044e+04	-7.73226956324339e-04,-1.48149015442827e-02
4.32954589413977e+04	-7.76210625769380e-04,-1.47116914170988e-02
4.35966026732932e+04	-7.79151518284594e-04,-1.46091869990324e-02
4.38998410254902e+04	-7.82050198645038e-04,-1.45073833931147e-02
4.41000000000000e+04	-7.83929910893392e-04,-1.44409488478223e-02
