Freq.	V(vout)
2.00000000000000e+01	4.98999752747870e-01,-5.00498250503870e-01
2.01391110011344e+01	4.95530637684524e-01,-5.00482749719806e-01
2.02791895958006e+01	4.92061904051813e-01,-5.00443206501442e-01
2.04202425141439e+01	4.88593885017893e-01,-5.00379630344011e-01
2.05622765331213e+01	4.85126913476377e-01,-5.00292036511042e-01
2.07052984768276e+01	4.81661321918587e-01,-5.00180446025420e-01
2.08493152168224e+01	4.78197442306145e-01,-5.00044885657077e-01
2.09943336724614e+01	4.74735605943988e-01,-4.99885387907336e-01
2.11403608112276e+01	4.71276143353917e-01,-4.99701990989906e-01
2.12874036490672e+01	4.67819384148791e-01,-4.99494738808578e-01
2.14354692507259e+01	4.64365656907455e-01,-4.99263680931613e-01
2.15845647300886e+01	4.60915289050501e-01,-4.99008872562881e-01
2.17346972505212e+01	4.57468606716979e-01,-4.98730374509753e-01
2.18858740252148e+01	4.54025934642136e-01,-4.98428253147810e-01
2.20381023175322e+01	4.50587596036286e-01,-4.98102580382378e-01
2.21913894413569e+01	4.47153912464918e-01,-4.97753433606953e-01
2.23457427614444e+01	4.43725203730110e-01,-4.97380895658550e-01
2.25011696937762e+01	4.40301787753367e-01,-4.96985054770028e-01
2.26576777059160e+01	4.36883980459955e-01,-4.96566004519432e-01
2.28152743173685e+01	4.33472095664825e-01,-4.96123843776420e-01
2.29739670999407e+01	4.30066444960210e-01,-4.95658676645825e-01
2.31337636781058e+01	4.26667337604982e-01,-4.95170612408405e-01
2.32946717293691e+01	4.23275080415843e-01,-4.94659765458857e-01
2.34566989846376e+01	4.19889977660440e-01,-4.94126255241147e-01
2.36198532285906e+01	4.16512330952457e-01,-4.93570206181231e-01
2.37841423000545e+01	4.13142439148791e-01,-4.92991747617230e-01
2.39495740923786e+01	4.09780598248844e-01,-4.92391013727144e-01
2.41161565538152e+01	4.06427101296032e-01,-4.91768143454155e-01
2.42838976879010e+01	4.03082238281556e-01,-4.91123280429628e-01
2.44528055538414e+01	3.99746296050496e-01,-4.90456572893853e-01
2.46228882668984e+01	3.96419558210304e-01,-4.89768173614637e-01
2.47941539987798e+01	3.93102305041731e-01,-4.89058239803806e-01
2.49666109780323e+01	3.89794813412254e-01,-4.88326933031719e-01
2.51402674904366e+01	3.86497356692048e-01,-4.87574419139854e-01
2.53151318794057e+01	3.83210204672547e-01,-4.86800868151581e-01
2.54912125463853e+01	3.79933623487643e-01,-4.86006454181183e-01
2.56685179512581e+01	3.76667875537559e-01,-4.85191355341225e-01
2.58470566127499e+01	3.73413219415430e-01,-4.84355753648364e-01
2.60268371088387e+01	3.70169909836632e-01,-4.83499834927675e-01
2.62078680771673e+01	3.66938197570883e-01,-4.82623788715593e-01
2.63901582154580e+01	3.63718329377150e-01,-4.81727808161565e-01
2.65737162819303e+01	3.60510547941372e-01,-4.80812089928491e-01
2.67585510957223e+01	3.57315091817040e-01,-4.79876834092054e-01
2.69446715373139e+01	3.54132195368629e-01,-4.78922244039024e-01
2.71320865489535e+01	3.50962088717915e-01,-4.77948526364639e-01
2.73208051350880e+01	3.47804997693173e-01,-4.76955890769134e-01
2.75108363627950e+01	3.44661143781269e-01,-4.75944549953531e-01
2.77021893622186e+01	3.41530744082658e-01,-4.74914719514761e-01
2.78948733270082e+01	3.38414011269279e-01,-4.73866617840219e-01
2.80888975147600e+01	3.35311153545341e-01,-4.72800466001844e-01
2.82842712474620e+01	3.32222374611019e-01,-4.71716487649796e-01
2.84810039119415e+01	3.29147873629018e-01,-4.70614908905840e-01
2.86791049603166e+01	3.26087845194033e-01,-4.69495958256504e-01
2.88785839104500e+01	3.23042479305050e-01,-4.68359866446105e-01
2.90794503464063e+01	3.20011961340513e-01,-4.67206866369736e-01
2.92817139189126e+01	3.16996472036304e-01,-4.66037192966282e-01
2.94853843458221e+01	3.13996187466542e-01,-4.64851083111549e-01
2.96904714125811e+01	3.11011279027153e-01,-4.63648775511605e-01
2.98969849726989e+01	3.08041913422202e-01,-4.62430510596387e-01
3.01049349482215e+01	3.05088252652956e-01,-4.61196530413668e-01
3.03143313302081e+01	3.02150454009633e-01,-4.59947078523453e-01
3.05251841792113e+01	2.99228670065822e-01,-4.58682399892885e-01
3.07375036257604e+01	2.96323048675533e-01,-4.57402740791720e-01
3.09512998708479e+01	2.93433732972824e-01,-4.56108348688463e-01
3.11665831864201e+01	2.90560861373993e-01,-4.54799472147208e-01
3.13833639158702e+01	2.87704567582271e-01,-4.53476360725275e-01
3.16016524745352e+01	2.84864980594984e-01,-4.52139264871683e-01
3.18214593501969e+01	2.82042224713134e-01,-4.50788435826546e-01
3.20427951035850e+01	2.79236419553359e-01,-4.49424125521438e-01
3.22656703688852e+01	2.76447680062215e-01,-4.48046586480787e-01
3.24900958542496e+01	2.73676116532738e-01,-4.46656071724359e-01
3.27160823423114e+01	2.70921834623236e-01,-4.45252834670885e-01
3.29436406907031e+01	2.68184935378248e-01,-4.43837129042881e-01
3.31727818325778e+01	2.65465515251637e-01,-4.42409208772716e-01
3.34035167771350e+01	2.62763666131737e-01,-4.40969327909968e-01
3.36358566101488e+01	2.60079475368527e-01,-4.39517740530121e-01
3.38698124945013e+01	2.57413025802751e-01,-4.38054700644643e-01
3.41053956707185e+01	2.54764395796945e-01,-4.36580462112485e-01
3.43426174575103e+01	2.52133659268306e-01,-4.35095278553045e-01
3.45814892523148e+01	2.49520885723344e-01,-4.33599403260627e-01
3.48220225318452e+01	2.46926140294263e-01,-4.32093089120432e-01
3.50642288526416e+01	2.44349483777013e-01,-4.30576588526118e-01
3.53081198516264e+01	2.41790972670942e-01,-4.29050153298951e-01
3.55537072466630e+01	2.39250659220007e-01,-4.27514034608579e-01
3.58010028371191e+01	2.36728591455470e-01,-4.25968482895458e-01
3.60500185044334e+01	2.34224813240026e-01,-4.24413747794942e-01
3.63007662126867e+01	2.31739364313298e-01,-4.22850078063079e-01
3.65532580091762e+01	2.29272280338647e-01,-4.21277721504104e-01
3.68075060249952e+01	2.26823592951229e-01,-4.19696924899675e-01
3.70635224756151e+01	2.24393329807250e-01,-4.18107933939849e-01
3.73213196614725e+01	2.21981514634343e-01,-4.16510993155812e-01
3.75809099685607e+01	2.19588167283032e-01,-4.14906345854390e-01
3.78423058690241e+01	2.17213303779200e-01,-4.13294234054324e-01
3.81055199217578e+01	2.14856936377517e-01,-4.11674898424345e-01
3.83705647730108e+01	2.12519073615776e-01,-4.10048578223035e-01
3.86374531569941e+01	2.10199720370058e-01,-4.08415511240482e-01
3.89061978964917e+01	2.07898877910697e-01,-4.06775933741735e-01
3.91768119034774e+01	2.05616543958966e-01,-4.05130080412061e-01
3.94493081797347e+01	2.03352712744441e-01,-4.03478184303993e-01
3.97236998174817e+01	2.01107375062994e-01,-4.01820476786178e-01
4.00000000000003e+01	1.98880518335344e-01,-4.00157187494008e-01
4.02782220022691e+01	1.96672126666129e-01,-3.98488544282039e-01
4.05583791916015e+01	1.94482180903444e-01,-3.96814773178190e-01
4.08404850282880e+01	1.92310658698784e-01,-3.95136098339699e-01
4.11245530662430e+01	1.90157534567360e-01,-3.93452742010848e-01
4.14105969536554e+01	1.88022779948722e-01,-3.91764924482426e-01
4.16986304336452e+01	1.85906363267654e-01,-3.90072864052927e-01
4.19886673449230e+01	1.83808249995282e-01,-3.88376776991465e-01
4.22807216224556e+01	1.81728402710363e-01,-3.86676877502401e-01
4.25748072981347e+01	1.79666781160699e-01,-3.84973377691643e-01
4.28709385014521e+01	1.77623342324633e-01,-3.83266487534633e-01
4.31691294601774e+01	1.75598040472595e-01,-3.81556414845972e-01
4.34693945010427e+01	1.73590827228644e-01,-3.79843365250684e-01
4.37717480504299e+01	1.71601651631971e-01,-3.78127542157094e-01
4.40762046350648e+01	1.69630460198328e-01,-3.76409146731293e-01
4.43827788827142e+01	1.67677196981332e-01,-3.74688377873174e-01
4.46914855228892e+01	1.65741803633626e-01,-3.72965432194018e-01
4.50023393875528e+01	1.63824219467842e-01,-3.71240503995602e-01
4.53153554118323e+01	1.61924381517345e-01,-3.69513785250801e-01
4.56305486347374e+01	1.60042224596722e-01,-3.67785465585680e-01
4.59479341998818e+01	1.58177681361972e-01,-3.66055732263018e-01
4.62675273562119e+01	1.56330682370388e-01,-3.64324770167272e-01
4.65893434587387e+01	1.54501156140081e-01,-3.62592761790928e-01
4.69133979692756e+01	1.52689029209124e-01,-3.60859887222234e-01
4.72397064571817e+01	1.50894226194293e-01,-3.59126324134273e-01
4.75682846001093e+01	1.49116669849376e-01,-3.57392247775348e-01
4.78991481847576e+01	1.47356281123017e-01,-3.55657830960672e-01
4.82323131076309e+01	1.45612979216082e-01,-3.53923244065307e-01
4.85677953758023e+01	1.43886681638518e-01,-3.52188655018341e-01
4.89056111076832e+01	1.42177304265684e-01,-3.50454229298279e-01
4.92457765337971e+01	1.40484761394130e-01,-3.48720129929598e-01
4.95883079975600e+01	1.38808965796814e-01,-3.46986517480463e-01
4.99332219560650e+01	1.37149828777724e-01,-3.45253550061560e-01
5.02805349808736e+01	1.35507260225898e-01,-3.43521383326014e-01
5.06302637588117e+01	1.33881168668823e-01,-3.41790170470387e-01
5.09824250927710e+01	1.32271461325190e-01,-3.40060062236690e-01
5.13370359025167e+01	1.30678044157007e-01,-3.38331206915418e-01
5.16941132255002e+01	1.29100821921034e-01,-3.36603750349554e-01
5.20536742176779e+01	1.27539698219546e-01,-3.34877835939522e-01
5.24157361543351e+01	1.25994575550401e-01,-3.33153604649065e-01
5.27803164309163e+01	1.24465355356407e-01,-3.31431195012014e-01
5.31474325638610e+01	1.22951938073981e-01,-3.29710743139916e-01
5.35171021914451e+01	1.21454223181076e-01,-3.27992382730505e-01
5.38893430746282e+01	1.19972109244388e-01,-3.26276245076983e-01
5.42641730979075e+01	1.18505493965820e-01,-3.24562459078075e-01
5.46416102701764e+01	1.17054274228204e-01,-3.22851151248844e-01
5.50216727255904e+01	1.15618346140274e-01,-3.21142445732234e-01
5.54043787244376e+01	1.14197605080876e-01,-3.19436464311308e-01
5.57897466540169e+01	1.12791945742431e-01,-3.17733326422169e-01
5.61777950295205e+01	1.11401262173621e-01,-3.16033149167524e-01
5.65685424949245e+01	1.10025447821316e-01,-3.14336047330869e-01
5.69620078238835e+01	1.08664395571734e-01,-3.12642133391278e-01
5.73582099206338e+01	1.07317997790819e-01,-3.10951517538760e-01
5.77571678209005e+01	1.05986146363862e-01,-3.09264307690165e-01
5.81589006928131e+01	1.04668732734337e-01,-3.07580609505615e-01
5.85634278378257e+01	1.03365647941975e-01,-3.05900526405432e-01
5.89707686916448e+01	1.02076782660056e-01,-3.04224159587549e-01
5.93809428251627e+01	1.00802027231940e-01,-3.02551608045364e-01
5.97939699453983e+01	9.95412717068251e-02,-3.00882968586037e-01
6.02098698964434e+01	9.82944058747388e-02,-2.99218335849187e-01
6.06286626604167e+01	9.70613193007682e-02,-2.97557802325977e-01
6.10503683584231e+01	9.58419013585286e-02,-2.95901458378571e-01
6.14750072515213e+01	9.46360412628750e-02,-2.94249392259927e-01
6.19025997416964e+01	9.34436281018620e-02,-2.92601690133922e-01
6.23331663728408e+01	9.22645508679551e-02,-2.90958436095773e-01
6.27667278317409e+01	9.10986984884992e-02,-2.89319712192751e-01
6.32033049490710e+01	8.99459598554489e-02,-2.87685598445155e-01
6.36429187003943e+01	8.88062238543662e-02,-2.86056172867531e-01
6.40855902071706e+01	8.76793793926925e-02,-2.84431511490130e-01
6.45313407377709e+01	8.65653154273000e-02,-2.82811688380560e-01
6.49801917084997e+01	8.54639209913290e-02,-2.81196775665646e-01
6.54321646846233e+01	8.43750852203193e-02,-2.79586843553461e-01
6.58872813814067e+01	8.32986973776411e-02,-2.77981960355512e-01
6.63455636651562e+01	8.22346468792340e-02,-2.76382192509077e-01
6.68070335542704e+01	8.11828233176605e-02,-2.74787604599665e-01
6.72717132202981e+01	8.01431164854827e-02,-2.73198259383592e-01
6.77396249890031e+01	7.91154163979702e-02,-2.71614217810654e-01
6.82107913414375e+01	7.80996133151467e-02,-2.70035539046882e-01
6.86852349150212e+01	7.70955977631836e-02,-2.68462280497369e-01
6.91629785046302e+01	7.61032605551498e-02,-2.66894497829153e-01
6.96440450636909e+01	7.51224928111265e-02,-2.65332244994144e-01
7.01284577052838e+01	7.41531859776939e-02,-2.63775574252076e-01
7.06162397032534e+01	7.31952318468015e-02,-2.62224536193488e-01
7.11074144933266e+01	7.22485225740283e-02,-2.60679179762698e-01
7.16020056742388e+01	7.13129506962442e-02,-2.59139552280787e-01
7.21000370088674e+01	7.03884091486800e-02,-2.57605699468552e-01
7.26015324253739e+01	6.94747912814167e-02,-2.56077665469445e-01
7.31065160183531e+01	6.85719908753018e-02,-2.54555492872465e-01
7.36150120499911e+01	6.76799021573044e-02,-2.53039222735010e-01
7.41270449512307e+01	6.67984198153154e-02,-2.51528894605667e-01
7.46426393229457e+01	6.59274390124053e-02,-2.50024546546941e-01
7.51618199371220e+01	6.50668554005468e-02,-2.48526215157908e-01
7.56846117380488e+01	6.42165651338124e-02,-2.47033935596782e-01
7.62110398435161e+01	6.33764648810574e-02,-2.45547741603392e-01
7.67411295460223e+01	6.25464518380966e-02,-2.44067665521563e-01
7.72749063139888e+01	6.17264237393846e-02,-2.42593738321387e-01
7.78123957929840e+01	6.09162788692087e-02,-2.41125989621383e-01
7.83536238069553e+01	6.01159160724059e-02,-2.39664447710530e-01
7.88986163594699e+01	5.93252347646099e-02,-2.38209139570183e-01
7.94473996349641e+01	5.85441349420408e-02,-2.36760090895846e-01
8.00000000000012e+01	5.77725171908449e-02,-2.35317326118811e-01
8.05564440045387e+01	5.70102826959949e-02,-2.33880868427650e-01
8.11167583832036e+01	5.62573332497589e-02,-2.32450739789559e-01
8.16809700565767e+01	5.55135712597482e-02,-2.31026960971541e-01
8.22491061324866e+01	5.47788997565525e-02,-2.29609551561437e-01
8.28211939073115e+01	5.40532224009714e-02,-2.28198529988781e-01
8.33972608672910e+01	5.33364434908526e-02,-2.26793913545500e-01
8.39773346898467e+01	5.26284679675431e-02,-2.25395718406424e-01
8.45614432449118e+01	5.19292014219651e-02,-2.24003959649635e-01
8.51496145962701e+01	5.12385501003233e-02,-2.22618651276623e-01
8.57418770029048e+01	5.05564209094530e-02,-2.21239806232265e-01
8.63382589203556e+01	4.98827214218181e-02,-2.19867436424613e-01
8.69387890020860e+01	4.92173598801662e-02,-2.18501552744497e-01
8.75434961008606e+01	4.85602452018506e-02,-2.17142165084925e-01
8.81524092701303e+01	4.79112869828262e-02,-2.15789282360301e-01
8.87655577654290e+01	4.72703955013287e-02,-2.14442912525434e-01
8.93829710457790e+01	4.66374817212446e-02,-2.13103062594353e-01
9.00046787751062e+01	4.60124572951791e-02,-2.11769738658919e-01
9.06307108236654e+01	4.53952345672318e-02,-2.10442945907234e-01
9.12610972694754e+01	4.47857265754865e-02,-2.09122688641844e-01
9.18958683997643e+01	4.41838470542226e-02,-2.07808970297736e-01
9.25350547124245e+01	4.35895104358567e-02,-2.06501793460126e-01
9.31786869174780e+01	4.30026318526212e-02,-2.05201159882043e-01
9.38267959385519e+01	4.24231271379874e-02,-2.03907070501696e-01
9.44794129143640e+01	4.18509128278399e-02,-2.02619525459638e-01
9.51365692002193e+01	4.12859061614102e-02,-2.01338524115712e-01
9.57982963695159e+01	4.07280250819756e-02,-2.00064065065791e-01
9.64646262152625e+01	4.01771882373314e-02,-1.98796146158304e-01
9.71355907516054e+01	3.96333149800414e-02,-1.97534764510546e-01
9.78112222153672e+01	3.90963253674757e-02,-1.96279916524783e-01
9.84915530675950e+01	3.85661401616400e-02,-1.95031597904139e-01
9.91766159951206e+01	3.80426808288043e-02,-1.93789803668273e-01
9.98664439121307e+01	3.75258695389370e-02,-1.92554528168843e-01
1.00561069961748e+02	3.70156291649500e-02,-1.91325765104758e-01
1.01260527517624e+02	3.65118832817617e-02,-1.90103507537224e-01
1.01964850185543e+02	3.60145561651835e-02,-1.88887747904566e-01
1.02674071805034e+02	3.55235727906350e-02,-1.87678478036858e-01
1.03388226451001e+02	3.50388588316950e-02,-1.86475689170328e-01
1.04107348435357e+02	3.45603406584924e-02,-1.85279371961562e-01
1.04831472308671e+02	3.40879453359441e-02,-1.84089516501500e-01
1.05560632861833e+02	3.36216006218437e-02,-1.82906112329221e-01
1.06294865127723e+02	3.31612349648068e-02,-1.81729148445528e-01
1.07034204382891e+02	3.27067775020797e-02,-1.80558613326323e-01
1.07778686149257e+02	3.22581580572130e-02,-1.79394494935780e-01
1.08528346195816e+02	3.18153071376091e-02,-1.78236780739319e-01
1.09283220540354e+02	3.13781559319455e-02,-1.77085457716371e-01
1.10043345451182e+02	3.09466363074798e-02,-1.75940512372954e-01
1.10808757448876e+02	3.05206808072411e-02,-1.74801930754038e-01
1.11579493308035e+02	3.01002226471121e-02,-1.73669698455726e-01
1.12355590059042e+02	2.96851957128059e-02,-1.72543800637228e-01
1.13137084989850e+02	2.92755345567431e-02,-1.71424222032648e-01
1.13924015647768e+02	2.88711743948320e-02,-1.70310946962578e-01
1.14716419841268e+02	2.84720511031565e-02,-1.69203959345494e-01
1.15514335641802e+02	2.80781012145765e-02,-1.68103242708978e-01
1.16317801385627e+02	2.76892619152436e-02,-1.67008780200732e-01
1.17126855675652e+02	2.73054710410365e-02,-1.65920554599424e-01
1.17941537383290e+02	2.69266670739196e-02,-1.64838548325343e-01
1.18761885650326e+02	2.65527891382293e-02,-1.63762743450866e-01
1.19587939890797e+02	2.61837769968900e-02,-1.62693121710756e-01
1.20419739792888e+02	2.58195710475647e-02,-1.61629664512272e-01
1.21257325320834e+02	2.54601123187429e-02,-1.60572352945107e-01
1.22100736716847e+02	2.51053424657691e-02,-1.59521167791146e-01
1.22950014503043e+02	2.47552037668153e-02,-1.58476089534059e-01
1.23805199483394e+02	2.44096391188008e-02,-1.57437098368714e-01
1.24666332745682e+02	2.40685920332615e-02,-1.56404174210426e-01
1.25533455663483e+02	2.37320066321729e-02,-1.55377296704034e-01
1.26406609898143e+02	2.33998276437286e-02,-1.54356445232821e-01
1.27285837400790e+02	2.30720003980778e-02,-1.53341598927260e-01
1.28171180414342e+02	2.27484708230240e-02,-1.52332736673604e-01
1.29062681475543e+02	2.24291854396880e-02,-1.51329837122316e-01
1.29960383417000e+02	2.21140913581374e-02,-1.50332878696339e-01
1.30864329369248e+02	2.18031362729857e-02,-1.49341839599212e-01
1.31774562762814e+02	2.14962684589623e-02,-1.48356697823036e-01
1.32691127330313e+02	2.11934367664569e-02,-1.47377431156274e-01
1.33614067108542e+02	2.08945906170406e-02,-1.46404017191421e-01
1.34543426440597e+02	2.05996799989639e-02,-1.45436433332511e-01
1.35479249978007e+02	2.03086554626378e-02,-1.44474656802481e-01
1.36421582682876e+02	2.00214681160948e-02,-1.43518664650397e-01
1.37370469830043e+02	1.97380696204369e-02,-1.42568433758530e-01
1.38325957009261e+02	1.94584121852694e-02,-1.41623940849297e-01
1.39288090127383e+02	1.91824485641227e-02,-1.40685162492063e-01
1.40256915410569e+02	1.89101320498659e-02,-1.39752075109800e-01
1.41232479406508e+02	1.86414164701115e-02,-1.38824654985627e-01
1.42214828986654e+02	1.83762561826144e-02,-1.37902878269198e-01
1.43204011348479e+02	1.81146060706670e-02,-1.36986720982974e-01
1.44200074017736e+02	1.78564215384907e-02,-1.36076159028363e-01
1.45203064850749e+02	1.76016585066266e-02,-1.35171168191725e-01
1.46213032036707e+02	1.73502734073268e-02,-1.34271724150268e-01
1.47230024099983e+02	1.71022231799470e-02,-1.33377802477802e-01
1.48254089902463e+02	1.68574652663425e-02,-1.32489378650390e-01
1.49285278645892e+02	1.66159576062687e-02,-1.31606428051863e-01
1.50323639874245e+02	1.63776586327874e-02,-1.30728925979231e-01
1.51369223476099e+02	1.61425272676801e-02,-1.29856847647972e-01
1.52422079687033e+02	1.59105229168700e-02,-1.28990168197205e-01
1.53482259092046e+02	1.56816054658532e-02,-1.28128862694756e-01
1.54549812627979e+02	1.54557352751404e-02,-1.27272906142109e-01
1.55624791585969e+02	1.52328731757108e-02,-1.26422273479252e-01
1.56707247613912e+02	1.50129804644781e-02,-1.25576939589416e-01
1.57797232718941e+02	1.47960188997709e-02,-1.24736879303704e-01
1.58894799269929e+02	1.45819506968275e-02,-1.23902067405620e-01
1.60000000000004e+02	1.43707385233064e-02,-1.23072478635499e-01
1.61112888009079e+02	1.41623454948135e-02,-1.22248087694834e-01
1.62233516766408e+02	1.39567351704462e-02,-1.21428869250499e-01
1.63361940113155e+02	1.37538715483569e-02,-1.20614797938888e-01
1.64498212264974e+02	1.35537190613338e-02,-1.19805848369944e-01
1.65642387814624e+02	1.33562425724034e-02,-1.19001995131110e-01
1.66794521734583e+02	1.31614073704515e-02,-1.18203212791171e-01
1.67954669379695e+02	1.29691791658672e-02,-1.17409475904022e-01
1.69122886489825e+02	1.27795240862075e-02,-1.16620759012335e-01
1.70299229192542e+02	1.25924086718847e-02,-1.15837036651142e-01
1.71483754005811e+02	1.24077998718770e-02,-1.15058283351339e-01
1.72676517840712e+02	1.22256650394627e-02,-1.14284473643093e-01
1.73877578004173e+02	1.20459719279783e-02,-1.13515582059178e-01
1.75086992201722e+02	1.18686886866016e-02,-1.12751583138222e-01
1.76304818540262e+02	1.16937838561594e-02,-1.11992451427877e-01
1.77531115530859e+02	1.15212263649619e-02,-1.11238161487910e-01
1.78765942091559e+02	1.13509855246615e-02,-1.10488687893218e-01
1.80009357550214e+02	1.11830310261400e-02,-1.09744005236764e-01
1.81261421647332e+02	1.10173329354207e-02,-1.09004088132443e-01
1.82522194538952e+02	1.08538616896095e-02,-1.08268911217871e-01
1.83791736799530e+02	1.06925880928621e-02,-1.07538449157105e-01
1.85070109424850e+02	1.05334833123800e-02,-1.06812676643292e-01
1.86357373834957e+02	1.03765188744343e-02,-1.06091568401247e-01
1.87653591877105e+02	1.02216666604180e-02,-1.05375099189965e-01
1.88958825828729e+02	1.00688989029271e-02,-1.04663243805069e-01
1.90273138400440e+02	9.91818818187080e-03,-1.03955977081187e-01
1.91596592739033e+02	9.76950742061029e-03,-1.03253273894267e-01
1.92929252430526e+02	9.62282988212770e-03,-1.02555109163834e-01
1.94271181503212e+02	9.47812916522421e-03,-1.01861457855180e-01
1.95622444430736e+02	9.33537920074793e-03,-1.01172294981490e-01
1.96983106135191e+02	9.19455424785187e-03,-1.00487595605923e-01
1.98353231990243e+02	9.05562889028176e-03,-9.98073348436157e-02
1.99732887824263e+02	8.91857803269422e-03,-9.91314878636454e-02
2.01122139923497e+02	8.78337689700507e-03,-9.84600298909274e-02
2.02521055035250e+02	8.65000101876821e-03,-9.77929362080616e-02
2.03929700371087e+02	8.51842624358477e-03,-9.71301821571237e-02
2.05348143610070e+02	8.38862872354296e-03,-9.64717431414045e-02
2.06776452902004e+02	8.26058491368841e-03,-9.58175946270972e-02
2.08214696870715e+02	8.13427156852526e-03,-9.51677121449336e-02
2.09662944617343e+02	8.00966573854782e-03,-9.45220712917716e-02
2.11121265723668e+02	7.88674476680297e-03,-9.38806477321335e-02
2.12589730255447e+02	7.76548628548331e-03,-9.32434171996961e-02
2.14068408765783e+02	7.64586821255097e-03,-9.26103554987352e-02
2.15557372298516e+02	7.52786874839209e-03,-9.19814385055234e-02
2.17056692391633e+02	7.41146637250206e-03,-9.13566421696835e-02
2.18566441080709e+02	7.29663984020137e-03,-9.07359425154976e-02
2.20086690902365e+02	7.18336817938202e-03,-9.01193156431740e-02
2.21617514897754e+02	7.07163068728454e-03,-8.95067377300704e-02
2.23158986616071e+02	6.96140692730554e-03,-8.88981850318777e-02
2.24711180118085e+02	6.85267672583561e-03,-8.82936338837618e-02
2.26274169979701e+02	6.74542016912771e-03,-8.76930607014671e-02
2.27848031295537e+02	6.63961760019567e-03,-8.70964419823799e-02
2.29432839682538e+02	6.53524961574310e-03,-8.65037543065551e-02
2.31028671283605e+02	6.43229706312223e-03,-8.59149743377053e-02
2.32635602771256e+02	6.33074103732283e-03,-8.53300788241531e-02
2.34253711351306e+02	6.23056287799104e-03,-8.47490445997484e-02
2.35883074766582e+02	6.13174416647790e-03,-8.41718485847509e-02
2.37523771300654e+02	6.03426672291768e-03,-8.35984677866782e-02
2.39175879781596e+02	5.93811260333560e-03,-8.30288793011207e-02
2.40839479585777e+02	5.84326409678502e-03,-8.24630603125237e-02
2.42514650641670e+02	5.74970372251394e-03,-8.19009880949382e-02
2.44201473433696e+02	5.65741422716057e-03,-8.13426400127396e-02
2.45900029006089e+02	5.56637858197792e-03,-8.07879935213167e-02
2.47610398966789e+02	5.47657998008719e-03,-8.02370261677304e-02
2.49332665491367e+02	5.38800183375989e-03,-7.96897155913431e-02
2.51066911326967e+02	5.30062777172845e-03,-7.91460395244200e-02
2.52813219796288e+02	5.21444163652522e-03,-7.86059757927019e-02
2.54571674801581e+02	5.12942748184961e-03,-7.80695023159513e-02
2.56342360828686e+02	5.04556956996333e-03,-7.75365971084716e-02
2.58125362951087e+02	4.96285236911348e-03,-7.70072382795997e-02
2.59920766834002e+02	4.88126055098325e-03,-7.64814040341742e-02
2.61728658738497e+02	4.80077898817017e-03,-7.59590726729777e-02
2.63549125525631e+02	4.72139275169176e-03,-7.54402225931553e-02
2.65382254660629e+02	4.64308710851817e-03,-7.49248322886091e-02
2.67228134217086e+02	4.56584751913190e-03,-7.44128803503695e-02
2.69086852881196e+02	4.48965963511419e-03,-7.39043454669440e-02
2.70958499956016e+02	4.41450929675812e-03,-7.33992064246436e-02
2.72843165365754e+02	4.34038253070795e-03,-7.28974421078878e-02
2.74740939660089e+02	4.26726554762471e-03,-7.23990314994880e-02
2.76651914018525e+02	4.19514473987785e-03,-7.19039536809109e-02
2.78576180254768e+02	4.12400667926262e-03,-7.14121878325212e-02
2.80513830821139e+02	4.05383811474302e-03,-7.09237132338052e-02
2.82464958813018e+02	3.98462597022026e-03,-7.04385092635743e-02
2.84429657973310e+02	3.91635734232634e-03,-6.99565554001512e-02
2.86408022696959e+02	3.84901949824263e-03,-6.94778312215359e-02
2.88400148035474e+02	3.78259987354333e-03,-6.90023164055560e-02
2.90406129701500e+02	3.71708607006339e-03,-6.85299907299976e-02
2.92426064073417e+02	3.65246585379098e-03,-6.80608340727211e-02
2.94460048199969e+02	3.58872715278399e-03,-6.75948264117584e-02
2.96508179804927e+02	3.52585805511061e-03,-6.71319478253962e-02
2.98570557291787e+02	3.46384680681365e-03,-6.66721784922415e-02
3.00647279748492e+02	3.40268180989844e-03,-6.62154986912733e-02
3.02738446952199e+02	3.34235162034405e-03,-6.57618888018784e-02
3.04844159374069e+02	3.28284494613773e-03,-6.53113293038733e-02
3.06964518184094e+02	3.22415064533226e-03,-6.48638007775110e-02
3.09099625255960e+02	3.16625772412600e-03,-6.44192839034750e-02
3.11249583171940e+02	3.10915533496556e-03,-6.39777594628591e-02
3.13414495227826e+02	3.05283277467072e-03,-6.35392083371344e-02
3.15594465437884e+02	2.99727948258152e-03,-6.31036115081034e-02
3.17789598539861e+02	2.94248503872721e-03,-6.26709500578417e-02
3.20000000000009e+02	2.88843916201698e-03,-6.22412051686271e-02
3.22225776018160e+02	2.83513170845210e-03,-6.18143581228582e-02
3.24467033532819e+02	2.78255266935944e-03,-6.13903903029599e-02
3.26723880226312e+02	2.73069216964602e-03,-6.09692831912788e-02
3.28996424529951e+02	2.67954046607446e-03,-6.05510183699672e-02
3.31284775629251e+02	2.62908794555917e-03,-6.01355775208574e-02
3.33589043469169e+02	2.57932512348289e-03,-5.97229424253241e-02
3.35909338759392e+02	2.53024264203366e-03,-5.93130949641383e-02
3.38245772979652e+02	2.48183126856171e-03,-5.89060171173112e-02
3.40598458385085e+02	2.43408189395639e-03,-5.85016909639280e-02
3.42967508011624e+02	2.38698553104258e-03,-5.81000986819728e-02
3.45353035681427e+02	2.34053331299677e-03,-5.77012225481455e-02
3.47755156008349e+02	2.29471649178224e-03,-5.73050449376684e-02
3.50173984403447e+02	2.24952643660347e-03,-5.69115483240858e-02
3.52609637080526e+02	2.20495463237927e-03,-5.65207152790547e-02
3.55062231061721e+02	2.16099267823478e-03,-5.61325284721282e-02
3.57531884183121e+02	2.11763228601176e-03,-5.57469706705300e-02
3.60018715100430e+02	2.07486527879734e-03,-5.53640247389234e-02
3.62522843294667e+02	2.03268358947078e-03,-5.49836736391710e-02
3.65044389077907e+02	1.99107925926818e-03,-5.46059004300888e-02
3.67583473599063e+02	1.95004443636488e-03,-5.42306882671931e-02
3.70140218849704e+02	1.90957137447544e-03,-5.38580204024408e-02
3.72714747669917e+02	1.86965243147090e-03,-5.34878801839630e-02
3.75307183754213e+02	1.83028006801325e-03,-5.31202510557934e-02
3.77917651657462e+02	1.79144684620686e-03,-5.27551165575897e-02
3.80546276800883e+02	1.75314542826668e-03,-5.23924603243497e-02
3.83193185478069e+02	1.71536857520300e-03,-5.20322660861218e-02
3.85858504861056e+02	1.67810914552279e-03,-5.16745176677103e-02
3.88542363006427e+02	1.64136009394706e-03,-5.13191989883750e-02
3.91244888861474e+02	1.60511447014444e-03,-5.09662940615262e-02
3.93966212270386e+02	1.56936541748063e-03,-5.06157869944147e-02
3.96706463980488e+02	1.53410617178343e-03,-5.02676619878170e-02
3.99465775648529e+02	1.49933006012348e-03,-4.99219033357163e-02
4.02244279846998e+02	1.46503049961021e-03,-4.95784954249785e-02
4.05042110070503e+02	1.43120099620305e-03,-4.92374227350250e-02
4.07859400742177e+02	1.39783514353762e-03,-4.88986698375005e-02
4.10696287220143e+02	1.36492662176679e-03,-4.85622213959374e-02
4.13552905804011e+02	1.33246919641639e-03,-4.82280621654163e-02
4.16429393741432e+02	1.30045671725540e-03,-4.78961769922230e-02
4.19325889234690e+02	1.26888311718056e-03,-4.75665508135021e-02
4.22242531447340e+02	1.23774241111508e-03,-4.72391686569070e-02
4.25179460510898e+02	1.20702869492139e-03,-4.69140156402470e-02
4.28136817531570e+02	1.17673614432772e-03,-4.65910769711312e-02
4.31114744597035e+02	1.14685901386844e-03,-4.62703379466095e-02
4.34113384783269e+02	1.11739163583781e-03,-4.59517839528112e-02
4.37132882161421e+02	1.08832841925722e-03,-4.56354004645798e-02
4.40173381804733e+02	1.05966384885560e-03,-4.53211730451070e-02
4.43235029795511e+02	1.03139248406284e-03,-4.50090873455624e-02
4.46317973232145e+02	1.00350895801625e-03,-4.46991291047224e-02
4.49422360236174e+02	9.76007976579606e-04,-4.43912841485960e-02
4.52548339959406e+02	9.48884317374980e-04,-4.40855383900486e-02
4.55696062591078e+02	9.22132828826881e-04,-4.37818778284246e-02
4.58865679365080e+02	8.95748429218792e-04,-4.34802885491668e-02
4.62057342567214e+02	8.69726105761839e-04,-4.31807567234352e-02
4.65271205542515e+02	8.44060913675482e-04,-4.28832686077236e-02
4.68507422702616e+02	8.18747975280084e-04,-4.25878105434745e-02
4.71766149533168e+02	7.93782479101214e-04,-4.22943689566928e-02
4.75047542601312e+02	7.69159678985534e-04,-4.20029303575579e-02
4.78351759563197e+02	7.44874893228150e-04,-4.17134813400348e-02
4.81678959171558e+02	7.20923503711266e-04,-4.14260085814836e-02
4.85029301283344e+02	6.97300955054030e-04,-4.11404988422682e-02
4.88402946867396e+02	6.74002753773404e-04,-4.08569389653635e-02
4.91800058012181e+02	6.51024467455967e-04,-4.05753158759622e-02
4.95220797933582e+02	6.28361723940470e-04,-4.02956165810804e-02
4.98665330982737e+02	6.06010210511056e-04,-4.00178281691625e-02
5.02133822653938e+02	5.83965673100988e-04,-3.97419378096853e-02
5.05626439592579e+02	5.62223915506754e-04,-3.94679327527613e-02
5.09143349603166e+02	5.40780798612457e-04,-3.91958003287417e-02
5.12684721657376e+02	5.19632239624309e-04,-3.89255279478190e-02
5.16250725902179e+02	4.98774211315160e-04,-3.86571030996285e-02
5.19841533668009e+02	4.78202741278903e-04,-3.83905133528502e-02
5.23457317476998e+02	4.57913911194639e-04,-3.81257463548099e-02
5.27098251051265e+02	4.37903856100498e-04,-3.78627898310802e-02
5.30764509321261e+02	4.18168763676968e-04,-3.76016315850813e-02
5.34456268434175e+02	3.98704873539657e-04,-3.73422594976816e-02
5.38173705762396e+02	3.79508476541319e-04,-3.70846615267987e-02
5.41916999912037e+02	3.60575914083062e-04,-3.68288257069994e-02
5.45686330731512e+02	3.41903577434636e-04,-3.65747401491008e-02
5.49481879320182e+02	3.23487907063635e-04,-3.63223930397710e-02
5.53303828037053e+02	3.05325391973564e-04,-3.60717726411298e-02
5.57152360509539e+02	2.87412569050620e-04,-3.58228672903499e-02
5.61027661642283e+02	2.69746022419084e-04,-3.55756653992583e-02
5.64929917626039e+02	2.52322382805234e-04,-3.53301554539381e-02
5.68859315946625e+02	2.35138326909649e-04,-3.50863260143301e-02
5.72816045393923e+02	2.18190576787813e-04,-3.48441657138357e-02
5.76800296070952e+02	2.01475899238912e-04,-3.46036632589191e-02
5.80812259403004e+02	1.84991105202716e-04,-3.43648074287116e-02
5.84852128146837e+02	1.68733049164453e-04,-3.41275870746143e-02
5.88920096399941e+02	1.52698628567556e-04,-3.38919911199035e-02
5.93016359609859e+02	1.36884783234213e-04,-3.36580085593350e-02
5.97141114583579e+02	1.21288494793587e-04,-3.34256284587503e-02
6.01294559496990e+02	1.05906786117640e-04,-3.31948399546828e-02
6.05476893904404e+02	9.07367207644370e-05,-3.29656322539644e-02
6.09688318748142e+02	7.57754024288577e-05,-3.27379946333341e-02
6.13929036368192e+02	6.10199744006082e-05,-3.25119164390461e-02
6.18199250511924e+02	4.64676190294418e-05,-3.22873870864794e-02
6.22499166343886e+02	3.21155571975013e-05,-3.20643960597478e-02
6.26828990455656e+02	1.79610477986883e-05,-3.18429329113116e-02
6.31188930875773e+02	4.00138722496911e-06,-3.16229872615894e-02
6.35579197079727e+02	-9.76609114046955e-06,-3.14045487985707e-02
6.40000000000024e+02	-2.33440174233007e-05,-3.11876072774309e-02
6.44451552036324e+02	-3.67349857514659e-05,-3.09721525201453e-02
6.48934067065643e+02	-4.99415547419945e-05,-3.07581744151056e-02
6.53447760452628e+02	-6.29662479813165e-05,-3.05456629167372e-02
6.57992849059907e+02	-7.58115544991550e-05,-3.03346080451168e-02
6.62569551258507e+02	-8.84799292360834e-05,-3.01249998855921e-02
6.67178086938343e+02	-1.00973793504819e-04,-2.99168285884019e-02
6.71818677518788e+02	-1.13295535445352e-04,-2.97100843682980e-02
6.76491545959309e+02	-1.25447510473961e-04,-2.95047575041676e-02
6.81196916770176e+02	-1.37432041726235e-04,-2.93008383386572e-02
6.85935016023254e+02	-1.49251420494128e-04,-2.90983172777980e-02
6.90706071362860e+02	-1.60907906657179e-04,-2.88971847906317e-02
6.95510312016704e+02	-1.72403729107916e-04,-2.86974314088388e-02
7.00347968806900e+02	-1.83741086171575e-04,-2.84990477263669e-02
7.05219274161058e+02	-1.94922146020162e-04,-2.83020243990613e-02
7.10124462123448e+02	-2.05949047080960e-04,-2.81063521442957e-02
7.15063768366248e+02	-2.16823898439539e-04,-2.79120217406061e-02
7.20037430200866e+02	-2.27548780237348e-04,-2.77190240273238e-02
7.25045686589339e+02	-2.38125744063954e-04,-2.75273499042116e-02
7.30088778155819e+02	-2.48556813344000e-04,-2.73369903311003e-02
7.35166947198131e+02	-2.58843983718955e-04,-2.71479363275270e-02
7.40280437699413e+02	-2.68989223423714e-04,-2.69601789723746e-02
7.45429495339841e+02	-2.78994473658125e-04,-2.67737094035129e-02
7.50614367508432e+02	-2.88861648953501e-04,-2.65885188174411e-02
7.55835303314929e+02	-2.98592637534192e-04,-2.64045984689315e-02
7.61092553601771e+02	-3.08189301674275e-04,-2.62219396706747e-02
7.66386370956144e+02	-3.17653478049420e-04,-2.60405337929266e-02
7.71717009722117e+02	-3.26986978084012e-04,-2.58603722631565e-02
7.77084726012860e+02	-3.36191588293575e-04,-2.56814465656966e-02
7.82489777722954e+02	-3.45269070622569e-04,-2.55037482413936e-02
7.87932424540777e+02	-3.54221162777616e-04,-2.53272688872609e-02
7.93412927960983e+02	-3.63049578556215e-04,-2.51520001561327e-02
7.98931551297063e+02	-3.71756008171006e-04,-2.49779337563202e-02
8.04488559694002e+02	-3.80342118569653e-04,-2.48050614512682e-02
8.10084220141011e+02	-3.88809553750371e-04,-2.46333750592142e-02
8.15718801484360e+02	-3.97159935073198e-04,-2.44628664528481e-02
8.21392574440291e+02	-4.05394861567032e-04,-2.42935275589748e-02
8.27105811608028e+02	-4.13515910232508e-04,-2.41253503581763e-02
8.32858787482871e+02	-4.21524636340762e-04,-2.39583268844778e-02
8.38651778469386e+02	-4.29422573728137e-04,-2.37924492250130e-02
8.44485062894686e+02	-4.37211235086893e-04,-2.36277095196929e-02
8.50358921021801e+02	-4.44892112251956e-04,-2.34640999608748e-02
8.56273635063146e+02	-4.52466676483778e-04,-2.33016127930332e-02
8.62229489194076e+02	-4.59936378747344e-04,-2.31402403124333e-02
8.68226769566545e+02	-4.67302649987387e-04,-2.29799748668040e-02
8.74265764322848e+02	-4.74566901399849e-04,-2.28208088550149e-02
8.80346763609472e+02	-4.81730524699660e-04,-2.26627347267527e-02
8.86470059591028e+02	-4.88794892384852e-04,-2.25057449822006e-02
8.92635946464296e+02	-4.95761357997089e-04,-2.23498321717188e-02
8.98844720472355e+02	-5.02631256378631e-04,-2.21949888955265e-02
9.05096679918818e+02	-5.09405903925806e-04,-2.20412078033858e-02
9.11392125182163e+02	-5.16086598839012e-04,-2.18884815942867e-02
9.17731358730167e+02	-5.22674621369314e-04,-2.17368030161341e-02
9.24114685134435e+02	-5.29171234061671e-04,-2.15861648654364e-02
9.30542411085037e+02	-5.35577681994835e-04,-2.14365599869955e-02
9.37014845405239e+02	-5.41895193017982e-04,-2.12879812735982e-02
9.43532299066344e+02	-5.48124977984094e-04,-2.11404216657099e-02
9.50095085202631e+02	-5.54268230980160e-04,-2.09938741511689e-02
9.56703519126400e+02	-5.60326129554217e-04,-2.08483317648834e-02
9.63357918343123e+02	-5.66299834939289e-04,-2.07037875885292e-02
9.70058602566695e+02	-5.72190492274256e-04,-2.05602347502492e-02
9.76805893734798e+02	-5.77999230821693e-04,-2.04176664243551e-02
9.83600116024369e+02	-5.83727164182731e-04,-2.02760758310294e-02
9.90441595867171e+02	-5.89375390508961e-04,-2.01354562360308e-02
9.97330661965481e+02	-5.94944992711436e-04,-1.99958009503992e-02
1.00426764530788e+03	-6.00437038666803e-04,-1.98571033301639e-02
1.01125287918517e+03	-6.05852581420604e-04,-1.97193567760526e-02
1.01828669920634e+03	-6.11192659387777e-04,-1.95825547332019e-02
1.02536944331476e+03	-6.16458296550413e-04,-1.94466906908700e-02
1.03250145180437e+03	-6.21650502652780e-04,-1.93117581821502e-02
1.03968306733603e+03	-6.26770273393676e-04,-1.91777507836867e-02
1.04691463495400e+03	-6.31818590616119e-04,-1.90446621153913e-02
1.05419650210254e+03	-6.36796422494437e-04,-1.89124858401622e-02
1.06152901864253e+03	-6.41704723718775e-04,-1.87812156636045e-02
1.06891253686836e+03	-6.46544435677057e-04,-1.86508453337511e-02
1.07634741152480e+03	-6.51316486634437e-04,-1.85213686407869e-02
1.08383399982408e+03	-6.56021791910277e-04,-1.83927794167732e-02
1.09137266146303e+03	-6.60661254052679e-04,-1.82650715353741e-02
1.09896375864037e+03	-6.65235763010605e-04,-1.81382389115847e-02
1.10660765607411e+03	-6.69746196303620e-04,-1.80122755014605e-02
1.11430472101909e+03	-6.74193419189281e-04,-1.78871753018484e-02
1.12205532328457e+03	-6.78578284828220e-04,-1.77629323501195e-02
1.12985983525209e+03	-6.82901634446934e-04,-1.76395407239030e-02
1.13771863189326e+03	-6.87164297498317e-04,-1.75169945408221e-02
1.14563209078785e+03	-6.91367091819976e-04,-1.73952879582313e-02
1.15360059214191e+03	-6.95510823790344e-04,-1.72744151729547e-02
1.16162451880602e+03	-6.99596288482626e-04,-1.71543704210266e-02
1.16970425629368e+03	-7.03624269816616e-04,-1.70351479774334e-02
1.17784019279989e+03	-7.07595540708392e-04,-1.69167421558566e-02
1.18603271921973e+03	-7.11510863217939e-04,-1.67991473084176e-02
1.19428222916717e+03	-7.15370988694716e-04,-1.66823578254242e-02
1.20258911899399e+03	-7.19176657921194e-04,-1.65663681351185e-02
1.21095378780882e+03	-7.22928601254397e-04,-1.64511727034257e-02
1.21937663749629e+03	-7.26627538765474e-04,-1.63367660337054e-02
1.22785807273639e+03	-7.30274180377311e-04,-1.62231426665037e-02
1.23639850102386e+03	-7.33869226000242e-04,-1.61102971793067e-02
1.24499833268778e+03	-7.37413365665845e-04,-1.59982241862962e-02
1.25365798091132e+03	-7.40907279658881e-04,-1.58869183381062e-02
1.26237786175155e+03	-7.44351638647385e-04,-1.57763743215807e-02
1.27115839415946e+03	-7.47747103810929e-04,-1.56665868595340e-02
1.28000000000006e+03	-7.51094326967102e-04,-1.55575507105112e-02
1.28890310407266e+03	-7.54393950696201e-04,-1.54492606685511e-02
1.29786813413129e+03	-7.57646608464187e-04,-1.53417115629498e-02
1.30689552090527e+03	-7.60852924743906e-04,-1.52348982580265e-02
1.31598569811982e+03	-7.64013515134610e-04,-1.51288156528903e-02
1.32513910251702e+03	-7.67128986479800e-04,-1.50234586812080e-02
1.33435617387669e+03	-7.70199936983403e-04,-1.49188223109745e-02
1.34363735503759e+03	-7.73226956324322e-04,-1.48149015442832e-02
1.35298309191863e+03	-7.76210625769363e-04,-1.47116914170993e-02
1.36239383354036e+03	-7.79151518284578e-04,-1.46091869990330e-02
1.37187003204652e+03	-7.82050198645022e-04,-1.45073833931152e-02
1.38141214272573e+03	-7.84907223542976e-04,-1.44062757355743e-02
1.39102062403342e+03	-7.87723141694627e-04,-1.43058591956139e-02
1.40069593761381e+03	-7.90498493945238e-04,-1.42061289751930e-02
1.41043854832213e+03	-7.93233813372834e-04,-1.41070803088061e-02
1.42024892424691e+03	-7.95929625390412e-04,-1.40087084632660e-02
1.43012753673251e+03	-7.98586447846701e-04,-1.39110087374871e-02
1.44007486040174e+03	-8.01204791125490e-04,-1.38139764622706e-02
1.45009137317869e+03	-8.03785158243545e-04,-1.37176070000908e-02
1.46017755631165e+03	-8.06328044947123e-04,-1.36218957448826e-02
1.47033389439627e+03	-8.08833939807122e-04,-1.35268381218307e-02
1.48056087539884e+03	-8.11303324312863e-04,-1.34324295871599e-02
1.49085899067969e+03	-8.13736672964538e-04,-1.33386656279268e-02
1.50122873501687e+03	-8.16134453364334e-04,-1.32455417618129e-02
1.51167060662987e+03	-8.18497126306247e-04,-1.31530535369189e-02
1.52218510720355e+03	-8.20825145864617e-04,-1.30611965315602e-02
1.53277274191230e+03	-8.23118959481387e-04,-1.29699663540641e-02
1.54343401944424e+03	-8.25379008052108e-04,-1.28793586425681e-02
1.55416945202573e+03	-8.27605726010709e-04,-1.27893690648191e-02
1.56497955544592e+03	-8.29799541413040e-04,-1.26999933179747e-02
1.57586484908157e+03	-8.31960876019221e-04,-1.26112271284051e-02
1.58682585592198e+03	-8.34090145374789e-04,-1.25230662514967e-02
1.59786310259414e+03	-8.36187758890678e-04,-1.24355064714566e-02
1.60897711938801e+03	-8.38254119922045e-04,-1.23485436011187e-02
1.62016844028203e+03	-8.40289625845942e-04,-1.22621734817508e-02
1.63143760296873e+03	-8.42294668137869e-04,-1.21763919828634e-02
1.64278514888059e+03	-8.44269632447212e-04,-1.20911950020190e-02
1.65421162321607e+03	-8.46214898671578e-04,-1.20065784646437e-02
1.66571757496575e+03	-8.48130841030056e-04,-1.19225383238386e-02
1.67730355693878e+03	-8.50017828135397e-04,-1.18390705601942e-02
1.68897012578938e+03	-8.51876223065142e-04,-1.17561711816042e-02
1.70071784204361e+03	-8.53706383431716e-04,-1.16738362230821e-02
1.71254727012630e+03	-8.55508661451478e-04,-1.15920617465781e-02
1.72445897838816e+03	-8.57283404012774e-04,-1.15108438407971e-02
1.73645353913310e+03	-8.59030952742974e-04,-1.14301786210191e-02
1.74853152864571e+03	-8.60751644074529e-04,-1.13500622289189e-02
1.76069352721896e+03	-8.62445809310052e-04,-1.12704908323889e-02
1.77294011918207e+03	-8.64113774686430e-04,-1.11914606253618e-02
1.78527189292860e+03	-8.65755861437994e-04,-1.11129678276351e-02
1.79768944094472e+03	-8.67372385858753e-04,-1.10350086846964e-02
1.81019335983765e+03	-8.68963659363689e-04,-1.09575794675504e-02
1.82278425036434e+03	-8.70529988549155e-04,-1.08806764725463e-02
1.83546271746035e+03	-8.72071675252365e-04,-1.08042960212074e-02
1.84822937026888e+03	-8.73589016609992e-04,-1.07284344600606e-02
1.86108482217009e+03	-8.75082305115895e-04,-1.06530881604681e-02
1.87402969081049e+03	-8.76551828677972e-04,-1.05782535184598e-02
1.88706459813270e+03	-8.77997870674171e-04,-1.05039269545670e-02
1.90019017040527e+03	-8.79420710007640e-04,-1.04301049136568e-02
1.91340703825281e+03	-8.80820621161059e-04,-1.03567838647683e-02
1.92671583668626e+03	-8.82197874250147e-04,-1.02839603009495e-02
1.94011720513340e+03	-8.83552735076354e-04,-1.02116307390951e-02
1.95361178746961e+03	-8.84885465178756e-04,-1.01397917197862e-02
1.96720023204875e+03	-8.86196321885160e-04,-1.00684398071306e-02
1.98088319173436e+03	-8.87485558362436e-04,-9.99757158860357e-03
1.99466132393098e+03	-8.88753423666066e-04,-9.92718367489127e-03
2.00853529061578e+03	-8.90000162788949e-04,-9.85727269973381e-03
2.02250575837034e+03	-8.91226016709449e-04,-9.78783531977013e-03
2.03657339841269e+03	-8.92431222438705e-04,-9.71886821438381e-03
2.05073888662953e+03	-8.93616013067218e-04,-9.65036808554995e-03
2.06500290360874e+03	-8.94780617810708e-04,-9.58233165768308e-03
2.07936613467207e+03	-8.95925262055271e-04,-9.51475567748622e-03
2.09382926990802e+03	-8.97050167401831e-04,-9.44763691380099e-03
2.10839300420509e+03	-8.98155551709900e-04,-9.38097215745867e-03
2.12305803728508e+03	-8.99241629140662e-04,-9.31475822113250e-03
2.13782507373673e+03	-9.00308610199371e-04,-9.24899193919085e-03
2.15269482304962e+03	-9.01356701777105e-04,-9.18367016755158e-03
2.16766799964818e+03	-9.02386107191844e-04,-9.11878978353734e-03
2.18274532292608e+03	-9.03397026228919e-04,-9.05434768573194e-03
2.19792751728076e+03	-9.04389655180812e-04,-8.99034079383779e-03
2.21321531214825e+03	-9.05364186886332e-04,-8.92676604853427e-03
2.22860944203819e+03	-9.06320810769171e-04,-8.86362041133727e-03
2.24411064656916e+03	-9.07259712875845e-04,-8.80090086445959e-03
2.25971967050419e+03	-9.08181075913037e-04,-8.73860441067243e-03
2.27543726378653e+03	-9.09085079284333e-04,-8.67672807316794e-03
2.29126418157573e+03	-9.09971899126385e-04,-8.61526889542266e-03
2.30720118428384e+03	-9.10841708344487e-04,-8.55422394106205e-03
2.32324903761205e+03	-9.11694676647575e-04,-8.49359029372597e-03
2.33940851258738e+03	-9.12530970582674e-04,-8.43336505693520e-03
2.35568038559980e+03	-9.13350753568787e-04,-8.37354535395887e-03
2.37206543843947e+03	-9.14154185930222e-04,-8.31412832768297e-03
2.38856445833435e+03	-9.14941424929404e-04,-8.25511114047975e-03
2.40517823798799e+03	-9.15712624799128e-04,-8.19649097407813e-03
2.42190757561765e+03	-9.16467936774310e-04,-8.13826502943514e-03
2.43875327499260e+03	-9.17207509123200e-04,-8.08043052660822e-03
2.45571614547280e+03	-9.17931487178101e-04,-8.02298470462857e-03
2.47279700204773e+03	-9.18640013365577e-04,-7.96592482137541e-03
2.48999666537558e+03	-9.19333227236162e-04,-7.90924815345124e-03
2.50731596182266e+03	-9.20011265493590e-04,-7.85295199605798e-03
2.52475572350313e+03	-9.20674262023539e-04,-7.79703366287416e-03
2.54231678831894e+03	-9.21322347921896e-04,-7.74149048593295e-03
2.56000000000013e+03	-9.21955651522562e-04,-7.68631981550122e-03
2.57780620814533e+03	-9.22574298424794e-04,-7.63151901995948e-03
2.59573626826261e+03	-9.23178411520093e-04,-7.57708548568277e-03
2.61379104181055e+03	-9.23768111018648e-04,-7.52301661692248e-03
2.63197139623967e+03	-9.24343514475336e-04,-7.46930983568913e-03
2.65027820503406e+03	-9.24904736815295e-04,-7.41596258163601e-03
2.66871234775341e+03	-9.25451890359066e-04,-7.36297231194376e-03
2.68727471007519e+03	-9.25985084847317e-04,-7.31033650120592e-03
2.70596618383727e+03	-9.26504427465161e-04,-7.25805264131533e-03
2.72478766708074e+03	-9.27010022866057e-04,-7.20611824135147e-03
2.74374006409305e+03	-9.27501973195319e-04,-7.15453082746869e-03
2.76282428545148e+03	-9.27980378113233e-04,-7.10328794278536e-03
2.78204124806685e+03	-9.28445334817782e-04,-7.05238714727390e-03
2.80139187522764e+03	-9.28896938066999e-04,-7.00182601765174e-03
2.82087709664427e+03	-9.29335280200943e-04,-6.95160214727314e-03
2.84049784849383e+03	-9.29760451163306e-04,-6.90171314602193e-03
2.86025507346503e+03	-9.30172538522667e-04,-6.85215664020509e-03
2.88014972080350e+03	-9.30571627493386e-04,-6.80293027244729e-03
2.90018274635740e+03	-9.30957800956154e-04,-6.75403170158624e-03
2.92035511262332e+03	-9.31331139478205e-04,-6.70545860256895e-03
2.94066778879257e+03	-9.31691721333186e-04,-6.65720866634889e-03
2.96112175079769e+03	-9.32039622520708e-04,-6.60927959978398e-03
2.98171798135941e+03	-9.32374916785570e-04,-6.56166912553545e-03
3.00245747003377e+03	-9.32697675636673e-04,-6.51437498196762e-03
3.02334121325976e+03	-9.33007968365618e-04,-6.46739492304852e-03
3.04437021440713e+03	-9.33305862065010e-04,-6.42072671825131e-03
3.06554548382462e+03	-9.33591421646463e-04,-6.37436815245667e-03
3.08686803888851e+03	-9.33864709858311e-04,-6.32831702585595e-03
3.10833890405149e+03	-9.34125787303050e-04,-6.28257115385524e-03
3.12995911089186e+03	-9.34374712454487e-04,-6.23712836698027e-03
3.15172969816316e+03	-9.34611541674626e-04,-6.19198651078211e-03
3.17365171184398e+03	-9.34836329230300e-04,-6.14714344574383e-03
3.19572620518830e+03	-9.35049127309526e-04,-6.10259704718790e-03
3.21795423877605e+03	-9.35249986037629e-04,-6.05834520518444e-03
3.24033688056409e+03	-9.35438953493113e-04,-6.01438582446039e-03
3.26287520593749e+03	-9.35616075723289e-04,-5.97071682430944e-03
3.28557029776121e+03	-9.35781396759687e-04,-5.92733613850279e-03
3.30842324643216e+03	-9.35934958633228e-04,-5.88424171520084e-03
3.33143514993153e+03	-9.36076801389191e-04,-5.84143151686555e-03
3.35460711387759e+03	-9.36206963101960e-04,-5.79890352017376e-03
3.37794025157879e+03	-9.36325479889573e-04,-5.75665571593133e-03
3.40143568408726e+03	-9.36432385928064e-04,-5.71468610898796e-03
3.42509454025263e+03	-9.36527713465631e-04,-5.67299271815303e-03
3.44891795677636e+03	-9.36611492836597e-04,-5.63157357611209e-03
3.47290707826623e+03	-9.36683752475218e-04,-5.59042672934427e-03
3.49706305729145e+03	-9.36744518929298e-04,-5.54955023804046e-03
3.52138705443794e+03	-9.36793816873658e-04,-5.50894217602229e-03
3.54588023836416e+03	-9.36831669123436e-04,-5.46860063066194e-03
3.57054378585724e+03	-9.36858096647247e-04,-5.42852370280277e-03
3.59537888188947e+03	-9.36873118580194e-04,-5.38870950668069e-03
3.62038671967532e+03	-9.36876752236744e-04,-5.34915616984640e-03
3.64556850072871e+03	-9.36869013123480e-04,-5.30986183308841e-03
3.67092543492072e+03	-9.36849914951728e-04,-5.27082465035683e-03
3.69645874053780e+03	-9.36819469650069e-04,-5.23204278868797e-03
3.72216964434020e+03	-9.36777687376749e-04,-5.19351442812970e-03
3.74805938162101e+03	-9.36724576531990e-04,-5.15523776166773e-03
3.77412919626543e+03	-9.36660143770200e-04,-5.11721099515244e-03
3.80038034081058e+03	-9.36584394012110e-04,-5.07943234722672e-03
3.82681407650566e+03	-9.36497330456832e-04,-5.04190004925450e-03
3.85343167337255e+03	-9.36398954593842e-04,-5.00461234524999e-03
3.88023441026684e+03	-9.36289266214908e-04,-4.96756749180783e-03
3.90722357493925e+03	-9.36168263425960e-04,-4.93076375803392e-03
3.93440046409753e+03	-9.36035942658923e-04,-4.89419942547702e-03
3.96176638346874e+03	-9.35892298683498e-04,-4.85787278806122e-03
3.98932264786198e+03	-9.35737324618928e-04,-4.82178215201900e-03
4.01707058123159e+03	-9.35571011945734e-04,-4.78592583582523e-03
4.04501151674072e+03	-9.35393350517440e-04,-4.75030217013181e-03
4.07314679682541e+03	-9.35204328572289e-04,-4.71490949770312e-03
4.10147777325910e+03	-9.35003932744972e-04,-4.67974617335220e-03
4.13000580721752e+03	-9.34792148078359e-04,-4.64481056387766e-03
4.15873226934416e+03	-9.34568958035251e-04,-4.61010104800145e-03
4.18765853981608e+03	-9.34334344510167e-04,-4.57561601630717e-03
4.21678600841022e+03	-9.34088287841165e-04,-4.54135387117934e-03
4.24611607457018e+03	-9.33830766821703e-04,-4.50731302674324e-03
4.27565014747350e+03	-9.33561758712565e-04,-4.47349190880556e-03
4.30538964609927e+03	-9.33281239253842e-04,-4.43988895479580e-03
4.33533599929639e+03	-9.32989182676996e-04,-4.40650261370829e-03
4.36549064585219e+03	-9.32685561716990e-04,-4.37333134604508e-03
4.39585503456155e+03	-9.32370347624527e-04,-4.34037362375941e-03
4.42643062429652e+03	-9.32043510178374e-04,-4.30762793019999e-03
4.45721888407641e+03	-9.31705017697806e-04,-4.27509276005593e-03
4.48822129313836e+03	-9.31354837055164e-04,-4.24276661930240e-03
4.51943934100841e+03	-9.30992933688540e-04,-4.21064802514700e-03
4.55087452757310e+03	-9.30619271614605e-04,-4.17873550597682e-03
4.58252836315148e+03	-9.30233813441579e-04,-4.14702760130615e-03
4.61440236856772e+03	-9.29836520382364e-04,-4.11552286172493e-03
4.64649807522413e+03	-9.29427352267840e-04,-4.08421984884789e-03
4.67881702517480e+03	-9.29006267560336e-04,-4.05311713526427e-03
4.71136077119964e+03	-9.28573223367298e-04,-4.02221330448836e-03
4.74413087687898e+03	-9.28128175455144e-04,-3.99150695091056e-03
4.77712891666873e+03	-9.27671078263325e-04,-3.96099667974919e-03
4.81035647597602e+03	-9.27201884918617e-04,-3.93068110700291e-03
4.84381515123534e+03	-9.26720547249626e-04,-3.90055885940381e-03
4.87750654998525e+03	-9.26227015801536e-04,-3.87062857437116e-03
4.91143229094564e+03	-9.25721239851109e-04,-3.84088889996571e-03
4.94559400409550e+03	-9.25203167421940e-04,-3.81133849484473e-03
4.97999333075120e+03	-9.24672745299981e-04,-3.78197602821758e-03
5.01463192364536e+03	-9.24129919049346e-04,-3.75280017980194e-03
5.04951144700630e+03	-9.23574633028409e-04,-3.72380963978063e-03
5.08463357663793e+03	-9.23006830406197e-04,-3.69500310875906e-03
5.12000000000031e+03	-9.22426453179103e-04,-3.66637929772318e-03
5.15561241629071e+03	-9.21833442187914e-04,-3.63793692799817e-03
5.19147253652526e+03	-9.21227737135175e-04,-3.60967473120751e-03
5.22758208362114e+03	-9.20609276602905e-04,-3.58159144923276e-03
5.26394279247938e+03	-9.19977998070650e-04,-3.55368583417388e-03
5.30055641006817e+03	-9.19333837933922e-04,-3.52595664831001e-03
5.33742469550686e+03	-9.18676731523003e-04,-3.49840266406086e-03
5.37454942015043e+03	-9.18006613122136e-04,-3.47102266394866e-03
5.41193236767459e+03	-9.17323415989124e-04,-3.44381544056049e-03
5.44957533416153e+03	-9.16627072375329e-04,-3.41677979651131e-03
5.48748012818615e+03	-9.15917513546091e-04,-3.38991454440728e-03
5.52564857090300e+03	-9.15194669801590e-04,-3.36321850680975e-03
5.56408249613375e+03	-9.14458470498134e-04,-3.33669051619959e-03
5.60278375045533e+03	-9.13708844069910e-04,-3.31032941494207e-03
5.64175419328859e+03	-9.12945718051194e-04,-3.28413405525212e-03
5.68099569698771e+03	-9.12169019099039e-04,-3.25810329916008e-03
5.72051014693011e+03	-9.11378673016442e-04,-3.23223601847786e-03
5.76029944160706e+03	-9.10574604776010e-04,-3.20653109476550e-03
5.80036549271484e+03	-9.09756738544129e-04,-3.18098741929813e-03
5.84071022524669e+03	-9.08924997705653e-04,-3.15560389303335e-03
5.88133557758518e+03	-9.08079304889112e-04,-3.13037942657892e-03
5.92224350159543e+03	-9.07219581992467e-04,-3.10531294016083e-03
5.96343596271886e+03	-9.06345750209396e-04,-3.08040336359178e-03
6.00491494006759e+03	-9.05457730056151e-04,-3.05564963623984e-03
6.04668242651957e+03	-9.04555441398970e-04,-3.03105070699756e-03
6.08874042881431e+03	-9.03638803482072e-04,-3.00660553425130e-03
6.13109096764929e+03	-9.02707734956228e-04,-2.98231308585085e-03
6.17373607777707e+03	-9.01762153907937e-04,-2.95817233907931e-03
6.21667780810302e+03	-9.00801977889192e-04,-2.93418228062324e-03
6.25991822178378e+03	-8.99827123947863e-04,-2.91034190654297e-03
6.30345939632636e+03	-8.98837508658708e-04,-2.88665022224318e-03
6.34730342368800e+03	-8.97833048154996e-04,-2.86310624244367e-03
6.39145241037665e+03	-8.96813658160775e-04,-2.83970899115021e-03
6.43590847755216e+03	-8.95779254023788e-04,-2.81645750162566e-03
6.48067376112824e+03	-8.94729750749029e-04,-2.79335081636114e-03
6.52575041187503e+03	-8.93665063032969e-04,-2.77038798704732e-03
6.57114059552248e+03	-8.92585105298433e-04,-2.74756807454583e-03
6.61684649286437e+03	-8.91489791730165e-04,-2.72489014886072e-03
6.66287029986312e+03	-8.90379036311051e-04,-2.70235328910992e-03
6.70921422775524e+03	-8.89252752859046e-04,-2.67995658349681e-03
6.75588050315764e+03	-8.88110855064770e-04,-2.65769912928173e-03
6.80287136817457e+03	-8.86953256529807e-04,-2.63558003275348e-03
6.85018908050532e+03	-8.85779870805704e-04,-2.61359840920078e-03
6.89783591355277e+03	-8.84590611433657e-04,-2.59175338288368e-03
6.94581415653252e+03	-8.83385391984921e-04,-2.57004408700480e-03
6.99412611458295e+03	-8.82164126101908e-04,-2.54846966368058e-03
7.04277410887593e+03	-8.80926727540011e-04,-2.52702926391226e-03
7.09176047672838e+03	-8.79673110210127e-04,-2.50572204755679e-03
7.14108757171453e+03	-8.78403188221903e-04,-2.48454718329746e-03
7.19075776377900e+03	-8.77116875927688e-04,-2.46350384861439e-03
7.24077343935071e+03	-8.75814087967200e-04,-2.44259122975474e-03
7.29113700145747e+03	-8.74494739312912e-04,-2.42180852170261e-03
7.34185086984150e+03	-8.73158745316139e-04,-2.40115492814869e-03
7.39291748107565e+03	-8.71806021753849e-04,-2.38062966145960e-03
7.44433928868046e+03	-8.70436484876164e-04,-2.36023194264679e-03
7.49611876324208e+03	-8.69050051454581e-04,-2.33996100133514e-03
7.54825839253092e+03	-8.67646638830885e-04,-2.31981607573110e-03
7.60076068162122e+03	-8.66226164966757e-04,-2.29979641259043e-03
7.65362815301138e+03	-8.64788548494074e-04,-2.27990126718540e-03
7.70686334674516e+03	-8.63333708765892e-04,-2.26012990327158e-03
7.76046882053374e+03	-8.61861565908104e-04,-2.24048159305403e-03
7.81444714987857e+03	-8.60372040871767e-04,-2.22095561715297e-03
7.86880092819513e+03	-8.58865055486084e-04,-2.20155126456884e-03
7.92353276693755e+03	-8.57340532512044e-04,-2.18226783264678e-03
7.97864529572403e+03	-8.55798395696693e-04,-2.16310462704038e-03
8.03414116246325e+03	-8.54238569828032e-04,-2.14406096167487e-03
8.09002303348151e+03	-8.52660980790536e-04,-2.12513615870951e-03
8.14629359365089e+03	-8.51065555621266e-04,-2.10632954849924e-03
8.20295554651826e+03	-8.49452222566571e-04,-2.08764046955564e-03
8.26001161443511e+03	-8.47820911139363e-04,-2.06906826850699e-03
8.31746453868839e+03	-8.46171552176940e-04,-2.05061230005758e-03
8.37531707963222e+03	-8.44504077899352e-04,-2.03227192694610e-03
8.43357201682050e+03	-8.42818421968283e-04,-2.01404651990320e-03
8.49223214914044e+03	-8.41114519546425e-04,-1.99593545760805e-03
8.55130029494706e+03	-8.39392307357342e-04,-1.97793812664401e-03
8.61077929219860e+03	-8.37651723745777e-04,-1.96005392145330e-03
8.67067199859285e+03	-8.35892708738398e-04,-1.94228224429067e-03
8.73098129170445e+03	-8.34115204104956e-04,-1.92462250517597e-03
8.79171006912318e+03	-8.32319153419815e-04,-1.90707412184575e-03
8.85286124859312e+03	-8.30504502123850e-04,-1.88963651970368e-03
8.91443776815290e+03	-8.28671197586667e-04,-1.87230913176985e-03
8.97644258627679e+03	-8.26819189169128e-04,-1.85509139862898e-03
9.03887868201690e+03	-8.24948428286145e-04,-1.83798276837738e-03
9.10174905514628e+03	-8.23058868469713e-04,-1.82098269656868e-03
9.16505672630304e+03	-8.21150465432150e-04,-1.80409064615845e-03
9.22880473713551e+03	-8.19223177129516e-04,-1.78730608744738e-03
9.29299615044834e+03	-8.17276963825161e-04,-1.77062849802334e-03
9.35763405034968e+03	-8.15311788153394e-04,-1.75405736270200e-03
9.42272154239935e+03	-8.13327615183198e-04,-1.73759217346619e-03
9.48826175375803e+03	-8.11324412481994e-04,-1.72123242940386e-03
9.55425783333754e+03	-8.09302150179379e-04,-1.70497763664471e-03
9.62071295195212e+03	-8.07260801030827e-04,-1.68882730829534e-03
9.68763030247075e+03	-8.05200340481287e-04,-1.67278096437302e-03
9.75501309997057e+03	-8.03120746728650e-04,-1.65683813173805e-03
9.82286458189136e+03	-8.01022000787046e-04,-1.64099834402459e-03
9.89118800819108e+03	-7.98904086549906e-04,-1.62526114157008e-03
9.95998666150247e+03	-7.96766990852763e-04,-1.60962607134308e-03
1.00292638472908e+04	-7.94610703535736e-04,-1.59409268686969e-03
1.00990228940127e+04	-7.92435217505649e-04,-1.57866054815840e-03
1.01692671532759e+04	-7.90240528797743e-04,-1.56332922162342e-03
1.02400000000007e+04	-7.88026636636922e-04,-1.54809828000641e-03
1.03112248325815e+04	-7.85793543498483e-04,-1.53296730229674e-03
1.03829450730506e+04	-7.83541255168295e-04,-1.51793587365014e-03
1.04551641672424e+04	-7.81269780802344e-04,-1.50300358530576e-03
1.05278855849588e+04	-7.78979132985623e-04,-1.48817003450167e-03
1.06011128201364e+04	-7.76669327790291e-04,-1.47343482438880e-03
1.06748493910138e+04	-7.74340384833053e-04,-1.45879756394324e-03
1.07490988403009e+04	-7.71992327331708e-04,-1.44425786787706e-03
1.08238647353493e+04	-7.69625182160806e-04,-1.42981535654740e-03
1.08991506683231e+04	-7.67238979906361e-04,-1.41546965586413e-03
1.09749602563724e+04	-7.64833754919552e-04,-1.40122039719582e-03
1.10512971418061e+04	-7.62409545369368e-04,-1.38706721727422e-03
1.11281649922676e+04	-7.59966393294135e-04,-1.37300975809714e-03
1.12055675009107e+04	-7.57504344651856e-04,-1.35904766682980e-03
1.12835083865773e+04	-7.55023449369323e-04,-1.34518059570463e-03
1.13619913939755e+04	-7.52523761389926e-04,-1.33140820191956e-03
1.14410202938603e+04	-7.50005338720105e-04,-1.31773014753483e-03
1.15205988832142e+04	-7.47468243474397e-04,-1.30414609936824e-03
1.16007309854298e+04	-7.44912541918995e-04,-1.29065572888902e-03
1.16814204504935e+04	-7.42338304513787e-04,-1.27725871211024e-03
1.17626711551704e+04	-7.39745605952787e-04,-1.26395472947974e-03
1.18444870031910e+04	-7.37134525202931e-04,-1.25074346576976e-03
1.19268719254378e+04	-7.34505145541151e-04,-1.23762460996516e-03
1.20098298801353e+04	-7.31857554589682e-04,-1.22459785515030e-03
1.20933648530392e+04	-7.29191844349547e-04,-1.21166289839470e-03
1.21774808576287e+04	-7.26508111232155e-04,-1.19881944063736e-03
1.22621819352987e+04	-7.23806456088960e-04,-1.18606718656988e-03
1.23474721555542e+04	-7.21086984239122e-04,-1.17340584451847e-03
1.24333556162061e+04	-7.18349805495119e-04,-1.16083512632472e-03
1.25198364435677e+04	-7.15595034186249e-04,-1.14835474722537e-03
1.26069187926528e+04	-7.12822789179981e-04,-1.13596442573099e-03
1.26946068473761e+04	-7.10033193901086e-04,-1.12366388350366e-03
1.27829048207534e+04	-7.07226376348513e-04,-1.11145284523377e-03
1.28718169551044e+04	-7.04402469109946e-04,-1.09933103851584e-03
1.29613475222566e+04	-7.01561609374010e-04,-1.08729819372362e-03
1.30515008237502e+04	-6.98703938940060e-04,-1.07535404388431e-03
1.31422811910451e+04	-6.95829604225525e-04,-1.06349832455213e-03
1.32336929857288e+04	-6.92938756270752e-04,-1.05173077368123e-03
1.33257405997263e+04	-6.90031550741310e-04,-1.04005113149804e-03
1.34184284555106e+04	-6.87108147927720e-04,-1.02845914037302e-03
1.35117610063154e+04	-6.84168712742567e-04,-1.01695454469205e-03
1.36057427363492e+04	-6.81213414714951e-04,-1.00553709072741e-03
1.37003781610108e+04	-6.78242427982261e-04,-9.94206526508411e-04
1.37956718271056e+04	-6.75255931279224e-04,-9.82962601691846e-04
1.38916283130651e+04	-6.72254107924204e-04,-9.71805067432263e-04
1.39882522291660e+04	-6.69237145802727e-04,-9.60733676252148e-04
1.40855482177520e+04	-6.66205237348198e-04,-9.49748181912109e-04
1.41835209534569e+04	-6.63158579519799e-04,-9.38848339281140e-04
1.42821751434292e+04	-6.60097373777542e-04,-9.28033904207036e-04
1.43815155275581e+04	-6.57021826054453e-04,-9.17304633387057e-04
1.44815468787015e+04	-6.53932146725891e-04,-9.06660284238905e-04
1.45822740029151e+04	-6.50828550575961e-04,-8.96100614772115e-04
1.46837017396831e+04	-6.47711256761048e-04,-8.85625383459948e-04
1.47858349621514e+04	-6.44580488770436e-04,-8.75234349111849e-04
1.48886785773610e+04	-6.41436474384017e-04,-8.64927270746589e-04
1.49922375264843e+04	-6.38279445627101e-04,-8.54703907466158e-04
1.50965167850620e+04	-6.35109638722318e-04,-8.44564018330499e-04
1.52015213632425e+04	-6.31927294038618e-04,-8.34507362233192e-04
1.53072563060229e+04	-6.28732656037384e-04,-8.24533697778143e-04
1.54137266934904e+04	-6.25525973215668e-04,-8.14642783157406e-04
1.55209376410676e+04	-6.22307498046563e-04,-8.04834376030196e-04
1.56288942997572e+04	-6.19077486916733e-04,-7.95108233403210e-04
1.57376018563904e+04	-6.15836200061117e-04,-7.85464111512314e-04
1.58470655338752e+04	-6.12583901494847e-04,-7.75901765705724e-04
1.59572905914482e+04	-6.09320858942380e-04,-7.66420950328734e-04
1.60682823249266e+04	-6.06047343763912e-04,-7.57021418610103e-04
1.61800460669631e+04	-6.02763630879078e-04,-7.47702922550184e-04
1.62925871873019e+04	-5.99469998687991e-04,-7.38465212810867e-04
1.64059110930366e+04	-5.96166728989661e-04,-7.29308038607451e-04
1.65200232288703e+04	-5.92854106897830e-04,-7.20231147602502e-04
1.66349290773769e+04	-5.89532420754284e-04,-7.11234285801792e-04
1.67506341592646e+04	-5.86201962039682e-04,-7.02317197452416e-04
1.68671440336411e+04	-5.82863025281956e-04,-6.93479624943135e-04
1.69844642982810e+04	-5.79515907962345e-04,-6.84721308707060e-04
1.71026005898942e+04	-5.76160910419126e-04,-6.76041987126728e-04
1.72215585843973e+04	-5.72798335749087e-04,-6.67441396441669e-04
1.73413439971858e+04	-5.69428489706832e-04,-6.58919270658511e-04
1.74619625834090e+04	-5.66051680601968e-04,-6.50475341463722e-04
1.75834201382465e+04	-5.62668219194252e-04,-6.42109338139046e-04
1.77057224971864e+04	-5.59278418586777e-04,-6.33820987479693e-04
1.78288755363059e+04	-5.55882594117265e-04,-6.25610013715369e-04
1.79528851725537e+04	-5.52481063247551e-04,-6.17476138434187e-04
1.80777573640339e+04	-5.49074145451342e-04,-6.09419080509536e-04
1.82034981102927e+04	-5.45662162100324e-04,-6.01438556029948e-04
1.83301134526062e+04	-5.42245436348723e-04,-5.93534278232042e-04
1.84576094742712e+04	-5.38824293016383e-04,-5.85705957436567e-04
1.85859923008968e+04	-5.35399058470475e-04,-5.77953300987618e-04
1.87152681006995e+04	-5.31970060505911e-04,-5.70276013195056e-04
1.88454430847988e+04	-5.28537628224572e-04,-5.62673795280175e-04
1.89765235075162e+04	-5.25102091913431e-04,-5.55146345324665e-04
1.91085156666752e+04	-5.21663782921676e-04,-5.47693358222895e-04
1.92414259039044e+04	-5.18223033536939e-04,-5.40314525637556e-04
1.93752606049416e+04	-5.14780176860705e-04,-5.33009535958689e-04
1.95100261999413e+04	-5.11335546683039e-04,-5.25778074266122e-04
1.96457291637829e+04	-5.07889477356695e-04,-5.18619822295346e-04
1.97823760163823e+04	-5.04442303670737e-04,-5.11534458406839e-04
1.99199733230051e+04	-5.00994360723761e-04,-5.04521657558857e-04
2.00585276945817e+04	-4.97545983796830e-04,-4.97581091283701e-04
2.01980457880255e+04	-4.94097508226216e-04,-4.90712427667474e-04
2.03385343065520e+04	-4.90649269276063e-04,-4.83915331333322e-04
2.04800000000015e+04	-4.87201602011072e-04,-4.77189463428161e-04
2.06224496651631e+04	-4.83754841169311e-04,-4.70534481612898e-04
2.07658901461013e+04	-4.80309321035261e-04,-4.63950040056124e-04
2.09103283344849e+04	-4.76865375313182e-04,-4.57435789431271e-04
2.10557711699178e+04	-4.73423337000937e-04,-4.50991376917228e-04
2.12022256402730e+04	-4.69983538264341e-04,-4.44616446202385e-04
2.13496987820278e+04	-4.66546310312160e-04,-4.38310637492094e-04
2.14981976806020e+04	-4.63111983271855e-04,-4.32073587519512e-04
2.16477294706987e+04	-4.59680886066162e-04,-4.25904929559807e-04
2.17983013366464e+04	-4.56253346290628e-04,-4.19804293447685e-04
2.19499205127449e+04	-4.52829690092176e-04,-4.13771305598209e-04
2.21025942836123e+04	-4.49410242048812e-04,-4.07805589030868e-04
2.22563299845353e+04	-4.45995325050565e-04,-4.01906763396856e-04
2.24111350018216e+04	-4.42585260181747e-04,-3.96074445009512e-04
2.25670167731547e+04	-4.39180366604633e-04,-3.90308246877873e-04
2.27239827879512e+04	-4.35780961444640e-04,-3.84607778743293e-04
2.28820405877208e+04	-4.32387359677104e-04,-3.78972647119066e-04
2.30411977664286e+04	-4.28999874015727e-04,-3.73402455333001e-04
2.32014619708597e+04	-4.25618814802790e-04,-3.67896803572884e-04
2.33628409009871e+04	-4.22244489901198e-04,-3.62455288934773e-04
2.35253423103411e+04	-4.18877204588449e-04,-3.57077505474045e-04
2.36889740063821e+04	-4.15517261452587e-04,-3.51763044259141e-04
2.38537438508758e+04	-4.12164960290230e-04,-3.46511493427934e-04
2.40196597602707e+04	-4.08820598006726e-04,-3.41322438246645e-04
2.41867297060786e+04	-4.05484468518512e-04,-3.36195461171235e-04
2.43549617152576e+04	-4.02156862657738e-04,-3.31130141911192e-04
2.45243638705975e+04	-3.98838068079224e-04,-3.26126057495644e-04
2.46949443111087e+04	-3.95528369169792e-04,-3.21182782341702e-04
2.48667112324125e+04	-3.92228046960052e-04,-3.16299888324972e-04
2.50396728871355e+04	-3.88937379038667e-04,-3.11476944852124e-04
2.52138375853058e+04	-3.85656639469172e-04,-3.06713518935470e-04
2.53892136947524e+04	-3.82386098709372e-04,-3.02009175269423e-04
2.55658096415070e+04	-3.79126023533376e-04,-2.97363476308788e-04
2.57436339102090e+04	-3.75876676956294e-04,-2.92775982348773e-04
2.59226950445133e+04	-3.72638318161651e-04,-2.88246251606631e-04
2.61030016475005e+04	-3.69411202431528e-04,-2.83773840304866e-04
2.62845623820903e+04	-3.66195581079478e-04,-2.79358302755878e-04
2.64673859714579e+04	-3.62991701386234e-04,-2.74999191447991e-04
2.66514811994529e+04	-3.59799806538243e-04,-2.70696057132741e-04
2.68368569110214e+04	-3.56620135569021e-04,-2.66448448913363e-04
2.70235220126310e+04	-3.53452923303385e-04,-2.62255914334354e-04
2.72114854726987e+04	-3.50298400304533e-04,-2.58117999472054e-04
2.74007563220217e+04	-3.47156792824015e-04,-2.54034249026118e-04
2.75913436542115e+04	-3.44028322754586e-04,-2.50004206411826e-04
2.77832566261305e+04	-3.40913207585947e-04,-2.46027413853104e-04
2.79765044583322e+04	-3.37811660363382e-04,-2.42103412476190e-04
2.81710964355041e+04	-3.34723889649275e-04,-2.38231742403852e-04
2.83670419069139e+04	-3.31650099487523e-04,-2.34411942850057e-04
2.85643502868585e+04	-3.28590489370811e-04,-2.30643552215015e-04
2.87630310551164e+04	-3.25545254210763e-04,-2.26926108180513e-04
2.89630937574032e+04	-3.22514584310939e-04,-2.23259147805437e-04
2.91645480058303e+04	-3.19498665342670e-04,-2.19642207621421e-04
2.93674034793664e+04	-3.16497678323705e-04,-2.16074823728509e-04
2.95716699243030e+04	-3.13511799599655e-04,-2.12556531890787e-04
2.97773571547223e+04	-3.10541200828209e-04,-2.09086867631862e-04
2.99844750529688e+04	-3.07586048966091e-04,-2.05665366330141e-04
3.01930335701241e+04	-3.04646506258730e-04,-2.02291563313819e-04
3.04030427264853e+04	-3.01722730232618e-04,-1.98964993955495e-04
3.06145126120459e+04	-2.98814873690315e-04,-1.95685193766358e-04
3.08274533869811e+04	-2.95923084708070e-04,-1.92451698489849e-04
3.10418752821354e+04	-2.93047506636016e-04,-1.89264044194749e-04
3.12577885995147e+04	-2.90188278100902e-04,-1.86121767367608e-04
3.14752037127810e+04	-2.87345533011325e-04,-1.83024405004459e-04
3.16941310677506e+04	-2.84519400565412e-04,-1.79971494701744e-04
3.19145811828966e+04	-2.81710005260905e-04,-1.76962574746395e-04
3.21365646498535e+04	-2.78917466907615e-04,-1.73997184205008e-04
3.23600921339265e+04	-2.76141900642183e-04,-1.71074863012043e-04
3.25851743746041e+04	-2.73383416945108e-04,-1.68195152057011e-04
3.28118221860735e+04	-2.70642121659983e-04,-1.65357593270573e-04
3.30400464577409e+04	-2.67918116014903e-04,-1.62561729709514e-04
3.32698581547541e+04	-2.65211496645967e-04,-1.59807105640537e-04
3.35012683185294e+04	-2.62522355622843e-04,-1.57093266622822e-04
3.37342880672825e+04	-2.59850780476331e-04,-1.54419759589319e-04
3.39689285965622e+04	-2.57196854227870e-04,-1.51786132926720e-04
3.42052011797887e+04	-2.54560655420924e-04,-1.49191936554069e-04
3.44431171687949e+04	-2.51942258154210e-04,-1.46636721999977e-04
3.46826879943719e+04	-2.49341732116687e-04,-1.44120042478408e-04
3.49239251668183e+04	-2.46759142624263e-04,-1.41641452962982e-04
3.51668402764932e+04	-2.44194550658157e-04,-1.39200510259792e-04
3.54114449943730e+04	-2.41648012904852e-04,-1.36796773078678e-04
3.56577510726121e+04	-2.39119581797593e-04,-1.34429802102949e-04
3.59057703451077e+04	-2.36609305559348e-04,-1.32099160057513e-04
3.61555147280681e+04	-2.34117228247203e-04,-1.29804411775408e-04
3.64069962205857e+04	-2.31643389798098e-04,-1.27545124262689e-04
3.66602269052127e+04	-2.29187826075872e-04,-1.25320866761676e-04
3.69152189485426e+04	-2.26750568919542e-04,-1.23131210812535e-04
3.71719846017939e+04	-2.24331646192765e-04,-1.20975730313166e-04
3.74305362013993e+04	-2.21931081834411e-04,-1.18854001577406e-04
3.76908861695980e+04	-2.19548895910211e-04,-1.16765603391520e-04
3.79530470150327e+04	-2.17185104665400e-04,-1.14710117068976e-04
3.82170313333507e+04	-2.14839720578303e-04,-1.12687126503494e-04
3.84828518078091e+04	-2.12512752414820e-04,-1.10696218220366e-04
3.87505212098836e+04	-2.10204205283736e-04,-1.08736981426043e-04
3.90200523998829e+04	-2.07914080692802e-04,-1.06809008055983e-04
3.92914583275660e+04	-2.05642376605545e-04,-1.04911892820762e-04
3.95647520327649e+04	-2.03389087498743e-04,-1.03045233250454e-04
3.98399466460105e+04	-2.01154204420501e-04,-1.01208629737270e-04
4.01170553891638e+04	-1.98937715048898e-04,-9.94016855764724e-05
4.03960915760513e+04	-1.96739603751133e-04,-9.76240070055680e-05
4.06770686131043e+04	-1.94559851643125e-04,-9.58752032417800e-05
4.09600000000034e+04	-1.92398436649522e-04,-9.41548865178163e-05
4.12448993303266e+04	-1.90255333564058e-04,-9.24626721159392e-05
4.15317802922030e+04	-1.88130514110219e-04,-9.07981784003494e-05
4.18206566689701e+04	-1.86023947002168e-04,-8.91610268478960e-05
4.21115423398359e+04	-1.83935598005879e-04,-8.75508420771268e-05
4.24044512805463e+04	-1.81865430000436e-04,-8.59672518756944e-05
4.26993975640559e+04	-1.79813403039455e-04,-8.44098872261320e-05
4.29963953612044e+04	-1.77779474412587e-04,-8.28783823300191e-05
4.32954589413977e+04	-1.75763598707046e-04,-8.13723746305522e-05
4.35966026732932e+04	-1.73765727869142e-04,-7.98915048335409e-05
4.38998410254902e+04	-1.71785811265765e-04,-7.84354169268493e-05
4.41000000000000e+04	-1.70496136583636e-04,-7.74930943842609e-05
