Freq.	V(vout)
2.00000000000000e+01	2.63581654553685e-01,-4.41407495035308e-01
2.01391110011344e+01	2.60892096567166e-01,-4.39959433038673e-01
2.02791895958006e+01	2.58220255115564e-01,-4.38499841471101e-01
2.04202425141439e+01	2.55566209916897e-01,-4.37028974247090e-01
2.05622765331213e+01	2.52930036233675e-01,-4.35547085067838e-01
2.07052984768276e+01	2.50311804907024e-01,-4.34054427335244e-01
2.08493152168224e+01	2.47711582392545e-01,-4.32551254067432e-01
2.09943336724614e+01	2.45129430797863e-01,-4.31037817815834e-01
2.11403608112276e+01	2.42565407921806e-01,-4.29514370583849e-01
2.12874036490672e+01	2.40019567295144e-01,-4.27981163747128e-01
2.14354692507259e+01	2.37491958222844e-01,-4.26438447975492e-01
2.15845647300886e+01	2.34982625827764e-01,-4.24886473156516e-01
2.17346972505212e+01	2.32491611095749e-01,-4.23325488320807e-01
2.18858740252148e+01	2.30018950922039e-01,-4.21755741568977e-01
2.20381023175322e+01	2.27564678158961e-01,-4.20177480000350e-01
2.21913894413569e+01	2.25128821664821e-01,-4.18590949643410e-01
2.23457427614444e+01	2.22711406353952e-01,-4.16996395387994e-01
2.25011696937762e+01	2.20312453247849e-01,-4.15394060919264e-01
2.26576777059160e+01	2.17931979527341e-01,-4.13784188653445e-01
2.28152743173685e+01	2.15569998585740e-01,-4.12167019675355e-01
2.29739670999407e+01	2.13226520082893e-01,-4.10542793677719e-01
2.31337636781058e+01	2.10901550000117e-01,-4.08911748902285e-01
2.32946717293691e+01	2.08595090695916e-01,-4.07274122082729e-01
2.34566989846376e+01	2.06307140962459e-01,-4.05630148389366e-01
2.36198532285906e+01	2.04037696082745e-01,-4.03980061375657e-01
2.37841423000545e+01	2.01786747888408e-01,-4.02324092926505e-01
2.39495740923786e+01	1.99554284818105e-01,-4.00662473208352e-01
2.41161565538152e+01	1.97340291976436e-01,-3.98995430621057e-01
2.42838976879010e+01	1.95144751193346e-01,-3.97323191751546e-01
2.44528055538414e+01	1.92967641083949e-01,-3.95645981329250e-01
2.46228882668984e+01	1.90808937108739e-01,-3.93964022183281e-01
2.47941539987798e+01	1.88668611634123e-01,-3.92277535201378e-01
2.49666109780323e+01	1.86546633993237e-01,-3.90586739290574e-01
2.51402674904366e+01	1.84442970546998e-01,-3.88891851339599e-01
2.53151318794057e+01	1.82357584745341e-01,-3.87193086182979e-01
2.54912125463853e+01	1.80290437188595e-01,-3.85490656566839e-01
2.56685179512581e+01	1.78241485688968e-01,-3.83784773116377e-01
2.58470566127499e+01	1.76210685332077e-01,-3.82075644304991e-01
2.60268371088387e+01	1.74197988538494e-01,-3.80363476425053e-01
2.62078680771673e+01	1.72203345125269e-01,-3.78648473560294e-01
2.63901582154580e+01	1.70226702367380e-01,-3.76930837559794e-01
2.65737162819303e+01	1.68268005059087e-01,-3.75210768013544e-01
2.67585510957223e+01	1.66327195575132e-01,-3.73488462229559e-01
2.69446715373139e+01	1.64404213931772e-01,-3.71764115212530e-01
2.71320865489535e+01	1.62498997847590e-01,-3.70037919643978e-01
2.73208051350880e+01	1.60611482804062e-01,-3.68310065863891e-01
2.75108363627950e+01	1.58741602105850e-01,-3.66580741853819e-01
2.77021893622186e+01	1.56889286940771e-01,-3.64850133221404e-01
2.78948733270082e+01	1.55054466439437e-01,-3.63118423186313e-01
2.80888975147600e+01	1.53237067734519e-01,-3.61385792567554e-01
2.82842712474620e+01	1.51437016019610e-01,-3.59652419772143e-01
2.84810039119415e+01	1.49654234607670e-01,-3.57918480785099e-01
2.86791049603166e+01	1.47888644989010e-01,-3.56184149160736e-01
2.88785839104500e+01	1.46140166888811e-01,-3.54449596015227e-01
2.90794503464063e+01	1.44408718324136e-01,-3.52714990020412e-01
2.92817139189126e+01	1.42694215660423e-01,-3.50980497398818e-01
2.94853843458221e+01	1.40996573667436e-01,-3.49246281919868e-01
2.96904714125811e+01	1.39315705574652e-01,-3.47512504897247e-01
2.98969849726989e+01	1.37651523126067e-01,-3.45779325187396e-01
3.01049349482215e+01	1.36003936634400e-01,-3.44046899189108e-01
3.03143313302081e+01	1.34372855034683e-01,-3.42315380844200e-01
3.05251841792113e+01	1.32758185937211e-01,-3.40584921639218e-01
3.07375036257604e+01	1.31159835679855e-01,-3.38855670608168e-01
3.09512998708479e+01	1.29577709379699e-01,-3.37127774336226e-01
3.11665831864201e+01	1.28011710984013e-01,-3.35401376964410e-01
3.13833639158702e+01	1.26461743320528e-01,-3.33676620195175e-01
3.16016524745352e+01	1.24927708147026e-01,-3.31953643298919e-01
3.18214593501969e+01	1.23409506200202e-01,-3.30232583121349e-01
3.20427951035850e+01	1.21907037243824e-01,-3.28513574091707e-01
3.22656703688852e+01	1.20420200116156e-01,-3.26796748231798e-01
3.24900958542496e+01	1.18948892776649e-01,-3.25082235165820e-01
3.27160823423114e+01	1.17493012351886e-01,-3.23370162130950e-01
3.29436406907031e+01	1.16052455180787e-01,-3.21660653988665e-01
3.31727818325778e+01	1.14627116859048e-01,-3.19953833236779e-01
3.34035167771350e+01	1.13216892282832e-01,-3.18249820022153e-01
3.36358566101488e+01	1.11821675691691e-01,-3.16548732154070e-01
3.38698124945013e+01	1.10441360710726e-01,-3.14850685118232e-01
3.41053956707185e+01	1.09075840391974e-01,-3.13155792091373e-01
3.43426174575103e+01	1.07725007255031e-01,-3.11464163956438e-01
3.45814892523148e+01	1.06388753326896e-01,-3.09775909318336e-01
3.48220225318452e+01	1.05066970181052e-01,-3.08091134520203e-01
3.50642288526416e+01	1.03759548975762e-01,-3.06409943660189e-01
3.53081198516264e+01	1.02466380491608e-01,-3.04732438608725e-01
3.55537072466630e+01	1.01187355168246e-01,-3.03058719026238e-01
3.58010028371191e+01	9.99223631404026e-02,-3.01388882381326e-01
3.60500185044334e+01	9.86712942730949e-02,-2.99723023969325e-01
3.63007662126867e+01	9.74340381960948e-02,-2.98061236931290e-01
3.65532580091762e+01	9.62104843376257e-02,-2.96403612273332e-01
3.68075060249952e+01	9.50005219573051e-02,-2.94750238886317e-01
3.70635224756151e+01	9.38040401783311e-02,-2.93101203565887e-01
3.73213196614725e+01	9.26209280189210e-02,-2.91456591032799e-01
3.75809099685607e+01	9.14510744230042e-02,-2.89816483953550e-01
3.78423058690241e+01	9.02943682901758e-02,-2.88180962961271e-01
3.81055199217578e+01	8.91506985049167e-02,-2.86550106676879e-01
3.83705647730108e+01	8.80199539650847e-02,-2.84923991730461e-01
3.86374531569941e+01	8.69020236096835e-02,-2.83302692782869e-01
3.89061978964917e+01	8.57967964459169e-02,-2.81686282547521e-01
3.91768119034774e+01	8.47041615755328e-02,-2.80074831812378e-01
3.94493081797347e+01	8.36240082204665e-02,-2.78468409462088e-01
3.97236998174817e+01	8.25562257477884e-02,-2.76867082500278e-01
4.00000000000003e+01	8.15007036939648e-02,-2.75270916071978e-01
4.02782220022691e+01	8.04573317884399e-02,-2.73679973486164e-01
4.05583791916015e+01	7.94259999765444e-02,-2.72094316238402e-01
4.08404850282880e+01	7.84065984417429e-02,-2.70514004033580e-01
4.11245530662430e+01	7.73990176272246e-02,-2.68939094808715e-01
4.14105969536554e+01	7.64031482568472e-02,-2.67369644755822e-01
4.16986304336452e+01	7.54188813554439e-02,-2.65805708344823e-01
4.19886673449230e+01	7.44461082684995e-02,-2.64247338346501e-01
4.22807216224556e+01	7.34847206812067e-02,-2.62694585855466e-01
4.25748072981347e+01	7.25346106369110e-02,-2.61147500313140e-01
4.28709385014521e+01	7.15956705549520e-02,-2.59606129530732e-01
4.31691294601774e+01	7.06677932479126e-02,-2.58070519712204e-01
4.34693945010427e+01	6.97508719382830e-02,-2.56540715477218e-01
4.37717480504299e+01	6.88448002745505e-02,-2.55016759884039e-01
4.40762046350648e+01	6.79494723467235e-02,-2.53498694452404e-01
4.43827788827142e+01	6.70647827012988e-02,-2.51986559186329e-01
4.46914855228892e+01	6.61906263556837e-02,-2.50480392596861e-01
4.50023393875528e+01	6.53268988120792e-02,-2.48980231724748e-01
4.53153554118323e+01	6.44734960708367e-02,-2.47486112163041e-01
4.56305486347374e+01	6.36303146432956e-02,-2.45998068079595e-01
4.59479341998818e+01	6.27972515641128e-02,-2.44516132239480e-01
4.62675273562119e+01	6.19742044030925e-02,-2.43040336027289e-01
4.65893434587387e+01	6.11610712765262e-02,-2.41570709469326e-01
4.69133979692756e+01	6.03577508580533e-02,-2.40107281255687e-01
4.72397064571817e+01	5.95641423890489e-02,-2.38650078762204e-01
4.75682846001093e+01	5.87801456885522e-02,-2.37199128072268e-01
4.78991481847576e+01	5.80056611627414e-02,-2.35754453998506e-01
4.82323131076309e+01	5.72405898139663e-02,-2.34316080104319e-01
4.85677953758023e+01	5.64848332493473e-02,-2.32884028725271e-01
4.89056111076832e+01	5.57382936889498e-02,-2.31458320990324e-01
4.92457765337971e+01	5.50008739735441e-02,-2.30038976842912e-01
4.95883079975600e+01	5.42724775719579e-02,-2.28626015061851e-01
4.99332219560650e+01	5.35530085880333e-02,-2.27219453282089e-01
5.02805349808736e+01	5.28423717671943e-02,-2.25819308015269e-01
5.06302637588117e+01	5.21404725026358e-02,-2.24425594670133e-01
5.09824250927710e+01	5.14472168411416e-02,-2.23038327572732e-01
5.13370359025167e+01	5.07625114885408e-02,-2.21657519986463e-01
5.16941132255002e+01	5.00862638148110e-02,-2.20283184131913e-01
5.20536742176779e+01	4.94183818588366e-02,-2.18915331206518e-01
5.24157361543351e+01	4.87587743328310e-02,-2.17553971404026e-01
5.27803164309163e+01	4.81073506264307e-02,-2.16199113933772e-01
5.31474325638610e+01	4.74640208104696e-02,-2.14850767039746e-01
5.35171021914451e+01	4.68286956404419e-02,-2.13508938019473e-01
5.38893430746282e+01	4.62012865596608e-02,-2.12173633242681e-01
5.42641730979075e+01	4.55817057021228e-02,-2.10844858169777e-01
5.46416102701764e+01	4.49698658950820e-02,-2.09522617370109e-01
5.50216727255904e+01	4.43656806613464e-02,-2.08206914540026e-01
5.54043787244376e+01	4.37690642213003e-02,-2.06897752520733e-01
5.57897466540169e+01	4.31799314946614e-02,-2.05595133315932e-01
5.61777950295205e+01	4.25981981019814e-02,-2.04299058109258e-01
5.65685424949245e+01	4.20237803658946e-02,-2.03009527281506e-01
5.69620078238835e+01	4.14565953121239e-02,-2.01726540427637e-01
5.73582099206338e+01	4.08965606702504e-02,-2.00450096373589e-01
5.77571678209005e+01	4.03435948742536e-02,-1.99180193192861e-01
5.81589006928131e+01	3.97976170628282e-02,-1.97916828222893e-01
5.85634278378257e+01	3.92585470794862e-02,-1.96659998081230e-01
5.89707686916448e+01	3.87263054724482e-02,-1.95409698681479e-01
5.93809428251627e+01	3.82008134943331e-02,-1.94165925249046e-01
5.97939699453983e+01	3.76819931016496e-02,-1.92928672336664e-01
6.02098698964434e+01	3.71697669540989e-02,-1.91697933839716e-01
6.06286626604167e+01	3.66640584136919e-02,-1.90473703011334e-01
6.10503683584231e+01	3.61647915436885e-02,-1.89255972477296e-01
6.14750072515213e+01	3.56718911073646e-02,-1.88044734250711e-01
6.19025997416964e+01	3.51852825666118e-02,-1.86839979746494e-01
6.23331663728408e+01	3.47048920803770e-02,-1.85641699795630e-01
6.27667278317409e+01	3.42306465029453e-02,-1.84449884659231e-01
6.32033049490710e+01	3.37624733820741e-02,-1.83264524042389e-01
6.36429187003943e+01	3.33003009569810e-02,-1.82085607107819e-01
6.40855902071706e+01	3.28440581561935e-02,-1.80913122489297e-01
6.45313407377709e+01	3.23936745952631e-02,-1.79747058304897e-01
6.49801917084997e+01	3.19490805743505e-02,-1.78587402170022e-01
6.54321646846233e+01	3.15102070756863e-02,-1.77434141210233e-01
6.58872813814067e+01	3.10769857609109e-02,-1.76287262073886e-01
6.63455636651562e+01	3.06493489683005e-02,-1.75146750944555e-01
6.68070335542704e+01	3.02272297098812e-02,-1.74012593553273e-01
6.72717132202981e+01	2.98105616684381e-02,-1.72884775190566e-01
6.77396249890031e+01	2.93992791944216e-02,-1.71763280718299e-01
6.82107913414375e+01	2.89933173027567e-02,-1.70648094581327e-01
6.86852349150212e+01	2.85926116695587e-02,-1.69539200818950e-01
6.91629785046302e+01	2.81970986287593e-02,-1.68436583076190e-01
6.96440450636909e+01	2.78067151686480e-02,-1.67340224614865e-01
7.01284577052838e+01	2.74213989283312e-02,-1.66250108324490e-01
7.06162397032534e+01	2.70410881941141e-02,-1.65166216732985e-01
7.11074144933266e+01	2.66657218958081e-02,-1.64088532017201e-01
7.16020056742388e+01	2.62952396029678e-02,-1.63017036013270e-01
7.21000370088674e+01	2.59295815210615e-02,-1.61951710226772e-01
7.26015324253739e+01	2.55686884875774e-02,-1.60892535842722e-01
7.31065160183531e+01	2.52125019680698e-02,-1.59839493735385e-01
7.36150120499911e+01	2.48609640521484e-02,-1.58792564477919e-01
7.41270449512307e+01	2.45140174494138e-02,-1.57751728351840e-01
7.46426393229457e+01	2.41716054853416e-02,-1.56716965356324e-01
7.51618199371220e+01	2.38336720971194e-02,-1.55688255217336e-01
7.56846117380488e+01	2.35001618294381e-02,-1.54665577396591e-01
7.62110398435161e+01	2.31710198302421e-02,-1.53648911100360e-01
7.67411295460223e+01	2.28461918464391e-02,-1.52638235288105e-01
7.72749063139888e+01	2.25256242195737e-02,-1.51633528680955e-01
7.78123957929840e+01	2.22092638814669e-02,-1.50634769770027e-01
7.83536238069553e+01	2.18970583498242e-02,-1.49641936824589e-01
7.88986163594699e+01	2.15889557238138e-02,-1.48655007900067e-01
7.94473996349641e+01	2.12849046796193e-02,-1.47673960845901e-01
8.00000000000012e+01	2.09848544659668e-02,-1.46698773313249e-01
8.05564440045387e+01	2.06887548996302e-02,-1.45729422762547e-01
8.11167583832036e+01	2.03965563609168e-02,-1.44765886470915e-01
8.16809700565767e+01	2.01082097891349e-02,-1.43808141539422e-01
8.22491061324866e+01	1.98236666780445e-02,-1.42856164900214e-01
8.28211939073115e+01	1.95428790712961e-02,-1.41909933323488e-01
8.33972608672910e+01	1.92657995578556e-02,-1.40969423424340e-01
8.39773346898467e+01	1.89923812674200e-02,-1.40034611669468e-01
8.45614432449118e+01	1.87225778658251e-02,-1.39105474383746e-01
8.51496145962701e+01	1.84563435504455e-02,-1.38181987756658e-01
8.57418770029048e+01	1.81936330455911e-02,-1.37264127848607e-01
8.63382589203556e+01	1.79344015978994e-02,-1.36351870597090e-01
8.69387890020860e+01	1.76786049717262e-02,-1.35445191822752e-01
8.75434961008606e+01	1.74261994445369e-02,-1.34544067235306e-01
8.81524092701303e+01	1.71771418022981e-02,-1.33648472439336e-01
8.87655577654290e+01	1.69313893348725e-02,-1.32758382939976e-01
8.93829710457790e+01	1.66888998314183e-02,-1.31873774148466e-01
9.00046787751062e+01	1.64496315757930e-02,-1.30994621387599e-01
9.06307108236654e+01	1.62135433419652e-02,-1.30120899897040e-01
9.12610972694754e+01	1.59805943894331e-02,-1.29252584838538e-01
9.18958683997643e+01	1.57507444586530e-02,-1.28389651301023e-01
9.25350547124245e+01	1.55239537664781e-02,-1.27532074305594e-01
9.31786869174780e+01	1.53001830016080e-02,-1.26679828810394e-01
9.38267959385519e+01	1.50793933200512e-02,-1.25832889715382e-01
9.44794129143640e+01	1.48615463406013e-02,-1.24991231866994e-01
9.51365692002193e+01	1.46466041403267e-02,-1.24154830062706e-01
9.57982963695159e+01	1.44345292500768e-02,-1.23323659055491e-01
9.64646262152625e+01	1.42252846500037e-02,-1.22497693558175e-01
9.71355907516054e+01	1.40188337651013e-02,-1.21676908247698e-01
9.78112222153672e+01	1.38151404607628e-02,-1.20861277769270e-01
9.84915530675950e+01	1.36141690383559e-02,-1.20050776740441e-01
9.91766159951206e+01	1.34158842308190e-02,-1.19245379755069e-01
9.98664439121307e+01	1.32202511982764e-02,-1.18445061387200e-01
1.00561069961748e+02	1.30272355236751e-02,-1.17649796194855e-01
1.01260527517624e+02	1.28368032084432e-02,-1.16859558723728e-01
1.01964850185543e+02	1.26489206681703e-02,-1.16074323510797e-01
1.02674071805034e+02	1.24635547283112e-02,-1.15294065087847e-01
1.03388226451001e+02	1.22806726199124e-02,-1.14518757984911e-01
1.04107348435357e+02	1.21002419753634e-02,-1.13748376733625e-01
1.04831472308671e+02	1.19222308241718e-02,-1.12982895870501e-01
1.05560632861833e+02	1.17466075887638e-02,-1.12222289940124e-01
1.06294865127723e+02	1.15733410803099e-02,-1.11466533498263e-01
1.07034204382891e+02	1.14024004945773e-02,-1.10715601114908e-01
1.07778686149257e+02	1.12337554078070e-02,-1.09969467377236e-01
1.08528346195816e+02	1.10673757726196e-02,-1.09228106892491e-01
1.09283220540354e+02	1.09032319139469e-02,-1.08491494290800e-01
1.10043345451182e+02	1.07412945249913e-02,-1.07759604227916e-01
1.10808757448876e+02	1.05815346632128e-02,-1.07032411387880e-01
1.11579493308035e+02	1.04239237463449e-02,-1.06309890485631e-01
1.12355590059042e+02	1.02684335484376e-02,-1.05592016269531e-01
1.13137084989850e+02	1.01150361959302e-02,-1.04878763523834e-01
1.13924015647768e+02	9.96370416375220e-03,-1.04170107071083e-01
1.14716419841268e+02	9.81441027145382e-03,-1.03466021774449e-01
1.15514335641802e+02	9.66712767936560e-03,-1.02766482539998e-01
1.16317801385627e+02	9.52182988478756e-03,-1.02071464318908e-01
1.17126855675652e+02	9.37849071820818e-03,-1.01380942109609e-01
1.17941537383290e+02	9.23708433955311e-03,-1.00694890959880e-01
1.18761885650326e+02	9.09758523446397e-03,-1.00013285968876e-01
1.19587939890797e+02	8.95996821060730e-03,-9.93361022891043e-02
1.20419739792888e+02	8.82420839401371e-03,-9.86633151283385e-02
1.21257325320834e+02	8.69028122544745e-03,-9.79948997514827e-02
1.22100736716847e+02	8.55816245680638e-03,-9.73308314823794e-02
1.22950014503043e+02	8.42782814755252e-03,-9.66710857055634e-02
1.23805199483394e+02	8.29925466117313e-03,-9.60156378679655e-02
1.24666332745682e+02	8.17241866167241e-03,-9.53644634805638e-02
1.25533455663483e+02	8.04729711009394e-03,-9.47175381199863e-02
1.26406609898143e+02	7.92386726107376e-03,-9.40748374300632e-02
1.27285837400790e+02	7.80210665942411e-03,-9.34363371233326e-02
1.28171180414342e+02	7.68199313674803e-03,-9.28020129824976e-02
1.29062681475543e+02	7.56350480808446e-03,-9.21718408618391e-02
1.29960383417000e+02	7.44662006858423e-03,-9.15457966885821e-02
1.30864329369248e+02	7.33131759021651e-03,-9.09238564642183e-02
1.31774562762814e+02	7.21757631850609e-03,-9.03059962657854e-02
1.32691127330313e+02	7.10537546930098e-03,-8.96921922471042e-02
1.33614067108542e+02	6.99469452557084e-03,-8.90824206399734e-02
1.34543426440597e+02	6.88551323423555e-03,-8.84766577553248e-02
1.35479249978007e+02	6.77781160302442e-03,-8.78748799843375e-02
1.36421582682876e+02	6.67156989736559e-03,-8.72770637995144e-02
1.37370469830043e+02	6.56676863730565e-03,-8.66831857557191e-02
1.38325957009261e+02	6.46338859445946e-03,-8.60932224911767e-02
1.39288090127383e+02	6.36141078898995e-03,-8.55071507284371e-02
1.40256915410569e+02	6.26081648661787e-03,-8.49249472753031e-02
1.41232479406508e+02	6.16158719566131e-03,-8.43465890257228e-02
1.42214828986654e+02	6.06370466410503e-03,-8.37720529606487e-02
1.43204011348479e+02	5.96715087669925e-03,-8.32013161488620e-02
1.44200074017736e+02	5.87190805208794e-03,-8.26343557477651e-02
1.45203064850749e+02	5.77795863996642e-03,-8.20711490041417e-02
1.46213032036707e+02	5.68528531826811e-03,-8.15116732548849e-02
1.47230024099983e+02	5.59387099038038e-03,-8.09559059276954e-02
1.48254089902463e+02	5.50369878238914e-03,-8.04038245417491e-02
1.49285278645892e+02	5.41475204035234e-03,-7.98554067083356e-02
1.50323639874245e+02	5.32701432760191e-03,-7.93106301314678e-02
1.51369223476099e+02	5.24046942207415e-03,-7.87694726084633e-02
1.52422079687033e+02	5.15510131366837e-03,-7.82319120304985e-02
1.53482259092046e+02	5.07089420163366e-03,-7.76979263831359e-02
1.54549812627979e+02	4.98783249198344e-03,-7.71674937468249e-02
1.55624791585969e+02	4.90590079493790e-03,-7.66405922973771e-02
1.56707247613912e+02	4.82508392239389e-03,-7.61172003064164e-02
1.57797232718941e+02	4.74536688542223e-03,-7.55972961418049e-02
1.58894799269929e+02	4.66673489179222e-03,-7.50808582680443e-02
1.60000000000004e+02	4.58917334352316e-03,-7.45678652466544e-02
1.61112888009079e+02	4.51266783446266e-03,-7.40582957365289e-02
1.62233516766408e+02	4.43720414789165e-03,-7.35521284942680e-02
1.63361940113155e+02	4.36276825415577e-03,-7.30493423744901e-02
1.64498212264974e+02	4.28934630832304e-03,-7.25499163301216e-02
1.65642387814624e+02	4.21692464786763e-03,-7.20538294126668e-02
1.66794521734583e+02	4.14548979037941e-03,-7.15610607724563e-02
1.67954669379695e+02	4.07502843129920e-03,-7.10715896588762e-02
1.69122886489825e+02	4.00552744167947e-03,-7.05853954205784e-02
1.70299229192542e+02	3.93697386597039e-03,-7.01024575056712e-02
1.71483754005811e+02	3.86935491983076e-03,-6.96227554618920e-02
1.72676517840712e+02	3.80265798796402e-03,-6.91462689367619e-02
1.73877578004173e+02	3.73687062197870e-03,-6.86729776777227e-02
1.75086992201722e+02	3.67198053827352e-03,-6.82028615322569e-02
1.76304818540262e+02	3.60797561594658e-03,-6.77359004479909e-02
1.77531115530859e+02	3.54484389472866e-03,-6.72720744727824e-02
1.78765942091559e+02	3.48257357294040e-03,-6.68113637547910e-02
1.80009357550214e+02	3.42115300547300e-03,-6.63537485425342e-02
1.81261421647332e+02	3.36057070179245e-03,-6.58992091849282e-02
1.82522194538952e+02	3.30081532396691e-03,-6.54477261313135e-02
1.83791736799530e+02	3.24187568471710e-03,-6.49992799314667e-02
1.85070109424850e+02	3.18374074548957e-03,-6.45538512355981e-02
1.86357373834957e+02	3.12639961455244e-03,-6.41114207943358e-02
1.87653591877105e+02	3.06984154511367e-03,-6.36719694586968e-02
1.88958825828729e+02	3.01405593346135e-03,-6.32354781800444e-02
1.90273138400440e+02	2.95903231712615e-03,-6.28019280100341e-02
1.91596592739033e+02	2.90476037306534e-03,-6.23713001005467e-02
1.92929252430526e+02	2.85122991586857e-03,-6.19435757036094e-02
1.94271181503212e+02	2.79843089598485e-03,-6.15187361713054e-02
1.95622444430736e+02	2.74635339797077e-03,-6.10967629556730e-02
1.96983106135191e+02	2.69498763875963e-03,-6.06776376085923e-02
1.98353231990243e+02	2.64432396595134e-03,-6.02613417816624e-02
1.99732887824263e+02	2.59435285612283e-03,-5.98478572260679e-02
2.01122139923497e+02	2.54506491315880e-03,-5.94371657924351e-02
2.02521055035250e+02	2.49645086660268e-03,-5.90292494306788e-02
2.03929700371087e+02	2.44850157002735e-03,-5.86240901898391e-02
2.05348143610070e+02	2.40120799942583e-03,-5.82216702179093e-02
2.06776452902004e+02	2.35456125162128e-03,-5.78219717616547e-02
2.08214696870715e+02	2.30855254269647e-03,-5.74249771664230e-02
2.09662944617343e+02	2.26317320644236e-03,-5.70306688759451e-02
2.11121265723668e+02	2.21841469282557e-03,-5.66390294321294e-02
2.12589730255447e+02	2.17426856647467e-03,-5.62500414748466e-02
2.14068408765783e+02	2.13072650518495e-03,-5.58636877417074e-02
2.15557372298516e+02	2.08778029844160e-03,-5.54799510678331e-02
2.17056692391633e+02	2.04542184596098e-03,-5.50988143856175e-02
2.18566441080709e+02	2.00364315624996e-03,-5.47202607244837e-02
2.20086690902365e+02	1.96243634518293e-03,-5.43442732106322e-02
2.21617514897754e+02	1.92179363459649e-03,-5.39708350667838e-02
2.23158986616071e+02	1.88170735090149e-03,-5.35999296119150e-02
2.24711180118085e+02	1.84216992371225e-03,-5.32315402609878e-02
2.26274169979701e+02	1.80317388449293e-03,-5.28656505246735e-02
2.27848031295537e+02	1.76471186522061e-03,-5.25022440090701e-02
2.29432839682538e+02	1.72677659706508e-03,-5.21413044154148e-02
2.31028671283605e+02	1.68936090908514e-03,-5.17828155397905e-02
2.32635602771256e+02	1.65245772694113e-03,-5.14267612728275e-02
2.34253711351306e+02	1.61606007162362e-03,-5.10731255993995e-02
2.35883074766582e+02	1.58016105819802e-03,-5.07218925983153e-02
2.37523771300654e+02	1.54475389456497e-03,-5.03730464420055e-02
2.39175879781596e+02	1.50983188023625e-03,-5.00265713962046e-02
2.40839479585777e+02	1.47538840512622e-03,-4.96824518196285e-02
2.42514650641670e+02	1.44141694835833e-03,-4.93406721636486e-02
2.44201473433696e+02	1.40791107708687e-03,-4.90012169719603e-02
2.45900029006089e+02	1.37486444533344e-03,-4.86640708802494e-02
2.47610398966789e+02	1.34227079283832e-03,-4.83292186158532e-02
2.49332665491367e+02	1.31012394392623e-03,-4.79966449974186e-02
2.51066911326967e+02	1.27841780638663e-03,-4.76663349345567e-02
2.52813219796288e+02	1.24714637036808e-03,-4.73382734274940e-02
2.54571674801581e+02	1.21630370728686e-03,-4.70124455667204e-02
2.56342360828686e+02	1.18588396874930e-03,-4.66888365326338e-02
2.58125362951087e+02	1.15588138548794e-03,-4.63674315951825e-02
2.59920766834002e+02	1.12629026631131e-03,-4.60482161135035e-02
2.61728658738497e+02	1.09710499706705e-03,-4.57311755355598e-02
2.63549125525631e+02	1.06832003961829e-03,-4.54162953977735e-02
2.65382254660629e+02	1.03992993083323e-03,-4.51035613246573e-02
2.67228134217086e+02	1.01192928158759e-03,-4.47929590284435e-02
2.69086852881196e+02	9.84312775779903e-04,-4.44844743087109e-02
2.70958499956016e+02	9.57075169359431e-04,-4.41780930520090e-02
2.72843165365754e+02	9.30211289366625e-04,-4.38738012314810e-02
2.74740939660089e+02	9.03716032985900e-04,-4.35715849064843e-02
2.76651914018525e+02	8.77584366610642e-04,-4.32714302222092e-02
2.78576180254768e+02	8.51811324920263e-04,-4.29733234092963e-02
2.80513830821139e+02	8.26392009969186e-04,-4.26772507834520e-02
2.82464958813018e+02	8.01321590287598e-04,-4.23831987450626e-02
2.84429657973310e+02	7.76595299993837e-04,-4.20911537788064e-02
2.86408022696959e+02	7.52208437918280e-04,-4.18011024532659e-02
2.88400148035474e+02	7.28156366738583e-04,-4.15130314205369e-02
2.90406129701500e+02	7.04434512126142e-04,-4.12269274158379e-02
2.92426064073417e+02	6.81038361903639e-04,-4.09427772571180e-02
2.94460048199969e+02	6.57963465213530e-04,-4.06605678446632e-02
2.96508179804927e+02	6.35205431697365e-04,-4.03802861607029e-02
2.98570557291787e+02	6.12759930685771e-04,-4.01019192690147e-02
3.00647279748492e+02	5.90622690399018e-04,-3.98254543145285e-02
3.02738446952199e+02	5.68789497157980e-04,-3.95508785229308e-02
3.04844159374069e+02	5.47256194605423e-04,-3.92781792002671e-02
3.06964518184094e+02	5.26018682937445e-04,-3.90073437325448e-02
3.09099625255960e+02	5.05072918144969e-04,-3.87383595853351e-02
3.11249583171940e+02	4.84414911265171e-04,-3.84712143033750e-02
3.13414495227826e+02	4.64040727642689e-04,-3.82058955101678e-02
3.15594465437884e+02	4.43946486200529e-04,-3.79423909075852e-02
3.17789598539861e+02	4.24128358720528e-04,-3.76806882754674e-02
3.20000000000009e+02	4.04582569133258e-04,-3.74207754712242e-02
3.22225776018160e+02	3.85305392817251e-04,-3.71626404294354e-02
3.24467033532819e+02	3.66293155907447e-04,-3.69062711614516e-02
3.26723880226312e+02	3.47542234612722e-04,-3.66516557549948e-02
3.28996424529951e+02	3.29049054542406e-04,-3.63987823737588e-02
3.31284775629251e+02	3.10810090041673e-04,-3.61476392570105e-02
3.33589043469169e+02	2.92821863535683e-04,-3.58982147191908e-02
3.35909338759392e+02	2.75080944882378e-04,-3.56504971495155e-02
3.38245772979652e+02	2.57583950733818e-04,-3.54044750115776e-02
3.40598458385085e+02	2.40327543905952e-04,-3.51601368429484e-02
3.42967508011624e+02	2.23308432756712e-04,-3.49174712547803e-02
3.45353035681427e+02	2.06523370572337e-04,-3.46764669314095e-02
3.47755156008349e+02	1.89969154961814e-04,-3.44371126299587e-02
3.50173984403447e+02	1.73642627259330e-04,-3.41993971799415e-02
3.52609637080526e+02	1.57540671934651e-04,-3.39633094828660e-02
3.55062231061721e+02	1.41660216011308e-04,-3.37288385118401e-02
3.57531884183121e+02	1.25998228492502e-04,-3.34959733111764e-02
3.60018715100430e+02	1.10551719794630e-04,-3.32647029959991e-02
3.62522843294667e+02	9.53177411883307e-05,-3.30350167518503e-02
3.65044389077907e+02	8.02933842469567e-05,-3.28069038342978e-02
3.67583473599063e+02	6.54757803023828e-05,-3.25803535685431e-02
3.70140218849704e+02	5.08620999080487e-05,-3.23553553490314e-02
3.72714747669917e+02	3.64495523091490e-05,-3.21318986390606e-02
3.75307183754213e+02	2.22353849198783e-05,-3.19099729703930e-02
3.77917651657462e+02	8.21688280764764e-06,-3.16895679428668e-02
3.80546276800883e+02	-5.60863181583689e-06,-3.14706732240086e-02
3.83193185478069e+02	-1.92438000966913e-05,-3.12532785486475e-02
3.85858504861056e+02	-3.26912270342810e-05,-3.10373737185297e-02
3.88542363006427e+02	-4.59534819700293e-05,-3.08229486019342e-02
3.91244888861474e+02	-5.90330990696966e-05,-3.06099931332891e-02
3.93966212270386e+02	-7.19325777992123e-05,-3.03984973127904e-02
3.96706463980488e+02	-8.46543833941430e-05,-3.01884512060200e-02
3.99465775648529e+02	-9.72009473228827e-05,-2.99798449435662e-02
4.02244279846998e+02	-1.09574667743641e-04,-2.97726687206449e-02
4.05042110070503e+02	-1.21777909955307e-04,-2.95669127967217e-02
4.07859400742177e+02	-1.33813006842277e-04,-2.93625674951357e-02
4.10696287220143e+02	-1.45682259313319e-04,-2.91596232027240e-02
4.13552905804011e+02	-1.57387936734550e-04,-2.89580703694480e-02
4.16429393741432e+02	-1.68932277356599e-04,-2.87578995080203e-02
4.19325889234690e+02	-1.80317488736041e-04,-2.85591011935332e-02
4.22242531447340e+02	-1.91545748151169e-04,-2.83616660630886e-02
4.25179460510898e+02	-2.02619203012182e-04,-2.81655848154291e-02
4.28136817531570e+02	-2.13539971265849e-04,-2.79708482105702e-02
4.31114744597035e+02	-2.24310141794745e-04,-2.77774470694341e-02
4.34113384783269e+02	-2.34931774811098e-04,-2.75853722734845e-02
4.37132882161421e+02	-2.45406902245353e-04,-2.73946147643636e-02
4.40173381804733e+02	-2.55737528129485e-04,-2.72051655435293e-02
4.43235029795511e+02	-2.65925628975161e-04,-2.70170156718945e-02
4.46317973232145e+02	-2.75973154146796e-04,-2.68301562694679e-02
4.49422360236174e+02	-2.85882026229581e-04,-2.66445785149960e-02
4.52548339959406e+02	-2.95654141392549e-04,-2.64602736456059e-02
4.55696062591078e+02	-3.05291369746736e-04,-2.62772329564511e-02
4.58865679365080e+02	-3.14795555698506e-04,-2.60954478003570e-02
4.62057342567214e+02	-3.24168518298106e-04,-2.59149095874692e-02
4.65271205542515e+02	-3.33412051583509e-04,-2.57356097849023e-02
4.68507422702616e+02	-3.42527924919611e-04,-2.55575399163909e-02
4.71766149533168e+02	-3.51517883332828e-04,-2.53806915619417e-02
4.75047542601312e+02	-3.60383647841186e-04,-2.52050563574873e-02
4.78351759563197e+02	-3.69126915779925e-04,-2.50306259945411e-02
4.81678959171558e+02	-3.77749361122700e-04,-2.48573922198543e-02
4.85029301283344e+02	-3.86252634798430e-04,-2.46853468350740e-02
4.88402946867396e+02	-3.94638365003856e-04,-2.45144816964030e-02
4.91800058012181e+02	-4.02908157511847e-04,-2.43447887142609e-02
4.95220797933582e+02	-4.11063595975549e-04,-2.41762598529472e-02
4.98665330982737e+02	-4.19106242228377e-04,-2.40088871303056e-02
5.02133822653938e+02	-4.27037636579955e-04,-2.38426626173897e-02
5.05626439592579e+02	-4.34859298108032e-04,-2.36775784381307e-02
5.09143349603166e+02	-4.42572724946424e-04,-2.35136267690063e-02
5.12684721657376e+02	-4.50179394569051e-04,-2.33507998387114e-02
5.16250725902179e+02	-4.57680764070109e-04,-2.31890899278301e-02
5.19841533668009e+02	-4.65078270440426e-04,-2.30284893685096e-02
5.23457317476998e+02	-4.72373330840063e-04,-2.28689905441355e-02
5.27098251051265e+02	-4.79567342867199e-04,-2.27105858890084e-02
5.30764509321261e+02	-4.86661684823358e-04,-2.25532678880227e-02
5.34456268434175e+02	-4.93657715975013e-04,-2.23970290763467e-02
5.38173705762396e+02	-5.00556776811637e-04,-2.22418620391036e-02
5.41916999912037e+02	-5.07360189300222e-04,-2.20877594110557e-02
5.45686330731512e+02	-5.14069257136333e-04,-2.19347138762883e-02
5.49481879320182e+02	-5.20685265991735e-04,-2.17827181678967e-02
5.53303828037053e+02	-5.27209483758630e-04,-2.16317650676737e-02
5.57152360509539e+02	-5.33643160790571e-04,-2.14818474057996e-02
5.61027661642283e+02	-5.39987530140073e-04,-2.13329580605333e-02
5.64929917626039e+02	-5.46243807792981e-04,-2.11850899579047e-02
5.68859315946625e+02	-5.52413192899627e-04,-2.10382360714096e-02
5.72816045393923e+02	-5.58496868002830e-04,-2.08923894217051e-02
5.76800296070952e+02	-5.64495999262768e-04,-2.07475430763078e-02
5.80812259403004e+02	-5.70411736678777e-04,-2.06036901492921e-02
5.84852128146837e+02	-5.76245214308107e-04,-2.04608238009918e-02
5.88920096399941e+02	-5.81997550481674e-04,-2.03189372377015e-02
5.93016359609859e+02	-5.87669848016869e-04,-2.01780237113815e-02
5.97141114583579e+02	-5.93263194427425e-04,-2.00380765193625e-02
6.01294559496990e+02	-5.98778662130426e-04,-1.98990890040531e-02
6.05476893904404e+02	-6.04217308650452e-04,-1.97610545526481e-02
6.09688318748142e+02	-6.09580176820938e-04,-1.96239665968394e-02
6.13929036368192e+02	-6.14868294982750e-04,-1.94878186125270e-02
6.18199250511924e+02	-6.20082677180042e-04,-1.93526041195331e-02
6.22499166343886e+02	-6.25224323353405e-04,-1.92183166813166e-02
6.26828990455656e+02	-6.30294219530374e-04,-1.90849499046902e-02
6.31188930875773e+02	-6.35293338013296e-04,-1.89524974395379e-02
6.35579197079727e+02	-6.40222637564618e-04,-1.88209529785351e-02
6.40000000000024e+02	-6.45083063589617e-04,-1.86903102568697e-02
6.44451552036324e+02	-6.49875548316611e-04,-1.85605630519654e-02
6.48934067065643e+02	-6.54601010974687e-04,-1.84317051832052e-02
6.53447760452628e+02	-6.59260357968963e-04,-1.83037305116582e-02
6.57992849059907e+02	-6.63854483053445e-04,-1.81766329398065e-02
6.62569551258507e+02	-6.68384267501483e-04,-1.80504064112749e-02
6.67178086938343e+02	-6.72850580273875e-04,-1.79250449105607e-02
6.71818677518788e+02	-6.77254278184642e-04,-1.78005424627665e-02
6.76491545959309e+02	-6.81596206064512e-04,-1.76768931333337e-02
6.81196916770176e+02	-6.85877196922136e-04,-1.75540910277774e-02
6.85935016023254e+02	-6.90098072103072e-04,-1.74321302914237e-02
6.90706071362860e+02	-6.94259641446563e-04,-1.73110051091475e-02
6.95510312016704e+02	-6.98362703440138e-04,-1.71907097051127e-02
7.00347968806900e+02	-7.02408045372071e-04,-1.70712383425131e-02
7.05219274161058e+02	-7.06396443481718e-04,-1.69525853233155e-02
7.10124462123448e+02	-7.10328663107766e-04,-1.68347449880041e-02
7.15063768366248e+02	-7.14205458834419e-04,-1.67177117153261e-02
7.20037430200866e+02	-7.18027574635553e-04,-1.66014799220392e-02
7.25045686589339e+02	-7.21795744016856e-04,-1.64860440626606e-02
7.30088778155819e+02	-7.25510690155994e-04,-1.63713986292170e-02
7.35166947198131e+02	-7.29173126040821e-04,-1.62575381509966e-02
7.40280437699413e+02	-7.32783754605657e-04,-1.61444571943025e-02
7.45429495339841e+02	-7.36343268865667e-04,-1.60321503622073e-02
7.50614367508432e+02	-7.39852352049361e-04,-1.59206122943093e-02
7.55835303314929e+02	-7.43311677729238e-04,-1.58098376664907e-02
7.61092553601771e+02	-7.46721909950608e-04,-1.56998211906761e-02
7.66386370956144e+02	-7.50083703358606e-04,-1.55905576145936e-02
7.71717009722117e+02	-7.53397703323425e-04,-1.54820417215367e-02
7.77084726012860e+02	-7.56664546063795e-04,-1.53742683301281e-02
7.82489777722954e+02	-7.59884858768728e-04,-1.52672322940841e-02
7.87932424540777e+02	-7.63059259717557e-04,-1.51609285019817e-02
7.93412927960983e+02	-7.66188358398277e-04,-1.50553518770260e-02
7.98931551297063e+02	-7.69272755624234e-04,-1.49504973768195e-02
8.04488559694002e+02	-7.72313043649158e-04,-1.48463599931329e-02
8.10084220141011e+02	-7.75309806280590e-04,-1.47429347516772e-02
8.15718801484360e+02	-7.78263618991693e-04,-1.46402167118772e-02
8.21392574440291e+02	-7.81175049031499e-04,-1.45382009666463e-02
8.27105811608028e+02	-7.84044655533585e-04,-1.44368826421629e-02
8.32858787482871e+02	-7.86872989623223e-04,-1.43362568976479e-02
8.38651778469386e+02	-7.89660594523010e-04,-1.42363189251444e-02
8.44485062894686e+02	-7.92408005656997e-04,-1.41370639492971e-02
8.50358921021801e+02	-7.95115750753347e-04,-1.40384872271353e-02
8.56273635063146e+02	-7.97784349945532e-04,-1.39405840478551e-02
8.62229489194076e+02	-8.00414315872094e-04,-1.38433497326047e-02
8.68226769566545e+02	-8.03006153774990e-04,-1.37467796342699e-02
8.74265764322848e+02	-8.05560361596524e-04,-1.36508691372616e-02
8.80346763609472e+02	-8.08077430074918e-04,-1.35556136573042e-02
8.86470059591028e+02	-8.10557842838499e-04,-1.34610086412258e-02
8.92635946464296e+02	-8.13002076498555e-04,-1.33670495667493e-02
8.98844720472355e+02	-8.15410600740853e-04,-1.32737319422852e-02
9.05096679918818e+02	-8.17783878415858e-04,-1.31810513067253e-02
9.11392125182163e+02	-8.20122365627647e-04,-1.30890032292383e-02
9.17731358730167e+02	-8.22426511821552e-04,-1.29975833090660e-02
9.24114685134435e+02	-8.24696759870553e-04,-1.29067871753215e-02
9.30542411085037e+02	-8.26933546160410e-04,-1.28166104867881e-02
9.37014845405239e+02	-8.29137300673585e-04,-1.27270489317200e-02
9.43532299066344e+02	-8.31308447071947e-04,-1.26380982276440e-02
9.50095085202631e+02	-8.33447402778284e-04,-1.25497541211624e-02
9.56703519126400e+02	-8.35554579056634e-04,-1.24620123877575e-02
9.63357918343123e+02	-8.37630381091462e-04,-1.23748688315971e-02
9.70058602566695e+02	-8.39675208065677e-04,-1.22883192853414e-02
9.76805893734798e+02	-8.41689453237527e-04,-1.22023596099509e-02
9.83600116024369e+02	-8.43673504016370e-04,-1.21169856944963e-02
9.90441595867171e+02	-8.45627742037347e-04,-1.20321934559684e-02
9.97330661965481e+02	-8.47552543234961e-04,-1.19479788390904e-02
1.00426764530788e+03	-8.49448277915589e-04,-1.18643378161311e-02
1.01125287918517e+03	-8.51315310828923e-04,-1.17812663867187e-02
1.01828669920634e+03	-8.53154001238381e-04,-1.16987605776571e-02
1.02536944331476e+03	-8.54964702990473e-04,-1.16168164427417e-02
1.03250145180437e+03	-8.56747764583146e-04,-1.15354300625783e-02
1.03968306733603e+03	-8.58503529233139e-04,-1.14545975444019e-02
1.04691463495400e+03	-8.60232334942331e-04,-1.13743150218969e-02
1.05419650210254e+03	-8.61934514563114e-04,-1.12945786550190e-02
1.06152901864253e+03	-8.63610395862803e-04,-1.12153846298177e-02
1.06891253686836e+03	-8.65260301587090e-04,-1.11367291582607e-02
1.07634741152480e+03	-8.66884549522557e-04,-1.10586084780586e-02
1.08383399982408e+03	-8.68483452558255e-04,-1.09810188524912e-02
1.09137266146303e+03	-8.70057318746378e-04,-1.09039565702355e-02
1.09896375864037e+03	-8.71606451362021e-04,-1.08274179451939e-02
1.10660765607411e+03	-8.73131148962052e-04,-1.07513993163239e-02
1.11430472101909e+03	-8.74631705443099e-04,-1.06758970474697e-02
1.12205532328457e+03	-8.76108410098672e-04,-1.06009075271935e-02
1.12985983525209e+03	-8.77561547675419e-04,-1.05264271686094e-02
1.13771863189326e+03	-8.78991398428545e-04,-1.04524524092175e-02
1.14563209078785e+03	-8.80398238176388e-04,-1.03789797107393e-02
1.15360059214191e+03	-8.81782338354174e-04,-1.03060055589547e-02
1.16162451880602e+03	-8.83143966066956e-04,-1.02335264635395e-02
1.16970425629368e+03	-8.84483384141750e-04,-1.01615389579043e-02
1.17784019279989e+03	-8.85800851178880e-04,-1.00900395990346e-02
1.18603271921973e+03	-8.87096621602540e-04,-1.00190249673319e-02
1.19428222916717e+03	-8.88370945710583e-04,-9.94849166645572e-03
1.20258911899399e+03	-8.89624069723546e-04,-9.87843632316711e-03
1.21095378780882e+03	-8.90856235832934e-04,-9.80885558717295e-03
1.21937663749629e+03	-8.92067682248747e-04,-9.73974613097141e-03
1.22785807273639e+03	-8.93258643246287e-04,-9.67110464969852e-03
1.23639850102386e+03	-8.94429349212233e-04,-9.60292786097577e-03
1.24499833268778e+03	-8.95580026690018e-04,-9.53521250475886e-03
1.25365798091132e+03	-8.96710898424482e-04,-9.46795534318742e-03
1.26237786175155e+03	-8.97822183405852e-04,-9.40115316043585e-03
1.27115839415946e+03	-8.98914096913019e-04,-9.33480276256521e-03
1.28000000000006e+03	-8.99986850556155e-04,-9.26890097737614e-03
1.28890310407266e+03	-9.01040652318653e-04,-9.20344465426283e-03
1.29786813413129e+03	-9.02075706598412e-04,-9.13843066406809e-03
1.30689552090527e+03	-9.03092214248477e-04,-9.07385589893935e-03
1.31598569811982e+03	-9.04090372617033e-04,-9.00971727218577e-03
1.32513910251702e+03	-9.05070375586771e-04,-8.94601171813639e-03
1.33435617387669e+03	-9.06032413613630e-04,-8.88273619199923e-03
1.34363735503759e+03	-9.06976673764925e-04,-8.81988766972150e-03
1.35298309191863e+03	-9.07903339756869e-04,-8.75746314785072e-03
1.36239383354036e+03	-9.08812591991494e-04,-8.69545964339697e-03
1.37187003204652e+03	-9.09704607592986e-04,-8.63387419369605e-03
1.38141214272573e+03	-9.10579560443439e-04,-8.57270385627368e-03
1.39102062403342e+03	-9.11437621218027e-04,-8.51194570871070e-03
1.40069593761381e+03	-9.12278957419623e-04,-8.45159684850926e-03
1.41043854832213e+03	-9.13103733412848e-04,-8.39165439295998e-03
1.42024892424691e+03	-9.13912110457577e-04,-8.33211547901014e-03
1.43012753673251e+03	-9.14704246741899e-04,-8.27297726313280e-03
1.44007486040174e+03	-9.15480297414543e-04,-8.21423692119695e-03
1.45009137317869e+03	-9.16240414616782e-04,-8.15589164833853e-03
1.46017755631165e+03	-9.16984747513802e-04,-8.09793865883259e-03
1.47033389439627e+03	-9.17713442325578e-04,-8.04037518596625e-03
1.48056087539884e+03	-9.18426642357227e-04,-7.98319848191271e-03
1.49085899067969e+03	-9.19124488028879e-04,-7.92640581760618e-03
1.50122873501687e+03	-9.19807116905043e-04,-7.86999448261780e-03
1.51167060662987e+03	-9.20474663723500e-04,-7.81396178503247e-03
1.52218510720355e+03	-9.21127260423712e-04,-7.75830505132665e-03
1.53277274191230e+03	-9.21765036174768e-04,-7.70302162624710e-03
1.54343401944424e+03	-9.22388117402867e-04,-7.64810887269053e-03
1.55416945202573e+03	-9.22996627818336e-04,-7.59356417158426e-03
1.56497955544592e+03	-9.23590688442217e-04,-7.53938492176769e-03
1.57586484908157e+03	-9.24170417632393e-04,-7.48556853987486e-03
1.58682585592198e+03	-9.24735931109293e-04,-7.43211246021772e-03
1.59786310259414e+03	-9.25287341981169e-04,-7.37901413467058e-03
1.60897711938801e+03	-9.25824760768939e-04,-7.32627103255523e-03
1.62016844028203e+03	-9.26348295430629e-04,-7.27388064052716e-03
1.63143760296873e+03	-9.26858051385401e-04,-7.22184046246256e-03
1.64278514888059e+03	-9.27354131537184e-04,-7.17014801934635e-03
1.65421162321607e+03	-9.27836636297900e-04,-7.11880084916098e-03
1.66571757496575e+03	-9.28305663610317e-04,-7.06779650677623e-03
1.67730355693878e+03	-9.28761308970509e-04,-7.01713256383989e-03
1.68897012578938e+03	-9.29203665449944e-04,-6.96680660866932e-03
1.70071784204361e+03	-9.29632823717208e-04,-6.91681624614386e-03
1.71254727012630e+03	-9.30048872059360e-04,-6.86715909759827e-03
1.72445897838816e+03	-9.30451896402940e-04,-6.81783280071684e-03
1.73645353913310e+03	-9.30841980334616e-04,-6.76883500942859e-03
1.74853152864571e+03	-9.31219205121505e-04,-6.72016339380324e-03
1.76069352721896e+03	-9.31583649731138e-04,-6.67181563994806e-03
1.77294011918207e+03	-9.31935390851117e-04,-6.62378944990564e-03
1.78527189292860e+03	-9.32274502908427e-04,-6.57608254155249e-03
1.79768944094472e+03	-9.32601058088453e-04,-6.52869264849851e-03
1.81019335983765e+03	-9.32915126353667e-04,-6.48161751998739e-03
1.82278425036434e+03	-9.33216775462021e-04,-6.43485492079775e-03
1.83546271746035e+03	-9.33506070985046e-04,-6.38840263114529e-03
1.84822937026888e+03	-9.33783076325647e-04,-6.34225844658565e-03
1.86108482217009e+03	-9.34047852735630e-04,-6.29642017791824e-03
1.87402969081049e+03	-9.34300459332934e-04,-6.25088565109089e-03
1.88706459813270e+03	-9.34540953118602e-04,-6.20565270710527e-03
1.90019017040527e+03	-9.34769388993485e-04,-6.16071920192331e-03
1.91340703825281e+03	-9.34985819774683e-04,-6.11608300637432e-03
1.92671583668626e+03	-9.35190296211738e-04,-6.07174200606303e-03
1.94011720513340e+03	-9.35382867002577e-04,-6.02769410127847e-03
1.95361178746961e+03	-9.35563578809221e-04,-5.98393720690365e-03
1.96720023204875e+03	-9.35732476273255e-04,-5.94046925232609e-03
1.98088319173436e+03	-9.35889602031075e-04,-5.89728818134920e-03
1.99466132393098e+03	-9.36034996728917e-04,-5.85439195210446e-03
2.00853529061578e+03	-9.36168699037665e-04,-5.81177853696449e-03
2.02250575837034e+03	-9.36290745667469e-04,-5.76944592245684e-03
2.03657339841269e+03	-9.36401171382140e-04,-5.72739210917868e-03
2.05073888662953e+03	-9.36500009013375e-04,-5.68561511171231e-03
2.06500290360874e+03	-9.36587289474779e-04,-5.64411295854147e-03
2.07936613467207e+03	-9.36663041775717e-04,-5.60288369196843e-03
2.09382926990802e+03	-9.36727293034989e-04,-5.56192536803197e-03
2.10839300420509e+03	-9.36780068494341e-04,-5.52123605642613e-03
2.12305803728508e+03	-9.36821391531819e-04,-5.48081384041972e-03
2.13782507373673e+03	-9.36851283674966e-04,-5.44065681677673e-03
2.15269482304962e+03	-9.36869764613879e-04,-5.40076309567749e-03
2.16766799964818e+03	-9.36876852214127e-04,-5.36113080064064e-03
2.18274532292608e+03	-9.36872562529540e-04,-5.32175806844588e-03
2.19792751728076e+03	-9.36856909814868e-04,-5.28264304905756e-03
2.21321531214825e+03	-9.36829906538334e-04,-5.24378390554901e-03
2.22860944203819e+03	-9.36791563394071e-04,-5.20517881402774e-03
2.24411064656916e+03	-9.36741889314461e-04,-5.16682596356132e-03
2.25971967050419e+03	-9.36680891482376e-04,-5.12872355610414e-03
2.27543726378653e+03	-9.36608575343340e-04,-5.09086980642494e-03
2.29126418157573e+03	-9.36524944617601e-04,-5.05326294203504e-03
2.30720118428384e+03	-9.36430001312147e-04,-5.01590120311749e-03
2.32324903761205e+03	-9.36323745732642e-04,-4.97878284245685e-03
2.33940851258738e+03	-9.36206176495317e-04,-4.94190612536985e-03
2.35568038559980e+03	-9.36077290538808e-04,-4.90526932963678e-03
2.37206543843947e+03	-9.35937083135960e-04,-4.86887074543364e-03
2.38856445833435e+03	-9.35785547905592e-04,-4.83270867526507e-03
2.40517823798799e+03	-9.35622676824237e-04,-4.79678143389803e-03
2.42190757561765e+03	-9.35448460237879e-04,-4.76108734829628e-03
2.43875327499260e+03	-9.35262886873664e-04,-4.72562475755556e-03
2.45571614547280e+03	-9.35065943851626e-04,-4.69039201283955e-03
2.47279700204773e+03	-9.34857616696418e-04,-4.65538747731659e-03
2.48999666537558e+03	-9.34637889349053e-04,-4.62060952609712e-03
2.50731596182266e+03	-9.34406744178685e-04,-4.58605654617191e-03
2.52475572350313e+03	-9.34164161994412e-04,-4.55172693635099e-03
2.54231678831894e+03	-9.33910122057129e-04,-4.51761910720332e-03
2.56000000000013e+03	-9.33644602091433e-04,-4.48373148099722e-03
2.57780620814533e+03	-9.33367578297584e-04,-4.45006249164148e-03
2.59573626826261e+03	-9.33079025363543e-04,-4.41661058462730e-03
2.61379104181055e+03	-9.32778916477085e-04,-4.38337421697080e-03
2.63197139623967e+03	-9.32467223337999e-04,-4.35035185715640e-03
2.65027820503406e+03	-9.32143916170388e-04,-4.31754198508081e-03
2.66871234775341e+03	-9.31808963735073e-04,-4.28494309199777e-03
2.68727471007519e+03	-9.31462333342121e-04,-4.25255368046351e-03
2.70596618383727e+03	-9.31103990863482e-04,-4.22037226428289e-03
2.72478766708074e+03	-9.30733900745781e-04,-4.18839736845623e-03
2.74374006409305e+03	-9.30352026023240e-04,-4.15662752912686e-03
2.76282428545148e+03	-9.29958328330758e-04,-4.12506129352933e-03
2.78204124806685e+03	-9.29552767917161e-04,-4.09369721993834e-03
2.80139187522764e+03	-9.29135303658618e-04,-4.06253387761828e-03
2.82087709664427e+03	-9.28705893072247e-04,-4.03156984677355e-03
2.84049784849383e+03	-9.28264492329908e-04,-4.00080371849939e-03
2.86025507346503e+03	-9.27811056272212e-04,-3.97023409473357e-03
2.88014972080350e+03	-9.27345538422730e-04,-3.93985958820853e-03
2.90018274635740e+03	-9.26867891002437e-04,-3.90967882240435e-03
2.92035511262332e+03	-9.26378064944386e-04,-3.87969043150220e-03
2.94066778879257e+03	-9.25876009908631e-04,-3.84989306033857e-03
2.96112175079769e+03	-9.25361674297400e-04,-3.82028536436004e-03
2.98171798135941e+03	-9.24835005270537e-04,-3.79086600957868e-03
3.00245747003377e+03	-9.24295948761226e-04,-3.76163367252811e-03
3.02334121325976e+03	-9.23744449491992e-04,-3.73258704022015e-03
3.04437021440713e+03	-9.23180450991006e-04,-3.70372481010202e-03
3.06554548382462e+03	-9.22603895608702e-04,-3.67504569001420e-03
3.08686803888851e+03	-9.22014724534705e-04,-3.64654839814887e-03
3.10833890405149e+03	-9.21412877815094e-04,-3.61823166300885e-03
3.12995911089186e+03	-9.20798294370006e-04,-3.59009422336724e-03
3.15172969816316e+03	-9.20170912011594e-04,-3.56213482822746e-03
3.17365171184398e+03	-9.19530667462338e-04,-3.53435223678399e-03
3.19572620518830e+03	-9.18877496373745e-04,-3.50674521838353e-03
3.21795423877605e+03	-9.18211333345416e-04,-3.47931255248678e-03
3.24033688056409e+03	-9.17532111944523e-04,-3.45205302863069e-03
3.26287520593749e+03	-9.16839764725683e-04,-3.42496544639124e-03
3.28557029776121e+03	-9.16134223251252e-04,-3.39804861534669e-03
3.30842324643216e+03	-9.15415418112049e-04,-3.37130135504136e-03
3.33143514993153e+03	-9.14683278948514e-04,-3.34472249494988e-03
3.35460711387759e+03	-9.13937734472316e-04,-3.31831087444188e-03
3.37794025157879e+03	-9.13178712488426e-04,-3.29206534274714e-03
3.40143568408726e+03	-9.12406139917655e-04,-3.26598475892120e-03
3.42509454025263e+03	-9.11619942819677e-04,-3.24006799181141e-03
3.44891795677636e+03	-9.10820046416544e-04,-3.21431392002332e-03
3.47290707826623e+03	-9.10006375116695e-04,-3.18872143188760e-03
3.49706305729145e+03	-9.09178852539494e-04,-3.16328942542721e-03
3.52138705443794e+03	-9.08337401540274e-04,-3.13801680832504e-03
3.54588023836416e+03	-9.07481944235926e-04,-3.11290249789189e-03
3.57054378585724e+03	-9.06612402031023e-04,-3.08794542103477e-03
3.59537888188947e+03	-9.05728695644506e-04,-3.06314451422555e-03
3.62038671967532e+03	-9.04830745136922e-04,-3.03849872346992e-03
3.64556850072871e+03	-9.03918469938242e-04,-3.01400700427665e-03
3.67092543492072e+03	-9.02991788876260e-04,-2.98966832162714e-03
3.69645874053780e+03	-9.02050620205576e-04,-2.96548164994522e-03
3.72216964434020e+03	-9.01094881637193e-04,-2.94144597306718e-03
3.74805938162101e+03	-9.00124490368706e-04,-2.91756028421211e-03
3.77412919626543e+03	-8.99139363115118e-04,-2.89382358595232e-03
3.80038034081058e+03	-8.98139416140284e-04,-2.87023489018411e-03
3.82681407650566e+03	-8.97124565288978e-04,-2.84679321809857e-03
3.85343167337255e+03	-8.96094726019613e-04,-2.82349760015265e-03
3.88023441026684e+03	-8.95049813437599e-04,-2.80034707604025e-03
3.90722357493925e+03	-8.93989742329372e-04,-2.77734069466358e-03
3.93440046409753e+03	-8.92914427197063e-04,-2.75447751410444e-03
3.96176638346874e+03	-8.91823782293862e-04,-2.73175660159570e-03
3.98932264786198e+03	-8.90717721660039e-04,-2.70917703349279e-03
4.01707058123159e+03	-8.89596159159651e-04,-2.68673789524520e-03
4.04501151674072e+03	-8.88459008517941e-04,-2.66443828136803e-03
4.07314679682541e+03	-8.87306183359424e-04,-2.64227729541349e-03
4.10147777325910e+03	-8.86137597246665e-04,-2.62025404994240e-03
4.13000580721752e+03	-8.84953163719765e-04,-2.59836766649554e-03
4.15873226934416e+03	-8.83752796336545e-04,-2.57661727556506e-03
4.18765853981608e+03	-8.82536408713439e-04,-2.55500201656562e-03
4.21678600841022e+03	-8.81303914567096e-04,-2.53352103780553e-03
4.24611607457018e+03	-8.80055227756688e-04,-2.51217349645765e-03
4.27565014747350e+03	-8.78790262326943e-04,-2.49095855853011e-03
4.30538964609927e+03	-8.77508932551874e-04,-2.46987539883685e-03
4.33533599929639e+03	-8.76211152979238e-04,-2.44892320096792e-03
4.36549064585219e+03	-8.74896838475698e-04,-2.42810115725947e-03
4.39585503456155e+03	-8.73565904272698e-04,-2.40740846876349e-03
4.42643062429652e+03	-8.72218266013058e-04,-2.38684434521723e-03
4.45721888407641e+03	-8.70853839798262e-04,-2.36640800501225e-03
4.48822129313836e+03	-8.69472542236463e-04,-2.34609867516312e-03
4.51943934100841e+03	-8.68074290491189e-04,-2.32591559127568e-03
4.55087452757310e+03	-8.66659002330733e-04,-2.30585799751492e-03
4.58252836315148e+03	-8.65226596178251e-04,-2.28592514657235e-03
4.61440236856772e+03	-8.63776991162536e-04,-2.26611629963291e-03
4.64649807522413e+03	-8.62310107169471e-04,-2.24643072634133e-03
4.67881702517480e+03	-8.60825864894155e-04,-2.22686770476801e-03
4.71136077119964e+03	-8.59324185893688e-04,-2.20742652137421e-03
4.74413087687898e+03	-8.57804992640611e-04,-2.18810647097675e-03
4.77712891666873e+03	-8.56268208576985e-04,-2.16890685671195e-03
4.81035647597602e+03	-8.54713758169106e-04,-2.14982698999906e-03
4.84381515123534e+03	-8.53141566962830e-04,-2.13086619050278e-03
4.87750654998525e+03	-8.51551561639510e-04,-2.11202378609526e-03
4.91143229094564e+03	-8.49943670072524e-04,-2.09329911281720e-03
4.94559400409550e+03	-8.48317821384369e-04,-2.07469151483821e-03
4.97999333075120e+03	-8.46673946004328e-04,-2.05620034441635e-03
5.01463192364536e+03	-8.45011975726669e-04,-2.03782496185679e-03
5.04951144700630e+03	-8.43331843769371e-04,-2.01956473546964e-03
5.08463357663793e+03	-8.41633484833357e-04,-2.00141904152680e-03
5.12000000000031e+03	-8.39916835162203e-04,-1.98338726421794e-03
5.15561241629071e+03	-8.38181832602323e-04,-1.96546879560543e-03
5.19147253652526e+03	-8.36428416663575e-04,-1.94766303557832e-03
5.22758208362114e+03	-8.34656528580302e-04,-1.92996939180531e-03
5.26394279247938e+03	-8.32866111372749e-04,-1.91238727968656e-03
5.30055641006817e+03	-8.31057109908856e-04,-1.89491612230453e-03
5.33742469550686e+03	-8.29229470966378e-04,-1.87755535037362e-03
5.37454942015043e+03	-8.27383143295326e-04,-1.86030440218866e-03
5.41193236767459e+03	-8.25518077680678e-04,-1.84316272357233e-03
5.44957533416153e+03	-8.23634227005345e-04,-1.82612976782120e-03
5.48748012818615e+03	-8.21731546313353e-04,-1.80920499565073e-03
5.52564857090300e+03	-8.19809992873208e-04,-1.79238787513888e-03
5.56408249613375e+03	-8.17869526241412e-04,-1.77567788166850e-03
5.60278375045533e+03	-8.15910108326095e-04,-1.75907449786840e-03
5.64175419328859e+03	-8.13931703450725e-04,-1.74257721355310e-03
5.68099569698771e+03	-8.11934278417857e-04,-1.72618552566121e-03
5.72051014693011e+03	-8.09917802572887e-04,-1.70989893819244e-03
5.76029944160706e+03	-8.07882247867763e-04,-1.69371696214326e-03
5.80036549271484e+03	-8.05827588924623e-04,-1.67763911544105e-03
5.84071022524669e+03	-8.03753803099307e-04,-1.66166492287690e-03
5.88133557758518e+03	-8.01660870544708e-04,-1.64579391603690e-03
5.92224350159543e+03	-7.99548774273910e-04,-1.63002563323198e-03
5.96343596271886e+03	-7.97417500223073e-04,-1.61435961942628e-03
6.00491494006759e+03	-7.95267037314021e-04,-1.59879542616393e-03
6.04668242651957e+03	-7.93097377516473e-04,-1.58333261149445e-03
6.08874042881431e+03	-7.90908515909888e-04,-1.56797073989647e-03
6.13109096764929e+03	-7.88700450744852e-04,-1.55270938220002e-03
6.17373607777707e+03	-7.86473183503977e-04,-1.53754811550719e-03
6.21667780810302e+03	-7.84226718962245e-04,-1.52248652311127e-03
6.25991822178378e+03	-7.81961065246757e-04,-1.50752419441430e-03
6.30345939632636e+03	-7.79676233895826e-04,-1.49266072484307e-03
6.34730342368800e+03	-7.77372239917363e-04,-1.47789571576350e-03
6.39145241037665e+03	-7.75049101846496e-04,-1.46322877439345e-03
6.43590847755216e+03	-7.72706841802385e-04,-1.44865951371398e-03
6.48067376112824e+03	-7.70345485544146e-04,-1.43418755237899e-03
6.52575041187503e+03	-7.67965062525860e-04,-1.41981251462328e-03
6.57114059552248e+03	-7.65565605950590e-04,-1.40553403016905e-03
6.61684649286437e+03	-7.63147152823348e-04,-1.39135173413085e-03
6.66287029986312e+03	-7.60709744002970e-04,-1.37726526691891e-03
6.70921422775524e+03	-7.58253424252824e-04,-1.36327427414094e-03
6.75588050315764e+03	-7.55778242290295e-04,-1.34937840650248e-03
6.80287136817457e+03	-7.53284250835002e-04,-1.33557731970555e-03
6.85018908050532e+03	-7.50771506655664e-04,-1.32187067434597e-03
6.89783591355277e+03	-7.48240070615583e-04,-1.30825813580905e-03
6.94581415653252e+03	-7.45690007716657e-04,-1.29473937416391e-03
6.99412611458295e+03	-7.43121387141888e-04,-1.28131406405628e-03
7.04277410887593e+03	-7.40534282296308e-04,-1.26798188459991e-03
7.09176047672838e+03	-7.37928770846279e-04,-1.25474251926660e-03
7.14108757171453e+03	-7.35304934757089e-04,-1.24159565577482e-03
7.19075776377900e+03	-7.32662860328810e-04,-1.22854098597701e-03
7.24077343935071e+03	-7.30002638230334e-04,-1.21557820574559e-03
7.29113700145747e+03	-7.27324363531558e-04,-1.20270701485769e-03
7.34185086984150e+03	-7.24628135733628e-04,-1.18992711687866e-03
7.39291748107565e+03	-7.21914058797220e-04,-1.17723821904435e-03
7.44433928868046e+03	-7.19182241168773e-04,-1.16464003214231e-03
7.49611876324208e+03	-7.16432795804645e-04,-1.15213227039183e-03
7.54825839253092e+03	-7.13665840193114e-04,-1.13971465132294e-03
7.60076068162122e+03	-7.10881496374193e-04,-1.12738689565441e-03
7.65362815301138e+03	-7.08079890957193e-04,-1.11514872717079e-03
7.70686334674516e+03	-7.05261155135992e-04,-1.10299987259854e-03
7.76046882053374e+03	-7.02425424701955e-04,-1.09094006148135e-03
7.81444714987857e+03	-6.99572840054466e-04,-1.07896902605455e-03
7.86880092819513e+03	-6.96703546209015e-04,-1.06708650111899e-03
7.92353276693755e+03	-6.93817692802807e-04,-1.05529222391405e-03
7.97864529572403e+03	-6.90915434097841e-04,-1.04358593399018e-03
8.03414116246325e+03	-6.87996928981425e-04,-1.03196737308083e-03
8.09002303348151e+03	-6.85062340964084e-04,-1.02043628497394e-03
8.14629359365089e+03	-6.82111838174826e-04,-1.00899241538303e-03
8.20295554651826e+03	-6.79145593353730e-04,-9.97635511817948e-04
8.26001161443511e+03	-6.76163783841826e-04,-9.86365323455344e-04
8.31746453868839e+03	-6.73166591568229e-04,-9.75181601009002e-04
8.37531707963222e+03	-6.70154203034511e-04,-9.64084096600042e-04
8.43357201682050e+03	-6.67126809296272e-04,-9.53072563627092e-04
8.49223214914044e+03	-6.64084605941896e-04,-9.42146756636518e-04
8.55130029494706e+03	-6.61027793068467e-04,-9.31306431192792e-04
8.61077929219860e+03	-6.57956575254829e-04,-9.20551343749061e-04
8.67067199859285e+03	-6.54871161531770e-04,-9.09881251518026e-04
8.73098129170445e+03	-6.51771765349326e-04,-8.99295912343204e-04
8.79171006912318e+03	-6.48658604541184e-04,-8.88795084570646e-04
8.85286124859312e+03	-6.45531901286184e-04,-8.78378526921225e-04
8.91443776815290e+03	-6.42391882066917e-04,-8.68045998363560e-04
8.97644258627679e+03	-6.39238777625411e-04,-8.57797257987664e-04
9.03887868201690e+03	-6.36072822915915e-04,-8.47632064879426e-04
9.10174905514628e+03	-6.32894257054779e-04,-8.37550177995984e-04
9.16505672630304e+03	-6.29703323267444e-04,-8.27551356042109e-04
9.22880473713551e+03	-6.26500268832546e-04,-8.17635357347671e-04
9.29299615044834e+03	-6.23285345023159e-04,-8.07801939746280e-04
9.35763405034968e+03	-6.20058807045180e-04,-7.98050860455201e-04
9.42272154239935e+03	-6.16820913972894e-04,-7.88381875956618e-04
9.48826175375803e+03	-6.13571928681731e-04,-7.78794741880350e-04
9.55425783333754e+03	-6.10312117778241e-04,-7.69289212888103e-04
9.62071295195212e+03	-6.07041751527330e-04,-7.59865042559344e-04
9.68763030247075e+03	-6.03761103776776e-04,-7.50521983278888e-04
9.75501309997057e+03	-6.00470451879077e-04,-7.41259786126289e-04
9.82286458189136e+03	-5.97170076610656e-04,-7.32078200767110e-04
9.89118800819108e+03	-5.93860262088478e-04,-7.22976975346171e-04
9.95998666150247e+03	-5.90541295684121e-04,-7.13955856382856e-04
1.00292638472908e+04	-5.87213467935351e-04,-7.05014588668545e-04
1.00990228940127e+04	-5.83877072455256e-04,-6.96152915166289e-04
1.01692671532759e+04	-5.80532405838994e-04,-6.87370576912765e-04
1.02400000000007e+04	-5.77179767568210e-04,-6.78667312922623e-04
1.03112248325815e+04	-5.73819459913190e-04,-6.70042860095285e-04
1.03829450730506e+04	-5.70451787832819e-04,-6.61496953124277e-04
1.04551641672424e+04	-5.67077058872401e-04,-6.53029324409161e-04
1.05278855849588e+04	-5.63695583059418e-04,-6.44639703970142e-04
1.06011128201364e+04	-5.60307672797303e-04,-6.36327819365426e-04
1.06748493910138e+04	-5.56913642757299e-04,-6.28093395611369e-04
1.07490988403009e+04	-5.53513809768484e-04,-6.19936155105519e-04
1.08238647353493e+04	-5.50108492706041e-04,-6.11855817552570e-04
1.08991506683231e+04	-5.46698012377865e-04,-6.03852099893324e-04
1.09749602563724e+04	-5.43282691409577e-04,-5.95924716236687e-04
1.10512971418061e+04	-5.39862854128044e-04,-5.88073377794773e-04
1.11281649922676e+04	-5.36438826443496e-04,-5.80297792821148e-04
1.12055675009107e+04	-5.33010935730322e-04,-5.72597666552273e-04
1.12835083865773e+04	-5.29579510706647e-04,-5.64972701152184e-04
1.13619913939755e+04	-5.26144881312780e-04,-5.57422595660452e-04
1.14410202938603e+04	-5.22707378588632e-04,-5.49947045943451e-04
1.15205988832142e+04	-5.19267334550204e-04,-5.42545744648980e-04
1.16007309854298e+04	-5.15825082065234e-04,-5.35218381164260e-04
1.16814204504935e+04	-5.12380954728123e-04,-5.27964641577338e-04
1.17626711551704e+04	-5.08935286734217e-04,-5.20784208641914e-04
1.18444870031910e+04	-5.05488412753569e-04,-5.13676761745615e-04
1.19268719254378e+04	-5.02040667804266e-04,-5.06641976881738e-04
1.20098298801353e+04	-4.98592387125448e-04,-4.99679526624457e-04
1.20933648530392e+04	-4.95143906050087e-04,-4.92789080107524e-04
1.21774808576287e+04	-4.91695559877672e-04,-4.85970303006448e-04
1.22621819352987e+04	-4.88247683746874e-04,-4.79222857524167e-04
1.23474721555542e+04	-4.84800612508305e-04,-4.72546402380214e-04
1.24333556162061e+04	-4.81354680597480e-04,-4.65940592803346e-04
1.25198364435677e+04	-4.77910221908080e-04,-4.59405080527664e-04
1.26069187926528e+04	-4.74467569665623e-04,-4.52939513792170e-04
1.26946068473761e+04	-4.71027056301643e-04,-4.46543537343783e-04
1.27829048207534e+04	-4.67589013328483e-04,-4.40216792443759e-04
1.28718169551044e+04	-4.64153771214797e-04,-4.33958916877513e-04
1.29613475222566e+04	-4.60721659261872e-04,-4.27769544967805e-04
1.30515008237502e+04	-4.57293005480863e-04,-4.21648307591267e-04
1.31422811910451e+04	-4.53868136471028e-04,-4.15594832198227e-04
1.32336929857288e+04	-4.50447377299090e-04,-4.09608742835791e-04
1.33257405997263e+04	-4.47031051379782e-04,-4.03689660174159e-04
1.34184284555106e+04	-4.43619480357705e-04,-3.97837201536105e-04
1.35117610063154e+04	-4.40212983990563e-04,-3.92050980929597e-04
1.36057427363492e+04	-4.36811880033878e-04,-3.86330609083484e-04
1.37003781610108e+04	-4.33416484127277e-04,-3.80675693486221e-04
1.37956718271056e+04	-4.30027109682417e-04,-3.75085838427548e-04
1.38916283130651e+04	-4.26644067772661e-04,-3.69560645043088e-04
1.39882522291660e+04	-4.23267667024551e-04,-3.64099711361784e-04
1.40855482177520e+04	-4.19898213511190e-04,-3.58702632356121e-04
1.41835209534569e+04	-4.16536010647587e-04,-3.53368999995060e-04
1.42821751434292e+04	-4.13181359088043e-04,-3.48098403299617e-04
1.43815155275581e+04	-4.09834556625654e-04,-3.42890428401013e-04
1.44815468787015e+04	-4.06495898094000e-04,-3.37744658601323e-04
1.45822740029151e+04	-4.03165675271069e-04,-3.32660674436544e-04
1.46837017396831e+04	-3.99844176785505e-04,-3.27638053742013e-04
1.47858349621514e+04	-3.96531688025209e-04,-3.22676371720079e-04
1.48886785773610e+04	-3.93228491048378e-04,-3.17775201009966e-04
1.49922375264843e+04	-3.89934864497010e-04,-3.12934111759731e-04
1.50965167850620e+04	-3.86651083512945e-04,-3.08152671700233e-04
1.52015213632425e+04	-3.83377419656473e-04,-3.03430446221039e-04
1.53072563060229e+04	-3.80114140827567e-04,-2.98766998448165e-04
1.54137266934904e+04	-3.76861511189768e-04,-2.94161889323572e-04
1.55209376410676e+04	-3.73619791096768e-04,-2.89614677686325e-04
1.56288942997572e+04	-3.70389237021720e-04,-2.85124920355335e-04
1.57376018563904e+04	-3.67170101489313e-04,-2.80692172213576e-04
1.58470655338752e+04	-3.63962633010629e-04,-2.76315986293702e-04
1.59572905914482e+04	-3.60767076020814e-04,-2.71995913864962e-04
1.60682823249266e+04	-3.57583670819578e-04,-2.67731504521335e-04
1.61800460669631e+04	-3.54412653514552e-04,-2.63522306270774e-04
1.62925871873019e+04	-3.51254255967502e-04,-2.59367865625490e-04
1.64059110930366e+04	-3.48108705743422e-04,-2.55267727693162e-04
1.65200232288703e+04	-3.44976226062512e-04,-2.51221436269002e-04
1.66349290773769e+04	-3.41857035755044e-04,-2.47228533928568e-04
1.67506341592646e+04	-3.38751349219116e-04,-2.43288562121249e-04
1.68671440336411e+04	-3.35659376381301e-04,-2.39401061264321e-04
1.69844642982810e+04	-3.32581322660177e-04,-2.35565570837489e-04
1.71026005898942e+04	-3.29517388932737e-04,-2.31781629477825e-04
1.72215585843973e+04	-3.26467771503671e-04,-2.28048775075029e-04
1.73413439971858e+04	-3.23432662077495e-04,-2.24366544866895e-04
1.74619625834090e+04	-3.20412247733533e-04,-2.20734475534935e-04
1.75834201382465e+04	-3.17406710903706e-04,-2.17152103300048e-04
1.77057224971864e+04	-3.14416229353138e-04,-2.13618964018162e-04
1.78288755363059e+04	-3.11440976163528e-04,-2.10134593275775e-04
1.79528851725537e+04	-3.08481119719278e-04,-2.06698526485301e-04
1.80777573640339e+04	-3.05536823696345e-04,-2.03310298980153e-04
1.82034981102927e+04	-3.02608247053789e-04,-1.99969446109482e-04
1.83301134526062e+04	-2.99695544027972e-04,-1.96675503332499e-04
1.84576094742712e+04	-2.96798864129396e-04,-1.93428006312305e-04
1.85859923008968e+04	-2.93918352142113e-04,-1.90226491009159e-04
1.87152681006995e+04	-2.91054148125702e-04,-1.87070493773116e-04
1.88454430847988e+04	-2.88206387419739e-04,-1.83959551435967e-04
1.89765235075162e+04	-2.85375200650741e-04,-1.80893201402403e-04
1.91085156666752e+04	-2.82560713741530e-04,-1.77870981740368e-04
1.92414259039044e+04	-2.79763047922969e-04,-1.74892431270509e-04
1.93752606049416e+04	-2.76982319748035e-04,-1.71957089654678e-04
1.95100261999413e+04	-2.74218641108153e-04,-1.69064497483436e-04
1.96457291637829e+04	-2.71472119251782e-04,-1.66214196362483e-04
1.97823760163823e+04	-2.68742856805155e-04,-1.63405728997982e-04
1.99199733230051e+04	-2.66030951795161e-04,-1.60638639280715e-04
2.00585276945817e+04	-2.63336497674286e-04,-1.57912472369022e-04
2.01980457880255e+04	-2.60659583347579e-04,-1.55226774770483e-04
2.03385343065520e+04	-2.58000293201568e-04,-1.52581094422293e-04
2.04800000000015e+04	-2.55358707135089e-04,-1.49974980770294e-04
2.06224496651631e+04	-2.52734900591957e-04,-1.47407984846614e-04
2.07658901461013e+04	-2.50128944595430e-04,-1.44879659345891e-04
2.09103283344849e+04	-2.47540905784397e-04,-1.42389558700030e-04
2.10557711699178e+04	-2.44970846451247e-04,-1.39937239151472e-04
2.12022256402730e+04	-2.42418824581346e-04,-1.37522258824945e-04
2.13496987820278e+04	-2.39884893894067e-04,-1.35144177797652e-04
2.14981976806020e+04	-2.37369103885323e-04,-1.32802558167893e-04
2.16477294706987e+04	-2.34871499871522e-04,-1.30496964122079e-04
2.17983013366464e+04	-2.32392123034912e-04,-1.28226962000125e-04
2.19499205127449e+04	-2.29931010470229e-04,-1.25992120359193e-04
2.21025942836123e+04	-2.27488195232611e-04,-1.23792010035781e-04
2.22563299845353e+04	-2.25063706386705e-04,-1.21626204206128e-04
2.24111350018216e+04	-2.22657569056911e-04,-1.19494278444930e-04
2.25670167731547e+04	-2.20269804478708e-04,-1.17395810782348e-04
2.27239827879512e+04	-2.17900430051003e-04,-1.15330381759310e-04
2.28820405877208e+04	-2.15549459389439e-04,-1.13297574481079e-04
2.30411977664286e+04	-2.13216902380606e-04,-1.11296974669100e-04
2.32014619708597e+04	-2.10902765237114e-04,-1.09328170711116e-04
2.33628409009871e+04	-2.08607050553442e-04,-1.07390753709540e-04
2.35253423103411e+04	-2.06329757362535e-04,-1.05484317528096e-04
2.36889740063821e+04	-2.04070881193081e-04,-1.03608458836722e-04
2.38537438508758e+04	-2.01830414127409e-04,-1.01762777154736e-04
2.40196597602707e+04	-1.99608344859974e-04,-9.99468748922773e-05
2.41867297060786e+04	-1.97404658756349e-04,-9.81603573900165e-05
2.43549617152576e+04	-1.95219337912703e-04,-9.64028329571520e-05
2.45243638705975e+04	-1.93052361215678e-04,-9.46739129076929e-05
2.46949443111087e+04	-1.90903704402657e-04,-9.29732115950434e-05
2.48667112324125e+04	-1.88773340122338e-04,-9.13003464448970e-05
2.50396728871355e+04	-1.86661237995582e-04,-8.96549379864528e-05
2.52138375853058e+04	-1.84567364676490e-04,-8.80366098819682e-05
2.53892136947524e+04	-1.82491683913660e-04,-8.64449889546621e-05
2.55658096415070e+04	-1.80434156611575e-04,-8.48797052149840e-05
2.57436339102090e+04	-1.78394740892079e-04,-8.33403918852659e-05
2.59226950445133e+04	-1.76373392155914e-04,-8.18266854227753e-05
2.61030016475005e+04	-1.74370063144247e-04,-8.03382255411868e-05
2.62845623820903e+04	-1.72384704000175e-04,-7.88746552304936e-05
2.64673859714579e+04	-1.70417262330151e-04,-7.74356207753775e-05
2.66514811994529e+04	-1.68467683265301e-04,-7.60207717720603e-05
2.68368569110214e+04	-1.66535909522594e-04,-7.46297611436573e-05
2.70235220126310e+04	-1.64621881465824e-04,-7.32622451540569e-05
2.72114854726987e+04	-1.62725537166372e-04,-7.19178834203489e-05
2.74007563220217e+04	-1.60846812463727e-04,-7.05963389238258e-05
2.75913436542115e+04	-1.58985641025704e-04,-6.92972780195816e-05
2.77832566261305e+04	-1.57141954408364e-04,-6.80203704447332e-05
2.79765044583322e+04	-1.55315682115573e-04,-6.67652893252910e-05
2.81710964355041e+04	-1.53506751658198e-04,-6.55317111817026e-05
2.83670419069139e+04	-1.51715088612894e-04,-6.43193159330982e-05
2.85643502868585e+04	-1.49940616680459e-04,-6.31277869002638e-05
2.87630310551164e+04	-1.48183257743742e-04,-6.19568108073685e-05
2.89630937574032e+04	-1.46442931925069e-04,-6.08060777824749e-05
2.91645480058303e+04	-1.44719557643159e-04,-5.96752813568584e-05
2.93674034793664e+04	-1.43013051669529e-04,-5.85641184631652e-05
2.95716699243030e+04	-1.41323329184343e-04,-5.74722894324347e-05
2.97773571547223e+04	-1.39650303831696e-04,-5.63994979900168e-05
2.99844750529688e+04	-1.37993887774321e-04,-5.53454512504111e-05
3.01930335701241e+04	-1.36353991747686e-04,-5.43098597110554e-05
3.04030427264853e+04	-1.34730525113473e-04,-5.32924372450941e-05
3.06145126120459e+04	-1.33123395912425e-04,-5.22929010931526e-05
3.08274533869811e+04	-1.31532510916540e-04,-5.13109718541471e-05
3.10418752821354e+04	-1.29957775680601e-04,-5.03463734751582e-05
3.12577885995147e+04	-1.28399094593031e-04,-4.93988332403953e-05
3.14752037127810e+04	-1.26856370926057e-04,-4.84680817592810e-05
3.16941310677506e+04	-1.25329506885175e-04,-4.75538529536830e-05
3.19145811828966e+04	-1.23818403657903e-04,-4.66558840443207e-05
3.21365646498535e+04	-1.22322961461819e-04,-4.57739155363748e-05
3.23600921339265e+04	-1.20843079591862e-04,-4.49076912043268e-05
3.25851743746041e+04	-1.19378656466909e-04,-4.40569580760560e-05
3.28118221860735e+04	-1.17929589675597e-04,-4.32214664162192e-05
3.30400464577409e+04	-1.16495776021406e-04,-4.24009697089428e-05
3.32698581547541e+04	-1.15077111566983e-04,-4.15952246398501e-05
3.35012683185294e+04	-1.13673491677708e-04,-4.08039910774526e-05
3.37342880672825e+04	-1.12284811064497e-04,-4.00270320539297e-05
3.39689285965622e+04	-1.10910963825842e-04,-3.92641137453217e-05
3.42052011797887e+04	-1.09551843489081e-04,-3.85150054511628e-05
3.44431171687949e+04	-1.08207343050897e-04,-3.77794795735774e-05
3.46826879943719e+04	-1.06877355017047e-04,-3.70573115958644e-05
3.49239251668183e+04	-1.05561771441322e-04,-3.63482800605938e-05
3.51668402764932e+04	-1.04260483963731e-04,-3.56521665472383e-05
3.54114449943730e+04	-1.02973383847917e-04,-3.49687556493647e-05
3.56577510726121e+04	-1.01700362017802e-04,-3.42978349514063e-05
3.59057703451077e+04	-1.00441309093463e-04,-3.36391950050385e-05
3.61555147280681e+04	-9.91961154262449e-05,-3.29926293051822e-05
3.64069962205857e+04	-9.79646711331065e-05,-3.23579342656527e-05
3.66602269052127e+04	-9.67468661302101e-05,-3.17349091944787e-05
3.69152189485426e+04	-9.55425901657511e-05,-3.11233562689092e-05
3.71719846017939e+04	-9.43517328520376e-05,-3.05230805101314e-05
3.74305362013993e+04	-9.31741836968203e-05,-2.99338897577170e-05
3.76908861695980e+04	-9.20098321338799e-05,-2.93555946438171e-05
3.79530470150327e+04	-9.08585675528763e-05,-2.87880085671259e-05
3.82170313333507e+04	-8.97202793284648e-05,-2.82309476666295e-05
3.84828518078091e+04	-8.85948568486862e-05,-2.76842307951595e-05
3.87505212098836e+04	-8.74821895426357e-05,-2.71476794927683e-05
3.90200523998829e+04	-8.63821669074186e-05,-2.66211179599440e-05
3.92914583275660e+04	-8.52946785343976e-05,-2.61043730306805e-05
3.95647520327649e+04	-8.42196141347407e-05,-2.55972741454198e-05
3.98399466460105e+04	-8.31568635642760e-05,-2.50996533238833e-05
4.01170553891638e+04	-8.21063168476605e-05,-2.46113451378051e-05
4.03960915760513e+04	-8.10678642018718e-05,-2.41321866835848e-05
4.06770686131043e+04	-8.00413960590296e-05,-2.36620175548731e-05
4.09600000000034e+04	-7.90268030885556e-05,-2.32006798151047e-05
4.12448993303266e+04	-7.80239762186799e-05,-2.27480179699916e-05
4.15317802922030e+04	-7.70328066573028e-05,-2.23038789399912e-05
4.18206566689701e+04	-7.60531859122196e-05,-2.18681120327616e-05
4.21115423398359e+04	-7.50850058107186e-05,-2.14405689156162e-05
4.24044512805463e+04	-7.41281585185595e-05,-2.10211035879898e-05
4.26993975640559e+04	-7.31825365583429e-05,-2.06095723539289e-05
4.29963953612044e+04	-7.22480328272783e-05,-2.02058337946159e-05
4.32954589413977e+04	-7.13245406143610e-05,-1.98097487409391e-05
4.35966026732932e+04	-7.04119536169666e-05,-1.94211802461192e-05
4.38998410254902e+04	-6.95101659568719e-05,-1.90399935584012e-05
4.42051885672250e+04	-6.86190721957134e-05,-1.86660560938233e-05
4.45126599690710e+04	-6.77385673498902e-05,-1.82992374090703e-05
4.48222700036436e+04	-6.68685469049221e-05,-1.79394091744220e-05
4.51340335463097e+04	-6.60089068292737e-05,-1.75864451468044e-05
4.54479655759027e+04	-6.51595435876508e-05,-1.72402211429524e-05
4.57640811754419e+04	-6.43203541537811e-05,-1.69006150126924e-05
4.60823955328575e+04	-6.34912360226884e-05,-1.65675066123511e-05
4.64029239417198e+04	-6.26720872224684e-05,-1.62407777782993e-05
4.67256818019745e+04	-6.18628063255769e-05,-1.59203123006376e-05
4.70506846206825e+04	-6.10632924596396e-05,-1.56059958970291e-05
4.73779480127645e+04	-6.02734453177923e-05,-1.52977161866875e-05
4.77074877017519e+04	-5.94931651685616e-05,-1.49953626645256e-05
4.80000000000000e+04	-5.88129197195926e-05,-1.47335572370853e-05
