Freq.	V(vout)
2.00000000000000e+01	9.84569644723816e-01,-1.23319274865328e-01
2.01391110011344e+01	9.84357610994971e-01,-1.24150312971821e-01
2.02791895958006e+01	9.84142710517722e-01,-1.24986581876426e-01
2.04202425141439e+01	9.83924905829416e-01,-1.25828106824132e-01
2.05622765331213e+01	9.83704159013689e-01,-1.26674913015505e-01
2.07052984768276e+01	9.83480431695968e-01,-1.27527025602234e-01
2.08493152168224e+01	9.83253685038964e-01,-1.28384469682576e-01
2.09943336724614e+01	9.83023879738151e-01,-1.29247270296685e-01
2.11403608112276e+01	9.82790976017223e-01,-1.30115452421852e-01
2.12874036490672e+01	9.82554933623546e-01,-1.30989040967624e-01
2.14354692507259e+01	9.82315711823602e-01,-1.31868060770822e-01
2.15845647300886e+01	9.82073269398406e-01,-1.32752536590442e-01
2.17346972505212e+01	9.81827564638938e-01,-1.33642493102451e-01
2.18858740252148e+01	9.81578555341546e-01,-1.34537954894459e-01
2.20381023175322e+01	9.81326198803350e-01,-1.35438946460283e-01
2.21913894413569e+01	9.81070451817648e-01,-1.36345492194389e-01
2.23457427614444e+01	9.80811270669304e-01,-1.37257616386216e-01
2.25011696937762e+01	9.80548611130143e-01,-1.38175343214372e-01
2.26576777059160e+01	9.80282428454342e-01,-1.39098696740718e-01
2.28152743173685e+01	9.80012677373820e-01,-1.40027700904314e-01
2.29739670999407e+01	9.79739312093629e-01,-1.40962379515250e-01
2.31337636781058e+01	9.79462286287355e-01,-1.41902756248333e-01
2.32946717293691e+01	9.79181553092513e-01,-1.42848854636658e-01
2.34566989846376e+01	9.78897065105955e-01,-1.43800698065038e-01
2.36198532285906e+01	9.78608774379290e-01,-1.44758309763295e-01
2.37841423000545e+01	9.78316632414304e-01,-1.45721712799425e-01
2.39495740923786e+01	9.78020590158399e-01,-1.46690930072617e-01
2.41161565538152e+01	9.77720598000047e-01,-1.47665984306130e-01
2.42838976879010e+01	9.77416605764254e-01,-1.48646898040033e-01
2.44528055538414e+01	9.77108562708045e-01,-1.49633693623796e-01
2.46228882668984e+01	9.76796417515973e-01,-1.50626393208733e-01
2.47941539987798e+01	9.76480118295642e-01,-1.51625018740305e-01
2.49666109780323e+01	9.76159612573257e-01,-1.52629591950261e-01
2.51402674904366e+01	9.75834847289211e-01,-1.53640134348633e-01
2.53151318794057e+01	9.75505768793682e-01,-1.54656667215579e-01
2.54912125463853e+01	9.75172322842278e-01,-1.55679211593063e-01
2.56685179512581e+01	9.74834454591709e-01,-1.56707788276378e-01
2.58470566127499e+01	9.74492108595498e-01,-1.57742417805515e-01
2.60268371088387e+01	9.74145228799724e-01,-1.58783120456363e-01
2.62078680771673e+01	9.73793758538821e-01,-1.59829916231747e-01
2.63901582154580e+01	9.73437640531409e-01,-1.60882824852300e-01
2.65737162819303e+01	9.73076816876179e-01,-1.61941865747165e-01
2.67585510957223e+01	9.72711229047828e-01,-1.63007058044533e-01
2.69446715373139e+01	9.72340817893046e-01,-1.64078420562002e-01
2.71320865489535e+01	9.71965523626564e-01,-1.65155971796766e-01
2.73208051350880e+01	9.71585285827256e-01,-1.66239729915626e-01
2.75108363627950e+01	9.71200043434309e-01,-1.67329712744831e-01
2.77021893622186e+01	9.70809734743465e-01,-1.68425937759725e-01
2.78948733270082e+01	9.70414297403316e-01,-1.69528422074231e-01
2.80888975147600e+01	9.70013668411697e-01,-1.70637182430138e-01
2.82842712474620e+01	9.69607784112133e-01,-1.71752235186206e-01
2.84810039119415e+01	9.69196580190388e-01,-1.72873596307096e-01
2.86791049603166e+01	9.68779991671085e-01,-1.74001281352094e-01
2.88785839104500e+01	9.68357952914420e-01,-1.75135305463657e-01
2.90794503464063e+01	9.67930397612973e-01,-1.76275683355770e-01
2.92817139189126e+01	9.67497258788609e-01,-1.77422429302097e-01
2.94853843458221e+01	9.67058468789491e-01,-1.78575557123952e-01
2.96904714125811e+01	9.66613959287185e-01,-1.79735080178064e-01
2.98969849726989e+01	9.66163661273891e-01,-1.80901011344150e-01
3.01049349482215e+01	9.65707505059778e-01,-1.82073363012288e-01
3.03143313302081e+01	9.65245420270444e-01,-1.83252147070086e-01
3.05251841792113e+01	9.64777335844497e-01,-1.84437374889656e-01
3.07375036257604e+01	9.64303180031271e-01,-1.85629057314379e-01
3.09512998708479e+01	9.63822880388669e-01,-1.86827204645473e-01
3.11665831864201e+01	9.63336363781155e-01,-1.88031826628346e-01
3.13833639158702e+01	9.62843556377878e-01,-1.89242932438753e-01
3.16016524745352e+01	9.62344383650961e-01,-1.90460530668740e-01
3.18214593501969e+01	9.61838770373930e-01,-1.91684629312380e-01
3.20427951035850e+01	9.61326640620319e-01,-1.92915235751304e-01
3.22656703688852e+01	9.60807917762429e-01,-1.94152356740019e-01
3.24900958542496e+01	9.60282524470267e-01,-1.95395998391014e-01
3.27160823423114e+01	9.59750382710660e-01,-1.96646166159661e-01
3.29436406907031e+01	9.59211413746556e-01,-1.97902864828899e-01
3.31727818325778e+01	9.58665538136509e-01,-1.99166098493709e-01
3.34035167771350e+01	9.58112675734372e-01,-2.00435870545376e-01
3.36358566101488e+01	9.57552745689179e-01,-2.01712183655537e-01
3.38698124945013e+01	9.56985666445247e-01,-2.02995039760023e-01
3.41053956707185e+01	9.56411355742491e-01,-2.04284440042480e-01
3.43426174575103e+01	9.55829730616956e-01,-2.05580384917783e-01
3.45814892523148e+01	9.55240707401588e-01,-2.06882874015239e-01
3.48220225318452e+01	9.54644201727235e-01,-2.08191906161574e-01
3.50642288526416e+01	9.54040128523891e-01,-2.09507479363714e-01
3.53081198516264e+01	9.53428402022192e-01,-2.10829590791351e-01
3.55537072466630e+01	9.52808935755173e-01,-2.12158236759304e-01
3.58010028371191e+01	9.52181642560282e-01,-2.13493412709667e-01
3.60500185044334e+01	9.51546434581676e-01,-2.14835113193758e-01
3.63007662126867e+01	9.50903223272789e-01,-2.16183331853847e-01
3.65532580091762e+01	9.50251919399190e-01,-2.17538061404697e-01
3.68075060249952e+01	9.49592433041743e-01,-2.18899293614889e-01
3.70635224756151e+01	9.48924673600060e-01,-2.20267019287952e-01
3.73213196614725e+01	9.48248549796273e-01,-2.21641228243290e-01
3.75809099685607e+01	9.47563969679122e-01,-2.23021909296917e-01
3.78423058690241e+01	9.46870840628376e-01,-2.24409050241994e-01
3.81055199217578e+01	9.46169069359580e-01,-2.25802637829173e-01
3.83705647730108e+01	9.45458561929158e-01,-2.27202657746752e-01
3.86374531569941e+01	9.44739223739864e-01,-2.28609094600649e-01
3.89061978964917e+01	9.44010959546591e-01,-2.30021931894186e-01
3.91768119034774e+01	9.43273673462558e-01,-2.31441152007693e-01
3.94493081797347e+01	9.42527268965869e-01,-2.32866736177944e-01
3.97236998174817e+01	9.41771648906468e-01,-2.34298664477413e-01
4.00000000000003e+01	9.41006715513481e-01,-2.35736915793366e-01
4.02782220022691e+01	9.40232370402974e-01,-2.37181467806784e-01
4.05583791916015e+01	9.39448514586117e-01,-2.38632296971135e-01
4.08404850282880e+01	9.38655048477782e-01,-2.40089378490989e-01
4.11245530662430e+01	9.37851871905564e-01,-2.41552686300476e-01
4.14105969536554e+01	9.37038884119251e-01,-2.43022193041617e-01
4.16986304336452e+01	9.36215983800747e-01,-2.44497870042500e-01
4.19886673449230e+01	9.35383069074452e-01,-2.45979687295335e-01
4.22807216224556e+01	9.34540037518115e-01,-2.47467613434382e-01
4.25748072981347e+01	9.33686786174168e-01,-2.48961615713758e-01
4.28709385014521e+01	9.32823211561547e-01,-2.50461659985134e-01
4.31691294601774e+01	9.31949209688016e-01,-2.51967710675325e-01
4.34693945010427e+01	9.31064676062995e-01,-2.53479730763787e-01
4.37717480504299e+01	9.30169505710909e-01,-2.54997681760022e-01
4.40762046350648e+01	9.29263593185067e-01,-2.56521523680905e-01
4.43827788827142e+01	9.28346832582071e-01,-2.58051215027934e-01
4.46914855228892e+01	9.27419117556777e-01,-2.59586712764422e-01
4.50023393875528e+01	9.26480341337814e-01,-2.61127972292635e-01
4.53153554118323e+01	9.25530396743661e-01,-2.62674947430879e-01
4.56305486347374e+01	9.24569176199303e-01,-2.64227590390564e-01
4.59479341998818e+01	9.23596571753473e-01,-2.65785851753231e-01
4.62675273562119e+01	9.22612475096486e-01,-2.67349680447580e-01
4.65893434587387e+01	9.21616777578670e-01,-2.68919023726486e-01
4.69133979692756e+01	9.20609370229419e-01,-2.70493827144027e-01
4.72397064571817e+01	9.19590143776853e-01,-2.72074034532540e-01
4.75682846001093e+01	9.18558988668125e-01,-2.73659587979699e-01
4.78991481847576e+01	9.17515795090346e-01,-2.75250427805654e-01
4.82323131076309e+01	9.16460452992171e-01,-2.76846492540221e-01
4.85677953758023e+01	9.15392852106037e-01,-2.78447718900145e-01
4.89056111076832e+01	9.14312881971059e-01,-2.80054041766460e-01
4.92457765337971e+01	9.13220431956604e-01,-2.81665394161941e-01
4.95883079975600e+01	9.12115391286543e-01,-2.83281707228677e-01
4.99332219560650e+01	9.10997649064184e-01,-2.84902910205782e-01
5.02805349808736e+01	9.09867094297910e-01,-2.86528930407243e-01
5.06302637588117e+01	9.08723615927509e-01,-2.88159693199941e-01
5.09824250927710e+01	9.07567102851220e-01,-2.89795121981855e-01
5.13370359025167e+01	9.06397443953489e-01,-2.91435138160451e-01
5.16941132255002e+01	9.05214528133453e-01,-2.93079661131305e-01
5.20536742176779e+01	9.04018244334146e-01,-2.94728608256943e-01
5.24157361543351e+01	9.02808481572442e-01,-2.96381894845944e-01
5.27803164309163e+01	9.01585128969739e-01,-2.98039434132310e-01
5.31474325638610e+01	9.00348075783385e-01,-2.99701137255124e-01
5.35171021914451e+01	8.99097211438854e-01,-3.01366913238522e-01
5.38893430746282e+01	8.97832425562676e-01,-3.03036668971994e-01
5.42641730979075e+01	8.96553608016125e-01,-3.04710309191032e-01
5.46416102701764e+01	8.95260648929671e-01,-3.06387736458155e-01
5.50216727255904e+01	8.93953438738187e-01,-3.08068851144324e-01
5.54043787244376e+01	8.92631868216935e-01,-3.09753551410774e-01
5.57897466540169e+01	8.91295828518315e-01,-3.11441733191280e-01
5.61777950295205e+01	8.89945211209381e-01,-3.13133290174890e-01
5.65685424949245e+01	8.88579908310137e-01,-3.14828113789129e-01
5.69620078238835e+01	8.87199812332601e-01,-3.16526093183726e-01
5.73582099206338e+01	8.85804816320638e-01,-3.18227115214859e-01
5.77571678209005e+01	8.84394813890573e-01,-3.19931064429959e-01
5.81589006928131e+01	8.82969699272565e-01,-3.21637823053097e-01
5.85634278378257e+01	8.81529367352756e-01,-3.23347270970971e-01
5.89707686916448e+01	8.80073713716187e-01,-3.25059285719525e-01
5.93809428251627e+01	8.78602634690466e-01,-3.26773742471227e-01
5.97939699453983e+01	8.77116027390207e-01,-3.28490514023024e-01
6.02098698964434e+01	8.75613789762220e-01,-3.30209470785011e-01
6.06286626604167e+01	8.74095820631444e-01,-3.31930480769828e-01
6.10503683584231e+01	8.72562019747625e-01,-3.33653409582826e-01
6.14750072515213e+01	8.71012287832738e-01,-3.35378120413021e-01
6.19025997416964e+01	8.69446526629122e-01,-3.37104474024860e-01
6.23331663728408e+01	8.67864638948343e-01,-3.38832328750841e-01
6.27667278317409e+01	8.66266528720769e-01,-3.40561540484992e-01
6.32033049490710e+01	8.64652101045834e-01,-3.42291962677265e-01
6.36429187003943e+01	8.63021262243003e-01,-3.44023446328849e-01
6.40855902071706e+01	8.61373919903399e-01,-3.45755839988444e-01
6.45313407377709e+01	8.59709982942103e-01,-3.47488989749520e-01
6.49801917084997e+01	8.58029361651100e-01,-3.49222739248591e-01
6.54321646846233e+01	8.56331967752855e-01,-3.50956929664529e-01
6.58872813814067e+01	8.54617714454510e-01,-3.52691399718956e-01
6.63455636651562e+01	8.52886516502684e-01,-3.54425985677727e-01
6.68070335542704e+01	8.51138290238844e-01,-3.56160521353554e-01
6.72717132202981e+01	8.49372953655256e-01,-3.57894838109774e-01
6.77396249890031e+01	8.47590426451465e-01,-3.59628764865312e-01
6.82107913414375e+01	8.45790630091303e-01,-3.61362128100859e-01
6.86852349150212e+01	8.43973487860397e-01,-3.63094751866284e-01
6.91629785046302e+01	8.42138924924148e-01,-3.64826457789327e-01
6.96440450636909e+01	8.40286868386172e-01,-3.66557065085583e-01
7.01284577052838e+01	8.38417247347152e-01,-3.68286390569816e-01
7.06162397032534e+01	8.36529992964100e-01,-3.70014248668620e-01
7.11074144933266e+01	8.34625038509989e-01,-3.71740451434469e-01
7.16020056742388e+01	8.32702319433721e-01,-3.73464808561165e-01
7.21000370088674e+01	8.30761773420414e-01,-3.75187127400719e-01
7.26015324253739e+01	8.28803340451961e-01,-3.76907212981698e-01
7.31065160183531e+01	8.26826962867844e-01,-3.78624868029040e-01
7.36150120499911e+01	8.24832585426159e-01,-3.80339892985390e-01
7.41270449512307e+01	8.22820155364819e-01,-3.82052086033957e-01
7.46426393229457e+01	8.20789622462900e-01,-3.83761243122931e-01
7.51618199371220e+01	8.18740939102094e-01,-3.85467157991468e-01
7.56846117380488e+01	8.16674060328230e-01,-3.87169622197285e-01
7.62110398435161e+01	8.14588943912817e-01,-3.88868425145859e-01
7.67411295460223e+01	8.12485550414583e-01,-3.90563354121275e-01
7.72749063139888e+01	8.10363843240952e-01,-3.92254194318728e-01
7.78123957929840e+01	8.08223788709425e-01,-3.93940728878700e-01
7.83536238069553e+01	8.06065356108821e-01,-3.95622738922827e-01
7.88986163594699e+01	8.03888517760330e-01,-3.97300003591477e-01
7.94473996349641e+01	8.01693249078333e-01,-3.98972300083054e-01
8.00000000000012e+01	7.99479528630943e-01,-4.00639403695032e-01
8.05564440045387e+01	7.97247338200215e-01,-4.02301087866744e-01
8.11167583832036e+01	7.94996662841981e-01,-4.03957124223926e-01
8.16809700565767e+01	7.92727490945255e-01,-4.05607282625036e-01
8.22491061324866e+01	7.90439814291165e-01,-4.07251331209352e-01
8.28211939073115e+01	7.88133628111346e-01,-4.08889036446847e-01
8.33972608672910e+01	7.85808931145753e-01,-4.10520163189869e-01
8.39773346898467e+01	7.83465725699838e-01,-4.12144474726603e-01
8.45614432449118e+01	7.81104017701039e-01,-4.13761732836339e-01
8.51496145962701e+01	7.78723816754508e-01,-4.15371697846537e-01
8.57418770029048e+01	7.76325136198054e-01,-4.16974128691684e-01
8.63382589203556e+01	7.73907993156216e-01,-4.18568782973953e-01
8.69387890020860e+01	7.71472408593421e-01,-4.20155417025653e-01
8.75434961008606e+01	7.69018407366169e-01,-4.21733785973454e-01
8.81524092701303e+01	7.66546018274190e-01,-4.23303643804399e-01
8.87655577654290e+01	7.64055274110502e-01,-4.24864743433680e-01
8.93829710457790e+01	7.61546211710325e-01,-4.26416836774161e-01
9.00046787751062e+01	7.59018871998786e-01,-4.27959674807655e-01
9.06307108236654e+01	7.56473300037355e-01,-4.29493007657915e-01
9.12610972694754e+01	7.53909545068952e-01,-4.31016584665338e-01
9.18958683997643e+01	7.51327660561667e-01,-4.32530154463353e-01
9.25350547124245e+01	7.48727704251034e-01,-4.34033465056478e-01
9.31786869174780e+01	7.46109738180796e-01,-4.35526263900019e-01
9.38267959385519e+01	7.43473828742105e-01,-4.37008297981371e-01
9.44794129143640e+01	7.40820046711095e-01,-4.38479313902928e-01
9.51365692002193e+01	7.38148467284768e-01,-4.39939057966529e-01
9.57982963695159e+01	7.35459170115144e-01,-4.41387276259435e-01
9.64646262152625e+01	7.32752239341598e-01,-4.42823714741793e-01
9.71355907516054e+01	7.30027763621341e-01,-4.44248119335552e-01
9.78112222153672e+01	7.27285836157993e-01,-4.45660236014786e-01
9.84915530675950e+01	7.24526554728168e-01,-4.47059810897393e-01
9.91766159951206e+01	7.21750021706038e-01,-4.48446590338107e-01
9.98664439121307e+01	7.18956344085815e-01,-4.49820321022804e-01
1.00561069961748e+02	7.16145633502090e-01,-4.51180750064027e-01
1.01260527517624e+02	7.13318006247987e-01,-4.52527625097697e-01
1.01964850185543e+02	7.10473583291069e-01,-4.53860694380947e-01
1.02674071805034e+02	7.07612490286958e-01,-4.55179706891031e-01
1.03388226451001e+02	7.04734857590613e-01,-4.56484412425245e-01
1.04107348435357e+02	7.01840820265214e-01,-4.57774561701808e-01
1.04831472308671e+02	6.98930518088619e-01,-4.59049906461628e-01
1.05560632861833e+02	6.96004095557339e-01,-4.60310199570912e-01
1.06294865127723e+02	6.93061701887993e-01,-4.61555195124526e-01
1.07034204382891e+02	6.90103491016193e-01,-4.62784648550067e-01
1.07778686149257e+02	6.87129621592845e-01,-4.63998316712552e-01
1.08528346195816e+02	6.84140256977793e-01,-4.65195958019669e-01
1.09283220540354e+02	6.81135565230801e-01,-4.66377332527514e-01
1.10043345451182e+02	6.78115719099830e-01,-4.67542202046735e-01
1.10808757448876e+02	6.75080896006577e-01,-4.68690330249007e-01
1.11579493308035e+02	6.72031278029242e-01,-4.69821482773766e-01
1.12355590059042e+02	6.68967051882523e-01,-4.70935427335116e-01
1.13137084989850e+02	6.65888408894782e-01,-4.72031933828830e-01
1.13924015647768e+02	6.62795544982383e-01,-4.73110774439364e-01
1.14716419841268e+02	6.59688660621185e-01,-4.74171723746800e-01
1.15514335641802e+02	6.56567960815154e-01,-4.75214558833629e-01
1.16317801385627e+02	6.53433655062111e-01,-4.76239059391294e-01
1.17126855675652e+02	6.50285957316580e-01,-4.77245007826405e-01
1.17941537383290e+02	6.47125085949748e-01,-4.78232189366531e-01
1.18761885650326e+02	6.43951263706518e-01,-4.79200392165491e-01
1.19587939890797e+02	6.40764717659668e-01,-4.80149407408046e-01
1.20419739792888e+02	6.37565679161110e-01,-4.81079029413910e-01
1.21257325320834e+02	6.34354383790251e-01,-4.81989055740976e-01
1.22100736716847e+02	6.31131071299484e-01,-4.82879287287688e-01
1.22950014503043e+02	6.27895985556785e-01,-4.83749528394443e-01
1.23805199483394e+02	6.24649374485472e-01,-4.84599586943952e-01
1.24666332745682e+02	6.21391490001114e-01,-4.85429274460455e-01
1.25533455663483e+02	6.18122587945621e-01,-4.86238406207714e-01
1.26406609898143e+02	6.14842928018545e-01,-4.87026801285673e-01
1.27285837400790e+02	6.11552773705611e-01,-4.87794282725718e-01
1.28171180414342e+02	6.08252392204514e-01,-4.88540677584421e-01
1.29062681475543e+02	6.04942054348016e-01,-4.89265817035707e-01
1.29960383417000e+02	6.01622034524379e-01,-4.89969536461336e-01
1.30864329369248e+02	5.98292610595170e-01,-4.90651675539613e-01
1.31774562762814e+02	5.94954063810502e-01,-4.91312078332257e-01
1.32691127330313e+02	5.91606678721727e-01,-4.91950593369319e-01
1.33614067108542e+02	5.88250743091657e-01,-4.92567073732086e-01
1.34543426440597e+02	5.84886547802357e-01,-4.93161377133878e-01
1.35479249978007e+02	5.81514386760568e-01,-4.93733365998659e-01
1.36421582682876e+02	5.78134556800811e-01,-4.94282907537386e-01
1.37370469830043e+02	5.74747357586252e-01,-4.94809873822005e-01
1.38325957009261e+02	5.71353091507381e-01,-4.95314141857050e-01
1.39288090127383e+02	5.67952063578570e-01,-4.95795593648726e-01
1.40256915410569e+02	5.64544581332594e-01,-4.96254116271451e-01
1.41232479406508e+02	5.61130954713179e-01,-4.96689601931754e-01
1.42214828986654e+02	5.57711495965658e-01,-4.97101948029479e-01
1.43204011348479e+02	5.54286519525808e-01,-4.97491057216228e-01
1.44200074017736e+02	5.50856341906958e-01,-4.97856837450980e-01
1.45203064850749e+02	5.47421281585446e-01,-4.98199202052827e-01
1.46213032036707e+02	5.43981658884510e-01,-4.98518069750777e-01
1.47230024099983e+02	5.40537795856704e-01,-4.98813364730556e-01
1.48254089902463e+02	5.37090016164932e-01,-4.99085016678385e-01
1.49285278645892e+02	5.33638644962181e-01,-4.99332960821656e-01
1.50323639874245e+02	5.30184008770060e-01,-4.99557137966483e-01
1.51369223476099e+02	5.26726435356232e-01,-4.99757494532082e-01
1.52422079687033e+02	5.23266253610835e-01,-4.99933982581943e-01
1.53482259092046e+02	5.19803793422002e-01,-5.00086559851757e-01
1.54549812627979e+02	5.16339385550560e-01,-5.00215189774072e-01
1.55624791585969e+02	5.12873361504025e-01,-5.00319841499656e-01
1.56707247613912e+02	5.09406053409994e-01,-5.00400489915525e-01
1.57797232718941e+02	5.05937793889022e-01,-5.00457115659644e-01
1.58894799269929e+02	5.02468915927104e-01,-5.00489705132260e-01
1.60000000000004e+02	4.98999752747859e-01,-5.00498250503870e-01
1.61112888009079e+02	4.95530637684513e-01,-5.00482749719806e-01
1.62233516766408e+02	4.92061904051802e-01,-5.00443206501441e-01
1.63361940113155e+02	4.88593885017882e-01,-5.00379630344010e-01
1.64498212264974e+02	4.85126913476365e-01,-5.00292036511041e-01
1.65642387814624e+02	4.81661321918576e-01,-5.00180446025419e-01
1.66794521734583e+02	4.78197442306134e-01,-5.00044885657077e-01
1.67954669379695e+02	4.74735605943976e-01,-4.99885387907335e-01
1.69122886489825e+02	4.71276143353905e-01,-4.99701990989906e-01
1.70299229192542e+02	4.67819384148780e-01,-4.99494738808577e-01
1.71483754005811e+02	4.64365656907444e-01,-4.99263680931612e-01
1.72676517840712e+02	4.60915289050490e-01,-4.99008872562880e-01
1.73877578004173e+02	4.57468606716968e-01,-4.98730374509752e-01
1.75086992201722e+02	4.54025934642124e-01,-4.98428253147809e-01
1.76304818540262e+02	4.50587596036275e-01,-4.98102580382377e-01
1.77531115530859e+02	4.47153912464907e-01,-4.97753433606952e-01
1.78765942091559e+02	4.43725203730098e-01,-4.97380895658549e-01
1.80009357550214e+02	4.40301787753356e-01,-4.96985054770027e-01
1.81261421647332e+02	4.36883980459944e-01,-4.96566004519431e-01
1.82522194538952e+02	4.33472095664814e-01,-4.96123843776419e-01
1.83791736799530e+02	4.30066444960199e-01,-4.95658676645823e-01
1.85070109424850e+02	4.26667337604971e-01,-4.95170612408403e-01
1.86357373834957e+02	4.23275080415833e-01,-4.94659765458855e-01
1.87653591877105e+02	4.19889977660429e-01,-4.94126255241145e-01
1.88958825828729e+02	4.16512330952446e-01,-4.93570206181229e-01
1.90273138400440e+02	4.13142439148780e-01,-4.92991747617229e-01
1.91596592739033e+02	4.09780598248833e-01,-4.92391013727142e-01
1.92929252430526e+02	4.06427101296022e-01,-4.91768143454153e-01
1.94271181503212e+02	4.03082238281545e-01,-4.91123280429626e-01
1.95622444430736e+02	3.99746296050485e-01,-4.90456572893851e-01
1.96983106135191e+02	3.96419558210293e-01,-4.89768173614634e-01
1.98353231990243e+02	3.93102305041721e-01,-4.89058239803804e-01
1.99732887824263e+02	3.89794813412244e-01,-4.88326933031717e-01
2.01122139923497e+02	3.86497356692037e-01,-4.87574419139852e-01
2.02521055035250e+02	3.83210204672536e-01,-4.86800868151579e-01
2.03929700371087e+02	3.79933623487633e-01,-4.86006454181180e-01
2.05348143610070e+02	3.76667875537549e-01,-4.85191355341222e-01
2.06776452902004e+02	3.73413219415420e-01,-4.84355753648362e-01
2.08214696870715e+02	3.70169909836621e-01,-4.83499834927672e-01
2.09662944617343e+02	3.66938197570873e-01,-4.82623788715590e-01
2.11121265723668e+02	3.63718329377139e-01,-4.81727808161562e-01
2.12589730255447e+02	3.60510547941361e-01,-4.80812089928488e-01
2.14068408765783e+02	3.57315091817029e-01,-4.79876834092051e-01
2.15557372298516e+02	3.54132195368619e-01,-4.78922244039021e-01
2.17056692391633e+02	3.50962088717905e-01,-4.77948526364636e-01
2.18566441080709e+02	3.47804997693162e-01,-4.76955890769131e-01
2.20086690902365e+02	3.44661143781258e-01,-4.75944549953528e-01
2.21617514897754e+02	3.41530744082648e-01,-4.74914719514757e-01
2.23158986616071e+02	3.38414011269269e-01,-4.73866617840215e-01
2.24711180118085e+02	3.35311153545331e-01,-4.72800466001840e-01
2.26274169979701e+02	3.32222374611009e-01,-4.71716487649793e-01
2.27848031295537e+02	3.29147873629009e-01,-4.70614908905837e-01
2.29432839682538e+02	3.26087845194023e-01,-4.69495958256500e-01
2.31028671283605e+02	3.23042479305040e-01,-4.68359866446101e-01
2.32635602771256e+02	3.20011961340503e-01,-4.67206866369733e-01
2.34253711351306e+02	3.16996472036294e-01,-4.66037192966278e-01
2.35883074766582e+02	3.13996187466533e-01,-4.64851083111545e-01
2.37523771300654e+02	3.11011279027143e-01,-4.63648775511601e-01
2.39175879781596e+02	3.08041913422193e-01,-4.62430510596383e-01
2.40839479585777e+02	3.05088252652947e-01,-4.61196530413664e-01
2.42514650641670e+02	3.02150454009623e-01,-4.59947078523449e-01
2.44201473433696e+02	2.99228670065813e-01,-4.58682399892881e-01
2.45900029006089e+02	2.96323048675524e-01,-4.57402740791716e-01
2.47610398966789e+02	2.93433732972815e-01,-4.56108348688459e-01
2.49332665491367e+02	2.90560861373984e-01,-4.54799472147204e-01
2.51066911326967e+02	2.87704567582262e-01,-4.53476360725270e-01
2.52813219796288e+02	2.84864980594975e-01,-4.52139264871678e-01
2.54571674801581e+02	2.82042224713125e-01,-4.50788435826541e-01
2.56342360828686e+02	2.79236419553350e-01,-4.49424125521434e-01
2.58125362951087e+02	2.76447680062206e-01,-4.48046586480783e-01
2.59920766834002e+02	2.73676116532729e-01,-4.46656071724354e-01
2.61728658738497e+02	2.70921834623227e-01,-4.45252834670880e-01
2.63549125525631e+02	2.68184935378239e-01,-4.43837129042876e-01
2.65382254660629e+02	2.65465515251628e-01,-4.42409208772711e-01
2.67228134217086e+02	2.62763666131728e-01,-4.40969327909963e-01
2.69086852881196e+02	2.60079475368518e-01,-4.39517740530116e-01
2.70958499956016e+02	2.57413025802743e-01,-4.38054700644638e-01
2.72843165365754e+02	2.54764395796937e-01,-4.36580462112480e-01
2.74740939660089e+02	2.52133659268298e-01,-4.35095278553040e-01
2.76651914018525e+02	2.49520885723336e-01,-4.33599403260622e-01
2.78576180254768e+02	2.46926140294255e-01,-4.32093089120427e-01
2.80513830821139e+02	2.44349483777005e-01,-4.30576588526113e-01
2.82464958813018e+02	2.41790972670933e-01,-4.29050153298946e-01
2.84429657973310e+02	2.39250659219998e-01,-4.27514034608574e-01
2.86408022696959e+02	2.36728591455462e-01,-4.25968482895453e-01
2.88400148035474e+02	2.34224813240018e-01,-4.24413747794937e-01
2.90406129701500e+02	2.31739364313290e-01,-4.22850078063074e-01
2.92426064073417e+02	2.29272280338639e-01,-4.21277721504099e-01
2.94460048199969e+02	2.26823592951221e-01,-4.19696924899670e-01
2.96508179804927e+02	2.24393329807242e-01,-4.18107933939843e-01
2.98570557291787e+02	2.21981514634335e-01,-4.16510993155807e-01
3.00647279748492e+02	2.19588167283025e-01,-4.14906345854384e-01
3.02738446952199e+02	2.17213303779192e-01,-4.13294234054318e-01
3.04844159374069e+02	2.14856936377510e-01,-4.11674898424340e-01
3.06964518184094e+02	2.12519073615768e-01,-4.10048578223030e-01
3.09099625255960e+02	2.10199720370051e-01,-4.08415511240476e-01
3.11249583171940e+02	2.07898877910690e-01,-4.06775933741729e-01
3.13414495227826e+02	2.05616543958958e-01,-4.05130080412055e-01
3.15594465437884e+02	2.03352712744433e-01,-4.03478184303988e-01
3.17789598539861e+02	2.01107375062987e-01,-4.01820476786173e-01
3.20000000000009e+02	1.98880518335337e-01,-4.00157187494002e-01
3.22225776018160e+02	1.96672126666122e-01,-3.98488544282034e-01
3.24467033532819e+02	1.94482180903437e-01,-3.96814773178184e-01
3.26723880226312e+02	1.92310658698778e-01,-3.95136098339693e-01
3.28996424529951e+02	1.90157534567353e-01,-3.93452742010843e-01
3.31284775629251e+02	1.88022779948715e-01,-3.91764924482421e-01
3.33589043469169e+02	1.85906363267647e-01,-3.90072864052922e-01
3.35909338759392e+02	1.83808249995275e-01,-3.88376776991460e-01
3.38245772979652e+02	1.81728402710356e-01,-3.86676877502395e-01
3.40598458385085e+02	1.79666781160692e-01,-3.84973377691638e-01
3.42967508011624e+02	1.77623342324626e-01,-3.83266487534628e-01
3.45353035681427e+02	1.75598040472588e-01,-3.81556414845966e-01
3.47755156008349e+02	1.73590827228637e-01,-3.79843365250679e-01
3.50173984403447e+02	1.71601651631965e-01,-3.78127542157089e-01
3.52609637080526e+02	1.69630460198322e-01,-3.76409146731287e-01
3.55062231061721e+02	1.67677196981326e-01,-3.74688377873168e-01
3.57531884183121e+02	1.65741803633620e-01,-3.72965432194013e-01
3.60018715100430e+02	1.63824219467836e-01,-3.71240503995596e-01
3.62522843294667e+02	1.61924381517339e-01,-3.69513785250796e-01
3.65044389077907e+02	1.60042224596716e-01,-3.67785465585675e-01
3.67583473599063e+02	1.58177681361966e-01,-3.66055732263013e-01
3.70140218849704e+02	1.56330682370383e-01,-3.64324770167266e-01
3.72714747669917e+02	1.54501156140075e-01,-3.62592761790922e-01
3.75307183754213e+02	1.52689029209118e-01,-3.60859887222229e-01
3.77917651657462e+02	1.50894226194287e-01,-3.59126324134267e-01
3.80546276800883e+02	1.49116669849370e-01,-3.57392247775343e-01
3.83193185478069e+02	1.47356281123011e-01,-3.55657830960667e-01
3.85858504861056e+02	1.45612979216077e-01,-3.53923244065301e-01
3.88542363006427e+02	1.43886681638513e-01,-3.52188655018336e-01
3.91244888861474e+02	1.42177304265678e-01,-3.50454229298274e-01
3.93966212270386e+02	1.40484761394124e-01,-3.48720129929593e-01
3.96706463980488e+02	1.38808965796809e-01,-3.46986517480458e-01
3.99465775648529e+02	1.37149828777719e-01,-3.45253550061554e-01
4.02244279846998e+02	1.35507260225893e-01,-3.43521383326009e-01
4.05042110070503e+02	1.33881168668817e-01,-3.41790170470381e-01
4.07859400742177e+02	1.32271461325185e-01,-3.40060062236684e-01
4.10696287220143e+02	1.30678044157002e-01,-3.38331206915412e-01
4.13552905804011e+02	1.29100821921029e-01,-3.36603750349548e-01
4.16429393741432e+02	1.27539698219541e-01,-3.34877835939516e-01
4.19325889234690e+02	1.25994575550396e-01,-3.33153604649060e-01
4.22242531447340e+02	1.24465355356402e-01,-3.31431195012009e-01
4.25179460510898e+02	1.22951938073976e-01,-3.29710743139910e-01
4.28136817531570e+02	1.21454223181071e-01,-3.27992382730500e-01
4.31114744597035e+02	1.19972109244383e-01,-3.26276245076978e-01
4.34113384783269e+02	1.18505493965815e-01,-3.24562459078070e-01
4.37132882161421e+02	1.17054274228199e-01,-3.22851151248839e-01
4.40173381804733e+02	1.15618346140269e-01,-3.21142445732228e-01
4.43235029795511e+02	1.14197605080872e-01,-3.19436464311302e-01
4.46317973232145e+02	1.12791945742427e-01,-3.17733326422164e-01
4.49422360236174e+02	1.11401262173616e-01,-3.16033149167519e-01
4.52548339959406e+02	1.10025447821312e-01,-3.14336047330863e-01
4.55696062591078e+02	1.08664395571729e-01,-3.12642133391272e-01
4.58865679365080e+02	1.07317997790814e-01,-3.10951517538754e-01
4.62057342567214e+02	1.05986146363857e-01,-3.09264307690159e-01
4.65271205542515e+02	1.04668732734333e-01,-3.07580609505609e-01
4.68507422702616e+02	1.03365647941971e-01,-3.05900526405427e-01
4.71766149533168e+02	1.02076782660052e-01,-3.04224159587544e-01
4.75047542601312e+02	1.00802027231936e-01,-3.02551608045359e-01
4.78351759563197e+02	9.95412717068212e-02,-3.00882968586032e-01
4.81678959171558e+02	9.82944058747348e-02,-2.99218335849181e-01
4.85029301283344e+02	9.70613193007643e-02,-2.97557802325971e-01
4.88402946867396e+02	9.58419013585248e-02,-2.95901458378565e-01
4.91800058012181e+02	9.46360412628712e-02,-2.94249392259922e-01
4.95220797933582e+02	9.34436281018582e-02,-2.92601690133917e-01
4.98665330982737e+02	9.22645508679514e-02,-2.90958436095768e-01
5.02133822653938e+02	9.10986984884955e-02,-2.89319712192746e-01
5.05626439592579e+02	8.99459598554452e-02,-2.87685598445150e-01
5.09143349603166e+02	8.88062238543626e-02,-2.86056172867526e-01
5.12684721657376e+02	8.76793793926890e-02,-2.84431511490125e-01
5.16250725902179e+02	8.65653154272964e-02,-2.82811688380554e-01
5.19841533668009e+02	8.54639209913255e-02,-2.81196775665641e-01
5.23457317476998e+02	8.43750852203158e-02,-2.79586843553456e-01
5.27098251051265e+02	8.32986973776378e-02,-2.77981960355507e-01
5.30764509321261e+02	8.22346468792307e-02,-2.76382192509072e-01
5.34456268434175e+02	8.11828233176571e-02,-2.74787604599660e-01
5.38173705762396e+02	8.01431164854794e-02,-2.73198259383587e-01
5.41916999912037e+02	7.91154163979670e-02,-2.71614217810649e-01
5.45686330731512e+02	7.80996133151436e-02,-2.70035539046877e-01
5.49481879320182e+02	7.70955977631805e-02,-2.68462280497364e-01
5.53303828037053e+02	7.61032605551467e-02,-2.66894497829148e-01
5.57152360509539e+02	7.51224928111234e-02,-2.65332244994139e-01
5.61027661642283e+02	7.41531859776908e-02,-2.63775574252072e-01
5.64929917626039e+02	7.31952318467984e-02,-2.62224536193483e-01
5.68859315946625e+02	7.22485225740253e-02,-2.60679179762693e-01
5.72816045393923e+02	7.13129506962412e-02,-2.59139552280782e-01
5.76800296070952e+02	7.03884091486772e-02,-2.57605699468547e-01
5.80812259403004e+02	6.94747912814138e-02,-2.56077665469440e-01
5.84852128146837e+02	6.85719908752990e-02,-2.54555492872460e-01
5.88920096399941e+02	6.76799021573015e-02,-2.53039222735005e-01
5.93016359609859e+02	6.67984198153126e-02,-2.51528894605662e-01
5.97141114583579e+02	6.59274390124026e-02,-2.50024546546936e-01
6.01294559496990e+02	6.50668554005441e-02,-2.48526215157904e-01
6.05476893904404e+02	6.42165651338097e-02,-2.47033935596777e-01
6.09688318748142e+02	6.33764648810547e-02,-2.45547741603387e-01
6.13929036368192e+02	6.25464518380940e-02,-2.44067665521558e-01
6.18199250511924e+02	6.17264237393819e-02,-2.42593738321383e-01
6.22499166343886e+02	6.09162788692061e-02,-2.41125989621378e-01
6.26828990455656e+02	6.01159160724034e-02,-2.39664447710526e-01
6.31188930875773e+02	5.93252347646074e-02,-2.38209139570179e-01
6.35579197079727e+02	5.85441349420383e-02,-2.36760090895842e-01
6.40000000000024e+02	5.77725171908424e-02,-2.35317326118806e-01
6.44451552036324e+02	5.70102826959925e-02,-2.33880868427646e-01
6.48934067065643e+02	5.62573332497565e-02,-2.32450739789554e-01
6.53447760452628e+02	5.55135712597459e-02,-2.31026960971537e-01
6.57992849059907e+02	5.47788997565502e-02,-2.29609551561432e-01
6.62569551258507e+02	5.40532224009691e-02,-2.28198529988777e-01
6.67178086938343e+02	5.33364434908503e-02,-2.26793913545495e-01
6.71818677518788e+02	5.26284679675408e-02,-2.25395718406420e-01
6.76491545959309e+02	5.19292014219629e-02,-2.24003959649631e-01
6.81196916770176e+02	5.12385501003211e-02,-2.22618651276619e-01
6.85935016023254e+02	5.05564209094509e-02,-2.21239806232260e-01
6.90706071362860e+02	4.98827214218160e-02,-2.19867436424609e-01
6.95510312016704e+02	4.92173598801642e-02,-2.18501552744493e-01
7.00347968806900e+02	4.85602452018485e-02,-2.17142165084921e-01
7.05219274161058e+02	4.79112869828241e-02,-2.15789282360297e-01
7.10124462123448e+02	4.72703955013267e-02,-2.14442912525430e-01
7.15063768366248e+02	4.66374817212426e-02,-2.13103062594349e-01
7.20037430200866e+02	4.60124572951771e-02,-2.11769738658915e-01
7.25045686589339e+02	4.53952345672299e-02,-2.10442945907230e-01
7.30088778155819e+02	4.47857265754846e-02,-2.09122688641840e-01
7.35166947198131e+02	4.41838470542207e-02,-2.07808970297732e-01
7.40280437699413e+02	4.35895104358548e-02,-2.06501793460122e-01
7.45429495339841e+02	4.30026318526193e-02,-2.05201159882038e-01
7.50614367508432e+02	4.24231271379855e-02,-2.03907070501692e-01
7.55835303314929e+02	4.18509128278381e-02,-2.02619525459634e-01
7.61092553601771e+02	4.12859061614084e-02,-2.01338524115708e-01
7.66386370956144e+02	4.07280250819738e-02,-2.00064065065787e-01
7.71717009722117e+02	4.01771882373296e-02,-1.98796146158300e-01
7.77084726012860e+02	3.96333149800397e-02,-1.97534764510542e-01
7.82489777722954e+02	3.90963253674740e-02,-1.96279916524779e-01
7.87932424540777e+02	3.85661401616383e-02,-1.95031597904135e-01
7.93412927960983e+02	3.80426808288026e-02,-1.93789803668269e-01
7.98931551297063e+02	3.75258695389353e-02,-1.92554528168839e-01
8.04488559694002e+02	3.70156291649484e-02,-1.91325765104755e-01
8.10084220141011e+02	3.65118832817601e-02,-1.90103507537220e-01
8.15718801484360e+02	3.60145561651820e-02,-1.88887747904562e-01
8.21392574440291e+02	3.55235727906335e-02,-1.87678478036854e-01
8.27105811608028e+02	3.50388588316934e-02,-1.86475689170324e-01
8.32858787482871e+02	3.45603406584909e-02,-1.85279371961558e-01
8.38651778469386e+02	3.40879453359427e-02,-1.84089516501496e-01
8.44485062894686e+02	3.36216006218422e-02,-1.82906112329217e-01
8.50358921021801e+02	3.31612349648054e-02,-1.81729148445524e-01
8.56273635063146e+02	3.27067775020782e-02,-1.80558613326319e-01
8.62229489194076e+02	3.22581580572116e-02,-1.79394494935776e-01
8.68226769566545e+02	3.18153071376077e-02,-1.78236780739315e-01
8.74265764322848e+02	3.13781559319441e-02,-1.77085457716367e-01
8.80346763609472e+02	3.09466363074784e-02,-1.75940512372950e-01
8.86470059591028e+02	3.05206808072398e-02,-1.74801930754034e-01
8.92635946464296e+02	3.01002226471107e-02,-1.73669698455722e-01
8.98844720472355e+02	2.96851957128046e-02,-1.72543800637224e-01
9.05096679918818e+02	2.92755345567418e-02,-1.71424222032645e-01
9.11392125182163e+02	2.88711743948307e-02,-1.70310946962574e-01
9.17731358730167e+02	2.84720511031552e-02,-1.69203959345491e-01
9.24114685134435e+02	2.80781012145753e-02,-1.68103242708974e-01
9.30542411085037e+02	2.76892619152424e-02,-1.67008780200728e-01
9.37014845405239e+02	2.73054710410353e-02,-1.65920554599421e-01
9.43532299066344e+02	2.69266670739184e-02,-1.64838548325339e-01
9.50095085202631e+02	2.65527891382281e-02,-1.63762743450862e-01
9.56703519126400e+02	2.61837769968888e-02,-1.62693121710753e-01
9.63357918343123e+02	2.58195710475635e-02,-1.61629664512269e-01
9.70058602566695e+02	2.54601123187417e-02,-1.60572352945104e-01
9.76805893734798e+02	2.51053424657680e-02,-1.59521167791143e-01
9.83600116024369e+02	2.47552037668142e-02,-1.58476089534056e-01
9.90441595867171e+02	2.44096391187997e-02,-1.57437098368711e-01
9.97330661965481e+02	2.40685920332604e-02,-1.56404174210422e-01
1.00426764530788e+03	2.37320066321718e-02,-1.55377296704031e-01
1.01125287918517e+03	2.33998276437275e-02,-1.54356445232818e-01
1.01828669920634e+03	2.30720003980768e-02,-1.53341598927257e-01
1.02536944331476e+03	2.27484708230229e-02,-1.52332736673601e-01
1.03250145180437e+03	2.24291854396870e-02,-1.51329837122313e-01
1.03968306733603e+03	2.21140913581364e-02,-1.50332878696336e-01
1.04691463495400e+03	2.18031362729847e-02,-1.49341839599209e-01
1.05419650210254e+03	2.14962684589613e-02,-1.48356697823032e-01
1.06152901864253e+03	2.11934367664560e-02,-1.47377431156271e-01
1.06891253686836e+03	2.08945906170396e-02,-1.46404017191418e-01
1.07634741152480e+03	2.05996799989630e-02,-1.45436433332508e-01
1.08383399982408e+03	2.03086554626368e-02,-1.44474656802478e-01
1.09137266146303e+03	2.00214681160939e-02,-1.43518664650394e-01
1.09896375864037e+03	1.97380696204360e-02,-1.42568433758527e-01
1.10660765607411e+03	1.94584121852685e-02,-1.41623940849294e-01
1.11430472101909e+03	1.91824485641218e-02,-1.40685162492060e-01
1.12205532328457e+03	1.89101320498650e-02,-1.39752075109798e-01
1.12985983525209e+03	1.86414164701106e-02,-1.38824654985624e-01
1.13771863189326e+03	1.83762561826136e-02,-1.37902878269195e-01
1.14563209078785e+03	1.81146060706662e-02,-1.36986720982971e-01
1.15360059214191e+03	1.78564215384899e-02,-1.36076159028360e-01
1.16162451880602e+03	1.76016585066258e-02,-1.35171168191722e-01
1.16970425629368e+03	1.73502734073260e-02,-1.34271724150265e-01
1.17784019279989e+03	1.71022231799463e-02,-1.33377802477800e-01
1.18603271921973e+03	1.68574652663418e-02,-1.32489378650387e-01
1.19428222916717e+03	1.66159576062680e-02,-1.31606428051860e-01
1.20258911899399e+03	1.63776586327866e-02,-1.30728925979228e-01
1.21095378780882e+03	1.61425272676793e-02,-1.29856847647970e-01
1.21937663749629e+03	1.59105229168693e-02,-1.28990168197203e-01
1.22785807273639e+03	1.56816054658525e-02,-1.28128862694753e-01
1.23639850102386e+03	1.54557352751397e-02,-1.27272906142106e-01
1.24499833268778e+03	1.52328731757101e-02,-1.26422273479250e-01
1.25365798091132e+03	1.50129804644774e-02,-1.25576939589414e-01
1.26237786175155e+03	1.47960188997703e-02,-1.24736879303701e-01
1.27115839415946e+03	1.45819506968269e-02,-1.23902067405617e-01
1.28000000000006e+03	1.43707385233058e-02,-1.23072478635497e-01
1.28890310407266e+03	1.41623454948128e-02,-1.22248087694831e-01
1.29786813413129e+03	1.39567351704456e-02,-1.21428869250497e-01
1.30689552090527e+03	1.37538715483562e-02,-1.20614797938885e-01
1.31598569811982e+03	1.35537190613332e-02,-1.19805848369942e-01
1.32513910251702e+03	1.33562425724028e-02,-1.19001995131107e-01
1.33435617387669e+03	1.31614073704509e-02,-1.18203212791169e-01
1.34363735503759e+03	1.29691791658666e-02,-1.17409475904020e-01
1.35298309191863e+03	1.27795240862069e-02,-1.16620759012332e-01
1.36239383354036e+03	1.25924086718841e-02,-1.15837036651140e-01
1.37187003204652e+03	1.24077998718764e-02,-1.15058283351336e-01
1.38141214272573e+03	1.22256650394621e-02,-1.14284473643091e-01
1.39102062403342e+03	1.20459719279778e-02,-1.13515582059176e-01
1.40069593761381e+03	1.18686886866010e-02,-1.12751583138220e-01
1.41043854832213e+03	1.16937838561589e-02,-1.11992451427874e-01
1.42024892424691e+03	1.15212263649613e-02,-1.11238161487907e-01
1.43012753673251e+03	1.13509855246610e-02,-1.10488687893215e-01
1.44007486040174e+03	1.11830310261394e-02,-1.09744005236761e-01
1.45009137317869e+03	1.10173329354202e-02,-1.09004088132440e-01
1.46017755631165e+03	1.08538616896090e-02,-1.08268911217869e-01
1.47033389439627e+03	1.06925880928616e-02,-1.07538449157103e-01
1.48056087539884e+03	1.05334833123795e-02,-1.06812676643290e-01
1.49085899067969e+03	1.03765188744338e-02,-1.06091568401245e-01
1.50122873501687e+03	1.02216666604175e-02,-1.05375099189963e-01
1.51167060662987e+03	1.00688989029266e-02,-1.04663243805067e-01
1.52218510720355e+03	9.91818818187033e-03,-1.03955977081184e-01
1.53277274191230e+03	9.76950742060982e-03,-1.03253273894265e-01
1.54343401944424e+03	9.62282988212725e-03,-1.02555109163832e-01
1.55416945202573e+03	9.47812916522375e-03,-1.01861457855177e-01
1.56497955544592e+03	9.33537920074748e-03,-1.01172294981488e-01
1.57586484908157e+03	9.19455424785143e-03,-1.00487595605921e-01
1.58682585592198e+03	9.05562889028133e-03,-9.98073348436136e-02
1.59786310259414e+03	8.91857803269379e-03,-9.91314878636433e-02
1.60897711938801e+03	8.78337689700465e-03,-9.84600298909252e-02
1.62016844028203e+03	8.65000101876779e-03,-9.77929362080595e-02
1.63143760296873e+03	8.51842624358436e-03,-9.71301821571216e-02
1.64278514888059e+03	8.38862872354255e-03,-9.64717431414025e-02
1.65421162321607e+03	8.26058491368801e-03,-9.58175946270951e-02
1.66571757496575e+03	8.13427156852487e-03,-9.51677121449315e-02
1.67730355693878e+03	8.00966573854743e-03,-9.45220712917696e-02
1.68897012578938e+03	7.88674476680259e-03,-9.38806477321315e-02
1.70071784204361e+03	7.76548628548294e-03,-9.32434171996941e-02
1.71254727012630e+03	7.64586821255059e-03,-9.26103554987332e-02
1.72445897838816e+03	7.52786874839171e-03,-9.19814385055214e-02
1.73645353913310e+03	7.41146637250170e-03,-9.13566421696815e-02
1.74853152864571e+03	7.29663984020101e-03,-9.07359425154957e-02
1.76069352721896e+03	7.18336817938166e-03,-9.01193156431720e-02
1.77294011918207e+03	7.07163068728419e-03,-8.95067377300685e-02
1.78527189292860e+03	6.96140692730520e-03,-8.88981850318758e-02
1.79768944094472e+03	6.85267672583528e-03,-8.82936338837599e-02
1.81019335983765e+03	6.74542016912737e-03,-8.76930607014652e-02
1.82278425036434e+03	6.63961760019534e-03,-8.70964419823780e-02
1.83546271746035e+03	6.53524961574277e-03,-8.65037543065533e-02
1.84822937026888e+03	6.43229706312190e-03,-8.59149743377034e-02
1.86108482217009e+03	6.33074103732251e-03,-8.53300788241512e-02
1.87402969081049e+03	6.23056287799071e-03,-8.47490445997466e-02
1.88706459813270e+03	6.13174416647759e-03,-8.41718485847491e-02
1.90019017040527e+03	6.03426672291738e-03,-8.35984677866764e-02
1.91340703825281e+03	5.93811260333529e-03,-8.30288793011189e-02
1.92671583668626e+03	5.84326409678472e-03,-8.24630603125219e-02
1.94011720513340e+03	5.74970372251364e-03,-8.19009880949364e-02
1.95361178746961e+03	5.65741422716028e-03,-8.13426400127378e-02
1.96720023204875e+03	5.56637858197763e-03,-8.07879935213149e-02
1.98088319173436e+03	5.47657998008691e-03,-8.02370261677287e-02
1.99466132393098e+03	5.38800183375961e-03,-7.96897155913414e-02
2.00853529061578e+03	5.30062777172818e-03,-7.91460395244183e-02
2.02250575837034e+03	5.21444163652494e-03,-7.86059757927002e-02
2.03657339841269e+03	5.12942748184934e-03,-7.80695023159496e-02
2.05073888662953e+03	5.04556956996307e-03,-7.75365971084699e-02
2.06500290360874e+03	4.96285236911322e-03,-7.70072382795980e-02
2.07936613467207e+03	4.88126055098298e-03,-7.64814040341725e-02
2.09382926990802e+03	4.80077898816992e-03,-7.59590726729761e-02
2.10839300420509e+03	4.72139275169151e-03,-7.54402225931537e-02
2.12305803728508e+03	4.64308710851793e-03,-7.49248322886075e-02
2.13782507373673e+03	4.56584751913165e-03,-7.44128803503679e-02
2.15269482304962e+03	4.48965963511395e-03,-7.39043454669424e-02
2.16766799964818e+03	4.41450929675788e-03,-7.33992064246420e-02
2.18274532292608e+03	4.34038253070771e-03,-7.28974421078862e-02
2.19792751728076e+03	4.26726554762447e-03,-7.23990314994864e-02
2.21321531214825e+03	4.19514473987762e-03,-7.19039536809093e-02
2.22860944203819e+03	4.12400667926239e-03,-7.14121878325196e-02
2.24411064656916e+03	4.05383811474280e-03,-7.09237132338036e-02
2.25971967050419e+03	3.98462597022004e-03,-7.04385092635728e-02
2.27543726378653e+03	3.91635734232612e-03,-6.99565554001496e-02
2.29126418157573e+03	3.84901949824241e-03,-6.94778312215344e-02
2.30720118428384e+03	3.78259987354311e-03,-6.90023164055544e-02
2.32324903761205e+03	3.71708607006318e-03,-6.85299907299961e-02
2.33940851258738e+03	3.65246585379078e-03,-6.80608340727196e-02
2.35568038559980e+03	3.58872715278379e-03,-6.75948264117569e-02
2.37206543843947e+03	3.52585805511041e-03,-6.71319478253947e-02
2.38856445833435e+03	3.46384680681346e-03,-6.66721784922400e-02
2.40517823798799e+03	3.40268180989824e-03,-6.62154986912718e-02
2.42190757561765e+03	3.34235162034386e-03,-6.57618888018770e-02
2.43875327499260e+03	3.28284494613754e-03,-6.53113293038719e-02
2.45571614547280e+03	3.22415064533207e-03,-6.48638007775096e-02
2.47279700204773e+03	3.16625772412582e-03,-6.44192839034736e-02
2.48999666537558e+03	3.10915533496538e-03,-6.39777594628577e-02
2.50731596182266e+03	3.05283277467054e-03,-6.35392083371330e-02
2.52475572350313e+03	2.99727948258134e-03,-6.31036115081021e-02
2.54231678831894e+03	2.94248503872704e-03,-6.26709500578403e-02
2.56000000000013e+03	2.88843916201681e-03,-6.22412051686257e-02
2.57780620814533e+03	2.83513170845193e-03,-6.18143581228568e-02
2.59573626826261e+03	2.78255266935927e-03,-6.13903903029585e-02
2.61379104181055e+03	2.73069216964585e-03,-6.09692831912774e-02
2.63197139623967e+03	2.67954046607430e-03,-6.05510183699659e-02
2.65027820503406e+03	2.62908794555901e-03,-6.01355775208561e-02
2.66871234775341e+03	2.57932512348273e-03,-5.97229424253227e-02
2.68727471007519e+03	2.53024264203350e-03,-5.93130949641370e-02
2.70596618383727e+03	2.48183126856156e-03,-5.89060171173100e-02
2.72478766708074e+03	2.43408189395624e-03,-5.85016909639267e-02
2.74374006409305e+03	2.38698553104243e-03,-5.81000986819716e-02
2.76282428545148e+03	2.34053331299662e-03,-5.77012225481442e-02
2.78204124806685e+03	2.29471649178210e-03,-5.73050449376671e-02
2.80139187522764e+03	2.24952643660332e-03,-5.69115483240845e-02
2.82087709664427e+03	2.20495463237913e-03,-5.65207152790535e-02
2.84049784849383e+03	2.16099267823464e-03,-5.61325284721269e-02
2.86025507346503e+03	2.11763228601162e-03,-5.57469706705288e-02
2.88014972080350e+03	2.07486527879721e-03,-5.53640247389222e-02
2.90018274635740e+03	2.03268358947065e-03,-5.49836736391698e-02
2.92035511262332e+03	1.99107925926805e-03,-5.46059004300876e-02
2.94066778879257e+03	1.95004443636475e-03,-5.42306882671919e-02
2.96112175079769e+03	1.90957137447531e-03,-5.38580204024396e-02
2.98171798135941e+03	1.86965243147077e-03,-5.34878801839618e-02
3.00245747003377e+03	1.83028006801313e-03,-5.31202510557923e-02
3.02334121325976e+03	1.79144684620674e-03,-5.27551165575886e-02
3.04437021440713e+03	1.75314542826655e-03,-5.23924603243485e-02
3.06554548382462e+03	1.71536857520288e-03,-5.20322660861207e-02
3.08686803888851e+03	1.67810914552267e-03,-5.16745176677092e-02
3.10833890405149e+03	1.64136009394694e-03,-5.13191989883739e-02
3.12995911089186e+03	1.60511447014433e-03,-5.09662940615251e-02
3.15172969816316e+03	1.56936541748052e-03,-5.06157869944136e-02
3.17365171184398e+03	1.53410617178332e-03,-5.02676619878159e-02
3.19572620518830e+03	1.49933006012337e-03,-4.99219033357152e-02
3.21795423877605e+03	1.46503049961010e-03,-4.95784954249774e-02
3.24033688056409e+03	1.43120099620294e-03,-4.92374227350239e-02
3.26287520593749e+03	1.39783514353751e-03,-4.88986698374994e-02
3.28557029776121e+03	1.36492662176669e-03,-4.85622213959363e-02
3.30842324643216e+03	1.33246919641628e-03,-4.82280621654152e-02
3.33143514993153e+03	1.30045671725530e-03,-4.78961769922220e-02
3.35460711387759e+03	1.26888311718046e-03,-4.75665508135011e-02
3.37794025157879e+03	1.23774241111498e-03,-4.72391686569060e-02
3.40143568408726e+03	1.20702869492129e-03,-4.69140156402460e-02
3.42509454025263e+03	1.17673614432763e-03,-4.65910769711302e-02
3.44891795677636e+03	1.14685901386834e-03,-4.62703379466085e-02
3.47290707826623e+03	1.11739163583771e-03,-4.59517839528102e-02
3.49706305729145e+03	1.08832841925713e-03,-4.56354004645788e-02
3.52138705443794e+03	1.05966384885551e-03,-4.53211730451060e-02
3.54588023836416e+03	1.03139248406275e-03,-4.50090873455614e-02
3.57054378585724e+03	1.00350895801616e-03,-4.46991291047215e-02
3.59537888188947e+03	9.76007976579520e-04,-4.43912841485950e-02
3.62038671967532e+03	9.48884317374893e-04,-4.40855383900476e-02
3.64556850072871e+03	9.22132828826797e-04,-4.37818778284236e-02
3.67092543492072e+03	8.95748429218710e-04,-4.34802885491658e-02
3.69645874053780e+03	8.69726105761758e-04,-4.31807567234343e-02
3.72216964434020e+03	8.44060913675401e-04,-4.28832686077227e-02
3.74805938162101e+03	8.18747975280005e-04,-4.25878105434736e-02
3.77412919626543e+03	7.93782479101136e-04,-4.22943689566918e-02
3.80038034081058e+03	7.69159678985457e-04,-4.20029303575570e-02
3.82681407650566e+03	7.44874893228074e-04,-4.17134813400339e-02
3.85343167337255e+03	7.20923503711192e-04,-4.14260085814828e-02
3.88023441026684e+03	6.97300955053955e-04,-4.11404988422673e-02
3.90722357493925e+03	6.74002753773331e-04,-4.08569389653626e-02
3.93440046409753e+03	6.51024467455894e-04,-4.05753158759613e-02
3.96176638346874e+03	6.28361723940399e-04,-4.02956165810795e-02
3.98932264786198e+03	6.06010210510986e-04,-4.00178281691617e-02
4.01707058123159e+03	5.83965673100919e-04,-3.97419378096844e-02
4.04501151674072e+03	5.62223915506687e-04,-3.94679327527604e-02
4.07314679682541e+03	5.40780798612389e-04,-3.91958003287409e-02
4.10147777325910e+03	5.19632239624242e-04,-3.89255279478182e-02
4.13000580721752e+03	4.98774211315095e-04,-3.86571030996277e-02
4.15873226934416e+03	4.78202741278839e-04,-3.83905133528494e-02
4.18765853981608e+03	4.57913911194576e-04,-3.81257463548091e-02
4.21678600841022e+03	4.37903856100434e-04,-3.78627898310794e-02
4.24611607457018e+03	4.18168763676906e-04,-3.76016315850805e-02
4.27565014747350e+03	3.98704873539597e-04,-3.73422594976808e-02
4.30538964609927e+03	3.79508476541258e-04,-3.70846615267979e-02
4.33533599929639e+03	3.60575914083003e-04,-3.68288257069986e-02
4.36549064585219e+03	3.41903577434577e-04,-3.65747401491000e-02
4.39585503456155e+03	3.23487907063576e-04,-3.63223930397702e-02
4.42643062429652e+03	3.05325391973507e-04,-3.60717726411290e-02
4.45721888407641e+03	2.87412569050564e-04,-3.58228672903491e-02
4.48822129313836e+03	2.69746022419028e-04,-3.55756653992576e-02
4.51943934100841e+03	2.52322382805180e-04,-3.53301554539373e-02
4.55087452757310e+03	2.35138326909594e-04,-3.50863260143294e-02
4.58252836315148e+03	2.18190576787759e-04,-3.48441657138349e-02
4.61440236856772e+03	2.01475899238859e-04,-3.46036632589184e-02
4.64649807522413e+03	1.84991105202664e-04,-3.43648074287108e-02
4.67881702517480e+03	1.68733049164401e-04,-3.41275870746135e-02
4.71136077119964e+03	1.52698628567504e-04,-3.38919911199027e-02
4.74413087687898e+03	1.36884783234163e-04,-3.36580085593342e-02
4.77712891666873e+03	1.21288494793538e-04,-3.34256284587496e-02
4.81035647597602e+03	1.05906786117591e-04,-3.31948399546820e-02
4.84381515123534e+03	9.07367207643884e-05,-3.29656322539637e-02
4.87750654998525e+03	7.57754024288105e-05,-3.27379946333334e-02
4.91143229094564e+03	6.10199744005616e-05,-3.25119164390454e-02
4.94559400409550e+03	4.64676190293956e-05,-3.22873870864787e-02
4.97999333075120e+03	3.21155571974560e-05,-3.20643960597471e-02
5.01463192364536e+03	1.79610477986428e-05,-3.18429329113109e-02
5.04951144700630e+03	4.00138722492379e-06,-3.16229872615886e-02
5.08463357663793e+03	-9.76609114051357e-06,-3.14045487985700e-02
5.12000000000031e+03	-2.33440174233441e-05,-3.11876072774302e-02
5.15561241629071e+03	-3.67349857515087e-05,-3.09721525201446e-02
5.19147253652526e+03	-4.99415547420370e-05,-3.07581744151049e-02
5.22758208362114e+03	-6.29662479813581e-05,-3.05456629167365e-02
5.26394279247938e+03	-7.58115544991968e-05,-3.03346080451161e-02
5.30055641006817e+03	-8.84799292361236e-05,-3.01249998855914e-02
5.33742469550686e+03	-1.00973793504860e-04,-2.99168285884012e-02
5.37454942015043e+03	-1.13295535445391e-04,-2.97100843682974e-02
5.41193236767459e+03	-1.25447510474000e-04,-2.95047575041670e-02
5.44957533416153e+03	-1.37432041726273e-04,-2.93008383386566e-02
5.48748012818615e+03	-1.49251420494167e-04,-2.90983172777973e-02
5.52564857090300e+03	-1.60907906657217e-04,-2.88971847906310e-02
5.56408249613375e+03	-1.72403729107953e-04,-2.86974314088381e-02
5.60278375045533e+03	-1.83741086171612e-04,-2.84990477263663e-02
5.64175419328859e+03	-1.94922146020198e-04,-2.83020243990606e-02
5.68099569698771e+03	-2.05949047080996e-04,-2.81063521442951e-02
5.72051014693011e+03	-2.16823898439574e-04,-2.79120217406055e-02
5.76029944160706e+03	-2.27548780237383e-04,-2.77190240273232e-02
5.80036549271484e+03	-2.38125744063988e-04,-2.75273499042110e-02
5.84071022524669e+03	-2.48556813344034e-04,-2.73369903310997e-02
5.88133557758518e+03	-2.58843983718988e-04,-2.71479363275264e-02
5.92224350159543e+03	-2.68989223423748e-04,-2.69601789723740e-02
5.96343596271886e+03	-2.78994473658157e-04,-2.67737094035123e-02
6.00491494006759e+03	-2.88861648953533e-04,-2.65885188174405e-02
6.04668242651957e+03	-2.98592637534224e-04,-2.64045984689309e-02
6.08874042881431e+03	-3.08189301674306e-04,-2.62219396706741e-02
6.13109096764929e+03	-3.17653478049451e-04,-2.60405337929260e-02
6.17373607777707e+03	-3.26986978084042e-04,-2.58603722631559e-02
6.21667780810302e+03	-3.36191588293605e-04,-2.56814465656961e-02
6.25991822178378e+03	-3.45269070622599e-04,-2.55037482413931e-02
6.30345939632636e+03	-3.54221162777645e-04,-2.53272688872603e-02
6.34730342368800e+03	-3.63049578556243e-04,-2.51520001561321e-02
6.39145241037665e+03	-3.71756008171035e-04,-2.49779337563196e-02
6.43590847755216e+03	-3.80342118569680e-04,-2.48050614512676e-02
6.48067376112824e+03	-3.88809553750398e-04,-2.46333750592136e-02
6.52575041187503e+03	-3.97159935073225e-04,-2.44628664528476e-02
6.57114059552248e+03	-4.05394861567060e-04,-2.42935275589742e-02
6.61684649286437e+03	-4.13515910232535e-04,-2.41253503581758e-02
6.66287029986312e+03	-4.21524636340788e-04,-2.39583268844772e-02
6.70921422775524e+03	-4.29422573728163e-04,-2.37924492250125e-02
6.75588050315764e+03	-4.37211235086918e-04,-2.36277095196924e-02
6.80287136817457e+03	-4.44892112251981e-04,-2.34640999608742e-02
6.85018908050532e+03	-4.52466676483803e-04,-2.33016127930327e-02
6.89783591355277e+03	-4.59936378747369e-04,-2.31402403124327e-02
6.94581415653252e+03	-4.67302649987411e-04,-2.29799748668035e-02
6.99412611458295e+03	-4.74566901399873e-04,-2.28208088550144e-02
7.04277410887593e+03	-4.81730524699683e-04,-2.26627347267521e-02
7.09176047672838e+03	-4.88794892384876e-04,-2.25057449822000e-02
7.14108757171453e+03	-4.95761357997112e-04,-2.23498321717182e-02
7.19075776377900e+03	-5.02631256378654e-04,-2.21949888955260e-02
7.24077343935071e+03	-5.09405903925828e-04,-2.20412078033853e-02
7.29113700145747e+03	-5.16086598839034e-04,-2.18884815942862e-02
7.34185086984150e+03	-5.22674621369336e-04,-2.17368030161336e-02
7.39291748107565e+03	-5.29171234061692e-04,-2.15861648654359e-02
7.44433928868046e+03	-5.35577681994856e-04,-2.14365599869950e-02
7.49611876324208e+03	-5.41895193018002e-04,-2.12879812735977e-02
7.54825839253092e+03	-5.48124977984114e-04,-2.11404216657094e-02
7.60076068162122e+03	-5.54268230980180e-04,-2.09938741511684e-02
7.65362815301138e+03	-5.60326129554237e-04,-2.08483317648829e-02
7.70686334674516e+03	-5.66299834939309e-04,-2.07037875885287e-02
7.76046882053374e+03	-5.72190492274275e-04,-2.05602347502488e-02
7.81444714987857e+03	-5.77999230821712e-04,-2.04176664243546e-02
7.86880092819513e+03	-5.83727164182749e-04,-2.02760758310290e-02
7.92353276693755e+03	-5.89375390508979e-04,-2.01354562360303e-02
7.97864529572403e+03	-5.94944992711454e-04,-1.99958009503987e-02
8.03414116246325e+03	-6.00437038666821e-04,-1.98571033301634e-02
8.09002303348151e+03	-6.05852581420622e-04,-1.97193567760521e-02
8.14629359365089e+03	-6.11192659387794e-04,-1.95825547332015e-02
8.20295554651826e+03	-6.16458296550430e-04,-1.94466906908696e-02
8.26001161443511e+03	-6.21650502652797e-04,-1.93117581821498e-02
8.31746453868839e+03	-6.26770273393693e-04,-1.91777507836863e-02
8.37531707963222e+03	-6.31818590616136e-04,-1.90446621153908e-02
8.43357201682050e+03	-6.36796422494454e-04,-1.89124858401618e-02
8.49223214914044e+03	-6.41704723718792e-04,-1.87812156636040e-02
8.55130029494706e+03	-6.46544435677073e-04,-1.86508453337507e-02
8.61077929219860e+03	-6.51316486634453e-04,-1.85213686407865e-02
8.67067199859285e+03	-6.56021791910292e-04,-1.83927794167728e-02
8.73098129170445e+03	-6.60661254052694e-04,-1.82650715353737e-02
8.79171006912318e+03	-6.65235763010620e-04,-1.81382389115843e-02
8.85286124859312e+03	-6.69746196303635e-04,-1.80122755014601e-02
8.91443776815290e+03	-6.74193419189295e-04,-1.78871753018480e-02
8.97644258627679e+03	-6.78578284828235e-04,-1.77629323501191e-02
9.03887868201690e+03	-6.82901634446948e-04,-1.76395407239026e-02
9.10174905514628e+03	-6.87164297498331e-04,-1.75169945408217e-02
9.16505672630304e+03	-6.91367091819990e-04,-1.73952879582309e-02
9.22880473713551e+03	-6.95510823790357e-04,-1.72744151729543e-02
9.29299615044834e+03	-6.99596288482639e-04,-1.71543704210262e-02
9.35763405034968e+03	-7.03624269816629e-04,-1.70351479774330e-02
9.42272154239935e+03	-7.07595540708405e-04,-1.69167421558562e-02
9.48826175375803e+03	-7.11510863217952e-04,-1.67991473084172e-02
9.55425783333754e+03	-7.15370988694729e-04,-1.66823578254239e-02
9.62071295195212e+03	-7.19176657921206e-04,-1.65663681351181e-02
9.68763030247075e+03	-7.22928601254410e-04,-1.64511727034253e-02
9.75501309997057e+03	-7.26627538765486e-04,-1.63367660337050e-02
9.82286458189136e+03	-7.30274180377323e-04,-1.62231426665033e-02
9.89118800819108e+03	-7.33869226000254e-04,-1.61102971793063e-02
9.95998666150247e+03	-7.37413365665856e-04,-1.59982241862959e-02
1.00292638472908e+04	-7.40907279658893e-04,-1.58869183381058e-02
1.00990228940127e+04	-7.44351638647396e-04,-1.57763743215804e-02
1.01692671532759e+04	-7.47747103810941e-04,-1.56665868595337e-02
1.02400000000007e+04	-7.51094326967114e-04,-1.55575507105109e-02
1.03112248325815e+04	-7.54393950696212e-04,-1.54492606685507e-02
1.03829450730506e+04	-7.57646608464197e-04,-1.53417115629494e-02
1.04551641672424e+04	-7.60852924743916e-04,-1.52348982580262e-02
1.05278855849588e+04	-7.64013515134621e-04,-1.51288156528899e-02
1.06011128201364e+04	-7.67128986479810e-04,-1.50234586812076e-02
1.06748493910138e+04	-7.70199936983414e-04,-1.49188223109741e-02
1.07490988403009e+04	-7.73226956324332e-04,-1.48149015442829e-02
1.08238647353493e+04	-7.76210625769373e-04,-1.47116914170990e-02
1.08991506683231e+04	-7.79151518284587e-04,-1.46091869990327e-02
1.09749602563724e+04	-7.82050198645032e-04,-1.45073833931149e-02
1.10512971418061e+04	-7.84907223542986e-04,-1.44062757355739e-02
1.11281649922676e+04	-7.87723141694637e-04,-1.43058591956136e-02
1.12055675009107e+04	-7.90498493945247e-04,-1.42061289751927e-02
1.12835083865773e+04	-7.93233813372843e-04,-1.41070803088058e-02
1.13619913939755e+04	-7.95929625390421e-04,-1.40087084632656e-02
1.14410202938603e+04	-7.98586447846710e-04,-1.39110087374867e-02
1.15205988832142e+04	-8.01204791125499e-04,-1.38139764622703e-02
1.16007309854298e+04	-8.03785158243554e-04,-1.37176070000905e-02
1.16814204504935e+04	-8.06328044947131e-04,-1.36218957448823e-02
1.17626711551704e+04	-8.08833939807130e-04,-1.35268381218304e-02
1.18444870031910e+04	-8.11303324312871e-04,-1.34324295871596e-02
1.19268719254378e+04	-8.13736672964546e-04,-1.33386656279265e-02
1.20098298801353e+04	-8.16134453364342e-04,-1.32455417618126e-02
1.20933648530392e+04	-8.18497126306254e-04,-1.31530535369186e-02
1.21774808576287e+04	-8.20825145864624e-04,-1.30611965315599e-02
1.22621819352987e+04	-8.23118959481395e-04,-1.29699663540638e-02
1.23474721555542e+04	-8.25379008052116e-04,-1.28793586425678e-02
1.24333556162061e+04	-8.27605726010716e-04,-1.27893690648188e-02
1.25198364435677e+04	-8.29799541413048e-04,-1.26999933179744e-02
1.26069187926528e+04	-8.31960876019228e-04,-1.26112271284048e-02
1.26946068473761e+04	-8.34090145374796e-04,-1.25230662514964e-02
1.27829048207534e+04	-8.36187758890685e-04,-1.24355064714563e-02
1.28718169551044e+04	-8.38254119922052e-04,-1.23485436011184e-02
1.29613475222566e+04	-8.40289625845949e-04,-1.22621734817505e-02
1.30515008237502e+04	-8.42294668137876e-04,-1.21763919828631e-02
1.31422811910451e+04	-8.44269632447218e-04,-1.20911950020188e-02
1.32336929857288e+04	-8.46214898671585e-04,-1.20065784646434e-02
1.33257405997263e+04	-8.48130841030063e-04,-1.19225383238384e-02
1.34184284555106e+04	-8.50017828135403e-04,-1.18390705601939e-02
1.35117610063154e+04	-8.51876223065148e-04,-1.17561711816039e-02
1.36057427363492e+04	-8.53706383431722e-04,-1.16738362230818e-02
1.37003781610108e+04	-8.55508661451484e-04,-1.15920617465778e-02
1.37956718271056e+04	-8.57283404012780e-04,-1.15108438407969e-02
1.38916283130651e+04	-8.59030952742980e-04,-1.14301786210188e-02
1.39882522291660e+04	-8.60751644074536e-04,-1.13500622289186e-02
1.40855482177520e+04	-8.62445809310058e-04,-1.12704908323886e-02
1.41835209534569e+04	-8.64113774686435e-04,-1.11914606253615e-02
1.42821751434292e+04	-8.65755861438000e-04,-1.11129678276348e-02
1.43815155275581e+04	-8.67372385858758e-04,-1.10350086846961e-02
1.44815468787015e+04	-8.68963659363694e-04,-1.09575794675501e-02
1.45822740029151e+04	-8.70529988549161e-04,-1.08806764725461e-02
1.46837017396831e+04	-8.72071675252371e-04,-1.08042960212071e-02
1.47858349621514e+04	-8.73589016609997e-04,-1.07284344600603e-02
1.48886785773610e+04	-8.75082305115899e-04,-1.06530881604678e-02
1.49922375264843e+04	-8.76551828677977e-04,-1.05782535184596e-02
1.50965167850620e+04	-8.77997870674176e-04,-1.05039269545668e-02
1.52015213632425e+04	-8.79420710007644e-04,-1.04301049136566e-02
1.53072563060229e+04	-8.80820621161064e-04,-1.03567838647681e-02
1.54137266934904e+04	-8.82197874250152e-04,-1.02839603009492e-02
1.55209376410676e+04	-8.83552735076359e-04,-1.02116307390948e-02
1.56288942997572e+04	-8.84885465178760e-04,-1.01397917197860e-02
1.57376018563904e+04	-8.86196321885164e-04,-1.00684398071303e-02
1.58470655338752e+04	-8.87485558362441e-04,-9.99757158860333e-03
1.59572905914482e+04	-8.88753423666070e-04,-9.92718367489104e-03
1.60682823249266e+04	-8.90000162788953e-04,-9.85727269973358e-03
1.61800460669631e+04	-8.91226016709453e-04,-9.78783531976990e-03
1.62925871873019e+04	-8.92431222438709e-04,-9.71886821438358e-03
1.64059110930366e+04	-8.93616013067222e-04,-9.65036808554972e-03
1.65200232288703e+04	-8.94780617810712e-04,-9.58233165768285e-03
1.66349290773769e+04	-8.95925262055275e-04,-9.51475567748600e-03
1.67506341592646e+04	-8.97050167401835e-04,-9.44763691380077e-03
1.68671440336411e+04	-8.98155551709904e-04,-9.38097215745845e-03
1.69844642982810e+04	-8.99241629140666e-04,-9.31475822113228e-03
1.71026005898942e+04	-9.00308610199375e-04,-9.24899193919063e-03
1.72215585843973e+04	-9.01356701777108e-04,-9.18367016755137e-03
1.73413439971858e+04	-9.02386107191847e-04,-9.11878978353712e-03
1.74619625834090e+04	-9.03397026228922e-04,-9.05434768573173e-03
1.75834201382465e+04	-9.04389655180815e-04,-8.99034079383757e-03
1.77057224971864e+04	-9.05364186886335e-04,-8.92676604853406e-03
1.78288755363059e+04	-9.06320810769174e-04,-8.86362041133707e-03
1.79528851725537e+04	-9.07259712875849e-04,-8.80090086445938e-03
1.80777573640339e+04	-9.08181075913040e-04,-8.73860441067223e-03
1.82034981102927e+04	-9.09085079284336e-04,-8.67672807316774e-03
1.83301134526062e+04	-9.09971899126388e-04,-8.61526889542246e-03
1.84576094742712e+04	-9.10841708344489e-04,-8.55422394106184e-03
1.85859923008968e+04	-9.11694676647578e-04,-8.49359029372577e-03
1.87152681006995e+04	-9.12530970582677e-04,-8.43336505693500e-03
1.88454430847988e+04	-9.13350753568789e-04,-8.37354535395868e-03
1.89765235075162e+04	-9.14154185930225e-04,-8.31412832768278e-03
1.91085156666752e+04	-9.14941424929406e-04,-8.25511114047955e-03
1.92414259039044e+04	-9.15712624799131e-04,-8.19649097407794e-03
1.93752606049416e+04	-9.16467936774312e-04,-8.13826502943494e-03
1.95100261999413e+04	-9.17207509123202e-04,-8.08043052660803e-03
1.96457291637829e+04	-9.17931487178104e-04,-8.02298470462838e-03
1.97823760163823e+04	-9.18640013365579e-04,-7.96592482137523e-03
1.99199733230051e+04	-9.19333227236164e-04,-7.90924815345106e-03
2.00585276945817e+04	-9.20011265493592e-04,-7.85295199605780e-03
2.01980457880255e+04	-9.20674262023541e-04,-7.79703366287398e-03
2.03385343065520e+04	-9.21322347921898e-04,-7.74149048593277e-03
2.04800000000015e+04	-9.21955651522564e-04,-7.68631981550104e-03
2.06224496651631e+04	-9.22574298424796e-04,-7.63151901995930e-03
2.07658901461013e+04	-9.23178411520095e-04,-7.57708548568259e-03
2.09103283344849e+04	-9.23768111018650e-04,-7.52301661692231e-03
2.10557711699178e+04	-9.24343514475338e-04,-7.46930983568896e-03
2.12022256402730e+04	-9.24904736815297e-04,-7.41596258163584e-03
2.13496987820278e+04	-9.25451890359067e-04,-7.36297231194359e-03
2.14981976806020e+04	-9.25985084847319e-04,-7.31033650120575e-03
2.16477294706987e+04	-9.26504427465163e-04,-7.25805264131516e-03
2.17983013366464e+04	-9.27010022866059e-04,-7.20611824135130e-03
2.19499205127449e+04	-9.27501973195321e-04,-7.15453082746852e-03
2.21025942836123e+04	-9.27980378113234e-04,-7.10328794278519e-03
2.22563299845353e+04	-9.28445334817783e-04,-7.05238714727373e-03
2.24111350018216e+04	-9.28896938067001e-04,-7.00182601765157e-03
2.25670167731547e+04	-9.29335280200944e-04,-6.95160214727298e-03
2.27239827879512e+04	-9.29760451163308e-04,-6.90171314602177e-03
2.28820405877208e+04	-9.30172538522668e-04,-6.85215664020493e-03
2.30411977664286e+04	-9.30571627493387e-04,-6.80293027244714e-03
2.32014619708597e+04	-9.30957800956155e-04,-6.75403170158608e-03
2.33628409009871e+04	-9.31331139478206e-04,-6.70545860256879e-03
2.35253423103411e+04	-9.31691721333187e-04,-6.65720866634874e-03
2.36889740063821e+04	-9.32039622520709e-04,-6.60927959978382e-03
2.38537438508758e+04	-9.32374916785572e-04,-6.56166912553529e-03
2.40196597602707e+04	-9.32697675636674e-04,-6.51437498196747e-03
2.41867297060786e+04	-9.33007968365619e-04,-6.46739492304837e-03
2.43549617152576e+04	-9.33305862065011e-04,-6.42072671825116e-03
2.45243638705975e+04	-9.33591421646463e-04,-6.37436815245652e-03
2.46949443111087e+04	-9.33864709858312e-04,-6.32831702585580e-03
2.48667112324125e+04	-9.34125787303051e-04,-6.28257115385509e-03
2.50396728871355e+04	-9.34374712454488e-04,-6.23712836698012e-03
2.52138375853058e+04	-9.34611541674627e-04,-6.19198651078196e-03
2.53892136947524e+04	-9.34836329230300e-04,-6.14714344574369e-03
2.55658096415070e+04	-9.35049127309527e-04,-6.10259704718775e-03
2.57436339102090e+04	-9.35249986037630e-04,-6.05834520518430e-03
2.59226950445133e+04	-9.35438953493113e-04,-6.01438582446025e-03
2.61030016475005e+04	-9.35616075723290e-04,-5.97071682430930e-03
2.62845623820903e+04	-9.35781396759687e-04,-5.92733613850265e-03
2.64673859714579e+04	-9.35934958633228e-04,-5.88424171520070e-03
2.66514811994529e+04	-9.36076801389192e-04,-5.84143151686541e-03
2.68368569110214e+04	-9.36206963101961e-04,-5.79890352017363e-03
2.70235220126310e+04	-9.36325479889573e-04,-5.75665571593119e-03
2.72114854726987e+04	-9.36432385928065e-04,-5.71468610898783e-03
2.74007563220217e+04	-9.36527713465631e-04,-5.67299271815289e-03
2.75913436542115e+04	-9.36611492836598e-04,-5.63157357611195e-03
2.77832566261305e+04	-9.36683752475219e-04,-5.59042672934414e-03
2.79765044583322e+04	-9.36744518929298e-04,-5.54955023804033e-03
2.81710964355041e+04	-9.36793816873658e-04,-5.50894217602216e-03
2.83670419069139e+04	-9.36831669123436e-04,-5.46860063066181e-03
2.85643502868585e+04	-9.36858096647247e-04,-5.42852370280264e-03
2.87630310551164e+04	-9.36873118580194e-04,-5.38870950668056e-03
2.89630937574032e+04	-9.36876752236744e-04,-5.34915616984627e-03
2.91645480058303e+04	-9.36869013123480e-04,-5.30986183308829e-03
2.93674034793664e+04	-9.36849914951728e-04,-5.27082465035671e-03
2.95716699243030e+04	-9.36819469650069e-04,-5.23204278868784e-03
2.97773571547223e+04	-9.36777687376749e-04,-5.19351442812958e-03
2.99844750529688e+04	-9.36724576531990e-04,-5.15523776166760e-03
3.01930335701241e+04	-9.36660143770199e-04,-5.11721099515231e-03
3.04030427264853e+04	-9.36584394012110e-04,-5.07943234722660e-03
3.06145126120459e+04	-9.36497330456832e-04,-5.04190004925438e-03
3.08274533869811e+04	-9.36398954593842e-04,-5.00461234524987e-03
3.10418752821354e+04	-9.36289266214907e-04,-4.96756749180771e-03
3.12577885995147e+04	-9.36168263425959e-04,-4.93076375803380e-03
3.14752037127810e+04	-9.36035942658922e-04,-4.89419942547690e-03
3.16941310677506e+04	-9.35892298683497e-04,-4.85787278806110e-03
3.19145811828966e+04	-9.35737324618927e-04,-4.82178215201888e-03
3.21365646498535e+04	-9.35571011945734e-04,-4.78592583582511e-03
3.23600921339265e+04	-9.35393350517439e-04,-4.75030217013170e-03
3.25851743746041e+04	-9.35204328572288e-04,-4.71490949770301e-03
3.28118221860735e+04	-9.35003932744971e-04,-4.67974617335208e-03
3.30400464577409e+04	-9.34792148078358e-04,-4.64481056387755e-03
3.32698581547541e+04	-9.34568958035250e-04,-4.61010104800133e-03
3.35012683185294e+04	-9.34334344510166e-04,-4.57561601630706e-03
3.37342880672825e+04	-9.34088287841164e-04,-4.54135387117923e-03
3.39689285965622e+04	-9.33830766821702e-04,-4.50731302674313e-03
3.42052011797887e+04	-9.33561758712564e-04,-4.47349190880545e-03
3.44431171687949e+04	-9.33281239253841e-04,-4.43988895479569e-03
3.46826879943719e+04	-9.32989182676995e-04,-4.40650261370818e-03
3.49239251668183e+04	-9.32685561716989e-04,-4.37333134604497e-03
3.51668402764932e+04	-9.32370347624526e-04,-4.34037362375931e-03
3.54114449943730e+04	-9.32043510178373e-04,-4.30762793019988e-03
3.56577510726121e+04	-9.31705017697805e-04,-4.27509276005582e-03
3.59057703451077e+04	-9.31354837055163e-04,-4.24276661930229e-03
3.61555147280681e+04	-9.30992933688539e-04,-4.21064802514690e-03
3.64069962205857e+04	-9.30619271614604e-04,-4.17873550597672e-03
3.66602269052127e+04	-9.30233813441578e-04,-4.14702760130604e-03
3.69152189485426e+04	-9.29836520382363e-04,-4.11552286172483e-03
3.71719846017939e+04	-9.29427352267838e-04,-4.08421984884778e-03
3.74305362013993e+04	-9.29006267560334e-04,-4.05311713526417e-03
3.76908861695980e+04	-9.28573223367297e-04,-4.02221330448826e-03
3.79530470150327e+04	-9.28128175455142e-04,-3.99150695091046e-03
3.82170313333507e+04	-9.27671078263324e-04,-3.96099667974909e-03
3.84828518078091e+04	-9.27201884918616e-04,-3.93068110700281e-03
3.87505212098836e+04	-9.26720547249625e-04,-3.90055885940371e-03
3.90200523998829e+04	-9.26227015801535e-04,-3.87062857437106e-03
3.92914583275660e+04	-9.25721239851108e-04,-3.84088889996562e-03
3.95647520327649e+04	-9.25203167421939e-04,-3.81133849484464e-03
3.98399466460105e+04	-9.24672745299980e-04,-3.78197602821748e-03
4.01170553891638e+04	-9.24129919049345e-04,-3.75280017980184e-03
4.03960915760513e+04	-9.23574633028407e-04,-3.72380963978054e-03
4.06770686131043e+04	-9.23006830406195e-04,-3.69500310875896e-03
4.09600000000034e+04	-9.22426453179101e-04,-3.66637929772309e-03
4.12448993303266e+04	-9.21833442187912e-04,-3.63793692799808e-03
4.15317802922030e+04	-9.21227737135174e-04,-3.60967473120742e-03
4.18206566689701e+04	-9.20609276602903e-04,-3.58159144923267e-03
4.21115423398359e+04	-9.19977998070648e-04,-3.55368583417379e-03
4.24044512805463e+04	-9.19333837933920e-04,-3.52595664830992e-03
4.26993975640559e+04	-9.18676731523000e-04,-3.49840266406077e-03
4.29963953612044e+04	-9.18006613122134e-04,-3.47102266394857e-03
4.32954589413977e+04	-9.17323415989122e-04,-3.44381544056041e-03
4.35966026732932e+04	-9.16627072375326e-04,-3.41677979651122e-03
4.38998410254902e+04	-9.15917513546089e-04,-3.38991454440719e-03
4.42051885672250e+04	-9.15194669801588e-04,-3.36321850680966e-03
4.45126599690710e+04	-9.14458470498132e-04,-3.33669051619951e-03
4.48222700036436e+04	-9.13708844069907e-04,-3.31032941494199e-03
4.51340335463097e+04	-9.12945718051191e-04,-3.28413405525203e-03
4.54479655759027e+04	-9.12169019099037e-04,-3.25810329915999e-03
4.57640811754419e+04	-9.11378673016439e-04,-3.23223601847777e-03
4.60823955328575e+04	-9.10574604776007e-04,-3.20653109476541e-03
4.64029239417198e+04	-9.09756738544126e-04,-3.18098741929805e-03
4.67256818019745e+04	-9.08924997705650e-04,-3.15560389303327e-03
4.70506846206825e+04	-9.08079304889110e-04,-3.13037942657884e-03
4.73779480127645e+04	-9.07219581992464e-04,-3.10531294016075e-03
4.77074877017519e+04	-9.06345750209394e-04,-3.08040336359170e-03
4.80000000000000e+04	-9.05563374377400e-04,-3.05856573413310e-03
