Freq.	V(vout)
2.00000000000000e+01	9.96097291117267e-01,-6.23808365313615e-02
2.01391110011344e+01	9.96043026691406e-01,-6.28113110273509e-02
2.02791895958006e+01	9.95988010792715e-01,-6.32447082620955e-02
2.04202425141439e+01	9.95932233099531e-01,-6.36810470769980e-02
2.05622765331213e+01	9.95875683150803e-01,-6.41203464137210e-02
2.07052984768276e+01	9.95818350344273e-01,-6.45626253142530e-02
2.08493152168224e+01	9.95760223934640e-01,-6.50079029209638e-02
2.09943336724614e+01	9.95701293031696e-01,-6.54561984766457e-02
2.11403608112276e+01	9.95641546598452e-01,-6.59075313245431e-02
2.12874036490672e+01	9.95580973449229e-01,-6.63619209083681e-02
2.14354692507259e+01	9.95519562247729e-01,-6.68193867723031e-02
2.15845647300886e+01	9.95457301505094e-01,-6.72799485609890e-02
2.17346972505212e+01	9.95394179577925e-01,-6.77436260194991e-02
2.18858740252148e+01	9.95330184666292e-01,-6.82104389932988e-02
2.20381023175322e+01	9.95265304811712e-01,-6.86804074281896e-02
2.21913894413569e+01	9.95199527895108e-01,-6.91535513702381e-02
2.23457427614444e+01	9.95132841634741e-01,-6.96298909656888e-02
2.25011696937762e+01	9.95065233584124e-01,-7.01094464608614e-02
2.26576777059160e+01	9.94996691129898e-01,-7.05922382020299e-02
2.28152743173685e+01	9.94927201489704e-01,-7.10782866352866e-02
2.29739670999407e+01	9.94856751710010e-01,-7.15676123063869e-02
2.31337636781058e+01	9.94785328663927e-01,-7.20602358605767e-02
2.32946717293691e+01	9.94712919048997e-01,-7.25561780424023e-02
2.34566989846376e+01	9.94639509384946e-01,-7.30554596954996e-02
2.36198532285906e+01	9.94565086011430e-01,-7.35581017623657e-02
2.37841423000545e+01	9.94489635085736e-01,-7.40641252841096e-02
2.39495740923786e+01	9.94413142580472e-01,-7.45735514001833e-02
2.41161565538152e+01	9.94335594281221e-01,-7.50864013480914e-02
2.42838976879010e+01	9.94256975784176e-01,-7.56026964630806e-02
2.44528055538414e+01	9.94177272493742e-01,-7.61224581778057e-02
2.46228882668984e+01	9.94096469620118e-01,-7.66457080219750e-02
2.47941539987798e+01	9.94014552176845e-01,-7.71724676219717e-02
2.49666109780323e+01	9.93931504978335e-01,-7.77027587004524e-02
2.51402674904366e+01	9.93847312637366e-01,-7.82366030759219e-02
2.53151318794057e+01	9.93761959562552e-01,-7.87740226622826e-02
2.54912125463853e+01	9.93675429955786e-01,-7.93150394683600e-02
2.56685179512581e+01	9.93587707809658e-01,-7.98596755974014e-02
2.58470566127499e+01	9.93498776904838e-01,-8.04079532465494e-02
2.60268371088387e+01	9.93408620807435e-01,-8.09598947062879e-02
2.62078680771673e+01	9.93317222866332e-01,-8.15155223598608e-02
2.63901582154580e+01	9.93224566210484e-01,-8.20748586826624e-02
2.65737162819303e+01	9.93130633746193e-01,-8.26379262415995e-02
2.67585510957223e+01	9.93035408154354e-01,-8.32047476944241e-02
2.69446715373139e+01	9.92938871887671e-01,-8.37753457890350e-02
2.71320865489535e+01	9.92841007167843e-01,-8.43497433627506e-02
2.73208051350880e+01	9.92741795982722e-01,-8.49279633415484e-02
2.75108363627950e+01	9.92641220083443e-01,-8.55100287392734e-02
2.77021893622186e+01	9.92539260981522e-01,-8.60959626568137e-02
2.78948733270082e+01	9.92435899945926e-01,-8.66857882812420e-02
2.80888975147600e+01	9.92331118000114e-01,-8.72795288849232e-02
2.82842712474620e+01	9.92224895919045e-01,-8.78772078245872e-02
2.84810039119415e+01	9.92117214226160e-01,-8.84788485403651e-02
2.86791049603166e+01	9.92008053190330e-01,-8.90844745547899e-02
2.88785839104500e+01	9.91897392822779e-01,-8.96941094717587e-02
2.90794503464063e+01	9.91785212873971e-01,-9.03077769754577e-02
2.92817139189126e+01	9.91671492830474e-01,-9.09255008292478e-02
2.94853843458221e+01	9.91556211911781e-01,-9.15473048745100e-02
2.96904714125811e+01	9.91439349067117e-01,-9.21732130294509e-02
2.98969849726989e+01	9.91320882972203e-01,-9.28032492878663e-02
3.01049349482215e+01	9.91200792025993e-01,-9.34374377178623e-02
3.03143313302081e+01	9.91079054347384e-01,-9.40758024605330e-02
3.05251841792113e+01	9.90955647771889e-01,-9.47183677285946e-02
3.07375036257604e+01	9.90830549848284e-01,-9.53651578049736e-02
3.09512998708479e+01	9.90703737835226e-01,-9.60161970413498e-02
3.11665831864201e+01	9.90575188697829e-01,-9.66715098566514e-02
3.13833639158702e+01	9.90444879104227e-01,-9.73311207355028e-02
3.16016524745352e+01	9.90312785422090e-01,-9.79950542266232e-02
3.18214593501969e+01	9.90178883715120e-01,-9.86633349411754e-02
3.20427951035850e+01	9.90043149739510e-01,-9.93359875510630e-02
3.22656703688852e+01	9.89905558940377e-01,-1.00013036787177e-01
3.24900958542496e+01	9.89766086448160e-01,-1.00694507437588e-01
3.27160823423114e+01	9.89624707074993e-01,-1.01380424345683e-01
3.29436406907031e+01	9.89481395311042e-01,-1.02070812408255e-01
3.31727818325778e+01	9.89336125320814e-01,-1.02765696573521e-01
3.34035167771350e+01	9.89188870939440e-01,-1.03465101839099e-01
3.36358566101488e+01	9.89039605668920e-01,-1.04169053249918e-01
3.38698124945013e+01	9.88888302674343e-01,-1.04877575896065e-01
3.41053956707185e+01	9.88734934780080e-01,-1.05590694910582e-01
3.43426174575103e+01	9.88579474465939e-01,-1.06308435467191e-01
3.45814892523148e+01	9.88421893863299e-01,-1.07030822777961e-01
3.48220225318452e+01	9.88262164751213e-01,-1.07757882090910e-01
3.50642288526416e+01	9.88100258552474e-01,-1.08489638687536e-01
3.53081198516264e+01	9.87936146329667e-01,-1.09226117880293e-01
3.55537072466630e+01	9.87769798781182e-01,-1.09967345009984e-01
3.58010028371191e+01	9.87601186237196e-01,-1.10713345443098e-01
3.60500185044334e+01	9.87430278655644e-01,-1.11464144569066e-01
3.63007662126867e+01	9.87257045618140e-01,-1.12219767797453e-01
3.65532580091762e+01	9.87081456325888e-01,-1.12980240555069e-01
3.68075060249952e+01	9.86903479595562e-01,-1.13745588283011e-01
3.70635224756151e+01	9.86723083855154e-01,-1.14515836433627e-01
3.73213196614725e+01	9.86540237139801e-01,-1.15291010467401e-01
3.75809099685607e+01	9.86354907087588e-01,-1.16071135849764e-01
3.78423058690241e+01	9.86167060935324e-01,-1.16856238047814e-01
3.81055199217578e+01	9.85976665514288e-01,-1.17646342526970e-01
3.83705647730108e+01	9.85783687245962e-01,-1.18441474747525e-01
3.86374531569941e+01	9.85588092137733e-01,-1.19241660161130e-01
3.89061978964917e+01	9.85389845778572e-01,-1.20046924207180e-01
3.91768119034774e+01	9.85188913334696e-01,-1.20857292309122e-01
3.94493081797347e+01	9.84985259545200e-01,-1.21672789870663e-01
3.97236998174817e+01	9.84778848717678e-01,-1.22493442271896e-01
4.00000000000003e+01	9.84569644723816e-01,-1.23319274865329e-01
4.02782220022691e+01	9.84357610994971e-01,-1.24150312971822e-01
4.05583791916015e+01	9.84142710517722e-01,-1.24986581876427e-01
4.08404850282880e+01	9.83924905829416e-01,-1.25828106824133e-01
4.11245530662430e+01	9.83704159013689e-01,-1.26674913015506e-01
4.14105969536554e+01	9.83480431695967e-01,-1.27527025602235e-01
4.16986304336452e+01	9.83253685038964e-01,-1.28384469682577e-01
4.19886673449230e+01	9.83023879738150e-01,-1.29247270296686e-01
4.22807216224556e+01	9.82790976017222e-01,-1.30115452421853e-01
4.25748072981347e+01	9.82554933623546e-01,-1.30989040967625e-01
4.28709385014521e+01	9.82315711823601e-01,-1.31868060770823e-01
4.31691294601774e+01	9.82073269398406e-01,-1.32752536590443e-01
4.34693945010427e+01	9.81827564638938e-01,-1.33642493102452e-01
4.37717480504299e+01	9.81578555341545e-01,-1.34537954894460e-01
4.40762046350648e+01	9.81326198803350e-01,-1.35438946460284e-01
4.43827788827142e+01	9.81070451817648e-01,-1.36345492194390e-01
4.46914855228892e+01	9.80811270669304e-01,-1.37257616386217e-01
4.50023393875528e+01	9.80548611130143e-01,-1.38175343214373e-01
4.53153554118323e+01	9.80282428454342e-01,-1.39098696740719e-01
4.56305486347374e+01	9.80012677373819e-01,-1.40027700904315e-01
4.59479341998818e+01	9.79739312093629e-01,-1.40962379515251e-01
4.62675273562119e+01	9.79462286287355e-01,-1.41902756248334e-01
4.65893434587387e+01	9.79181553092512e-01,-1.42848854636660e-01
4.69133979692756e+01	9.78897065105955e-01,-1.43800698065039e-01
4.72397064571817e+01	9.78608774379290e-01,-1.44758309763296e-01
4.75682846001093e+01	9.78316632414303e-01,-1.45721712799426e-01
4.78991481847576e+01	9.78020590158399e-01,-1.46690930072618e-01
4.82323131076309e+01	9.77720598000047e-01,-1.47665984306131e-01
4.85677953758023e+01	9.77416605764253e-01,-1.48646898040034e-01
4.89056111076832e+01	9.77108562708045e-01,-1.49633693623797e-01
4.92457765337971e+01	9.76796417515973e-01,-1.50626393208734e-01
4.95883079975600e+01	9.76480118295641e-01,-1.51625018740306e-01
4.99332219560650e+01	9.76159612573257e-01,-1.52629591950262e-01
5.02805349808736e+01	9.75834847289211e-01,-1.53640134348634e-01
5.06302637588117e+01	9.75505768793681e-01,-1.54656667215581e-01
5.09824250927710e+01	9.75172322842278e-01,-1.55679211593064e-01
5.13370359025167e+01	9.74834454591709e-01,-1.56707788276379e-01
5.16941132255002e+01	9.74492108595497e-01,-1.57742417805516e-01
5.20536742176779e+01	9.74145228799723e-01,-1.58783120456365e-01
5.24157361543351e+01	9.73793758538821e-01,-1.59829916231749e-01
5.27803164309163e+01	9.73437640531409e-01,-1.60882824852301e-01
5.31474325638610e+01	9.73076816876179e-01,-1.61941865747166e-01
5.35171021914451e+01	9.72711229047828e-01,-1.63007058044535e-01
5.38893430746282e+01	9.72340817893046e-01,-1.64078420562003e-01
5.42641730979075e+01	9.71965523626564e-01,-1.65155971796767e-01
5.46416102701764e+01	9.71585285827255e-01,-1.66239729915628e-01
5.50216727255904e+01	9.71200043434309e-01,-1.67329712744832e-01
5.54043787244376e+01	9.70809734743464e-01,-1.68425937759727e-01
5.57897466540169e+01	9.70414297403316e-01,-1.69528422074233e-01
5.61777950295205e+01	9.70013668411696e-01,-1.70637182430139e-01
5.65685424949245e+01	9.69607784112132e-01,-1.71752235186208e-01
5.69620078238835e+01	9.69196580190388e-01,-1.72873596307098e-01
5.73582099206338e+01	9.68779991671084e-01,-1.74001281352095e-01
5.77571678209005e+01	9.68357952914419e-01,-1.75135305463659e-01
5.81589006928131e+01	9.67930397612972e-01,-1.76275683355771e-01
5.85634278378257e+01	9.67497258788609e-01,-1.77422429302098e-01
5.89707686916448e+01	9.67058468789490e-01,-1.78575557123953e-01
5.93809428251627e+01	9.66613959287184e-01,-1.79735080178065e-01
5.97939699453983e+01	9.66163661273890e-01,-1.80901011344151e-01
6.02098698964434e+01	9.65707505059778e-01,-1.82073363012289e-01
6.06286626604167e+01	9.65245420270443e-01,-1.83252147070087e-01
6.10503683584231e+01	9.64777335844496e-01,-1.84437374889657e-01
6.14750072515213e+01	9.64303180031270e-01,-1.85629057314381e-01
6.19025997416964e+01	9.63822880388669e-01,-1.86827204645475e-01
6.23331663728408e+01	9.63336363781154e-01,-1.88031826628348e-01
6.27667278317409e+01	9.62843556377877e-01,-1.89242932438755e-01
6.32033049490710e+01	9.62344383650960e-01,-1.90460530668741e-01
6.36429187003943e+01	9.61838770373929e-01,-1.91684629312381e-01
6.40855902071706e+01	9.61326640620318e-01,-1.92915235751305e-01
6.45313407377709e+01	9.60807917762428e-01,-1.94152356740020e-01
6.49801917084997e+01	9.60282524470266e-01,-1.95395998391015e-01
6.54321646846233e+01	9.59750382710660e-01,-1.96646166159662e-01
6.58872813814067e+01	9.59211413746555e-01,-1.97902864828901e-01
6.63455636651562e+01	9.58665538136509e-01,-1.99166098493711e-01
6.68070335542704e+01	9.58112675734371e-01,-2.00435870545377e-01
6.72717132202981e+01	9.57552745689178e-01,-2.01712183655538e-01
6.77396249890031e+01	9.56985666445247e-01,-2.02995039760024e-01
6.82107913414375e+01	9.56411355742490e-01,-2.04284440042481e-01
6.86852349150212e+01	9.55829730616955e-01,-2.05580384917785e-01
6.91629785046302e+01	9.55240707401588e-01,-2.06882874015241e-01
6.96440450636909e+01	9.54644201727235e-01,-2.08191906161576e-01
7.01284577052838e+01	9.54040128523890e-01,-2.09507479363716e-01
7.06162397032534e+01	9.53428402022191e-01,-2.10829590791353e-01
7.11074144933266e+01	9.52808935755172e-01,-2.12158236759305e-01
7.16020056742388e+01	9.52181642560282e-01,-2.13493412709669e-01
7.21000370088674e+01	9.51546434581675e-01,-2.14835113193759e-01
7.26015324253739e+01	9.50903223272788e-01,-2.16183331853848e-01
7.31065160183531e+01	9.50251919399189e-01,-2.17538061404699e-01
7.36150120499911e+01	9.49592433041742e-01,-2.18899293614891e-01
7.41270449512307e+01	9.48924673600059e-01,-2.20267019287953e-01
7.46426393229457e+01	9.48248549796272e-01,-2.21641228243291e-01
7.51618199371220e+01	9.47563969679121e-01,-2.23021909296919e-01
7.56846117380488e+01	9.46870840628375e-01,-2.24409050241996e-01
7.62110398435161e+01	9.46169069359579e-01,-2.25802637829174e-01
7.67411295460223e+01	9.45458561929157e-01,-2.27202657746754e-01
7.72749063139888e+01	9.44739223739863e-01,-2.28609094600651e-01
7.78123957929840e+01	9.44010959546590e-01,-2.30021931894187e-01
7.83536238069553e+01	9.43273673462557e-01,-2.31441152007694e-01
7.88986163594699e+01	9.42527268965868e-01,-2.32866736177945e-01
7.94473996349641e+01	9.41771648906467e-01,-2.34298664477415e-01
8.00000000000012e+01	9.41006715513480e-01,-2.35736915793367e-01
8.05564440045387e+01	9.40232370402973e-01,-2.37181467806785e-01
8.11167583832036e+01	9.39448514586116e-01,-2.38632296971137e-01
8.16809700565767e+01	9.38655048477781e-01,-2.40089378490990e-01
8.22491061324866e+01	9.37851871905563e-01,-2.41552686300478e-01
8.28211939073115e+01	9.37038884119250e-01,-2.43022193041619e-01
8.33972608672910e+01	9.36215983800746e-01,-2.44497870042501e-01
8.39773346898467e+01	9.35383069074451e-01,-2.45979687295336e-01
8.45614432449118e+01	9.34540037518114e-01,-2.47467613434383e-01
8.51496145962701e+01	9.33686786174167e-01,-2.48961615713760e-01
8.57418770029048e+01	9.32823211561546e-01,-2.50461659985136e-01
8.63382589203556e+01	9.31949209688015e-01,-2.51967710675327e-01
8.69387890020860e+01	9.31064676062994e-01,-2.53479730763789e-01
8.75434961008606e+01	9.30169505710908e-01,-2.54997681760024e-01
8.81524092701303e+01	9.29263593185066e-01,-2.56521523680907e-01
8.87655577654290e+01	9.28346832582069e-01,-2.58051215027936e-01
8.93829710457790e+01	9.27419117556776e-01,-2.59586712764424e-01
9.00046787751062e+01	9.26480341337813e-01,-2.61127972292637e-01
9.06307108236654e+01	9.25530396743660e-01,-2.62674947430881e-01
9.12610972694754e+01	9.24569176199301e-01,-2.64227590390565e-01
9.18958683997643e+01	9.23596571753472e-01,-2.65785851753232e-01
9.25350547124245e+01	9.22612475096485e-01,-2.67349680447582e-01
9.31786869174780e+01	9.21616777578669e-01,-2.68919023726487e-01
9.38267959385519e+01	9.20609370229417e-01,-2.70493827144029e-01
9.44794129143640e+01	9.19590143776852e-01,-2.72074034532541e-01
9.51365692002193e+01	9.18558988668124e-01,-2.73659587979700e-01
9.57982963695159e+01	9.17515795090345e-01,-2.75250427805656e-01
9.64646262152625e+01	9.16460452992170e-01,-2.76846492540222e-01
9.71355907516054e+01	9.15392852106036e-01,-2.78447718900147e-01
9.78112222153672e+01	9.14312881971058e-01,-2.80054041766462e-01
9.84915530675950e+01	9.13220431956603e-01,-2.81665394161943e-01
9.91766159951206e+01	9.12115391286542e-01,-2.83281707228679e-01
9.98664439121307e+01	9.10997649064183e-01,-2.84902910205784e-01
1.00561069961748e+02	9.09867094297909e-01,-2.86528930407244e-01
1.01260527517624e+02	9.08723615927508e-01,-2.88159693199943e-01
1.01964850185543e+02	9.07567102851219e-01,-2.89795121981856e-01
1.02674071805034e+02	9.06397443953488e-01,-2.91435138160453e-01
1.03388226451001e+02	9.05214528133452e-01,-2.93079661131306e-01
1.04107348435357e+02	9.04018244334145e-01,-2.94728608256944e-01
1.04831472308671e+02	9.02808481572441e-01,-2.96381894845946e-01
1.05560632861833e+02	9.01585128969738e-01,-2.98039434132312e-01
1.06294865127723e+02	9.00348075783384e-01,-2.99701137255126e-01
1.07034204382891e+02	8.99097211438852e-01,-3.01366913238524e-01
1.07778686149257e+02	8.97832425562674e-01,-3.03036668971996e-01
1.08528346195816e+02	8.96553608016124e-01,-3.04710309191034e-01
1.09283220540354e+02	8.95260648929669e-01,-3.06387736458156e-01
1.10043345451182e+02	8.93953438738185e-01,-3.08068851144326e-01
1.10808757448876e+02	8.92631868216934e-01,-3.09753551410775e-01
1.11579493308035e+02	8.91295828518314e-01,-3.11441733191282e-01
1.12355590059042e+02	8.89945211209380e-01,-3.13133290174891e-01
1.13137084989850e+02	8.88579908310136e-01,-3.14828113789131e-01
1.13924015647768e+02	8.87199812332599e-01,-3.16526093183728e-01
1.14716419841268e+02	8.85804816320637e-01,-3.18227115214861e-01
1.15514335641802e+02	8.84394813890571e-01,-3.19931064429961e-01
1.16317801385627e+02	8.82969699272563e-01,-3.21637823053099e-01
1.17126855675652e+02	8.81529367352755e-01,-3.23347270970972e-01
1.17941537383290e+02	8.80073713716185e-01,-3.25059285719526e-01
1.18761885650326e+02	8.78602634690464e-01,-3.26773742471229e-01
1.19587939890797e+02	8.77116027390206e-01,-3.28490514023026e-01
1.20419739792888e+02	8.75613789762219e-01,-3.30209470785013e-01
1.21257325320834e+02	8.74095820631442e-01,-3.31930480769829e-01
1.22100736716847e+02	8.72562019747624e-01,-3.33653409582828e-01
1.22950014503043e+02	8.71012287832737e-01,-3.35378120413022e-01
1.23805199483394e+02	8.69446526629120e-01,-3.37104474024862e-01
1.24666332745682e+02	8.67864638948341e-01,-3.38832328750843e-01
1.25533455663483e+02	8.66266528720767e-01,-3.40561540484994e-01
1.26406609898143e+02	8.64652101045833e-01,-3.42291962677267e-01
1.27285837400790e+02	8.63021262243002e-01,-3.44023446328851e-01
1.28171180414342e+02	8.61373919903397e-01,-3.45755839988446e-01
1.29062681475543e+02	8.59709982942101e-01,-3.47488989749522e-01
1.29960383417000e+02	8.58029361651098e-01,-3.49222739248592e-01
1.30864329369248e+02	8.56331967752853e-01,-3.50956929664531e-01
1.31774562762814e+02	8.54617714454509e-01,-3.52691399718957e-01
1.32691127330313e+02	8.52886516502682e-01,-3.54425985677729e-01
1.33614067108542e+02	8.51138290238842e-01,-3.56160521353556e-01
1.34543426440597e+02	8.49372953655255e-01,-3.57894838109776e-01
1.35479249978007e+02	8.47590426451463e-01,-3.59628764865314e-01
1.36421582682876e+02	8.45790630091302e-01,-3.61362128100861e-01
1.37370469830043e+02	8.43973487860395e-01,-3.63094751866285e-01
1.38325957009261e+02	8.42138924924147e-01,-3.64826457789329e-01
1.39288090127383e+02	8.40286868386170e-01,-3.66557065085585e-01
1.40256915410569e+02	8.38417247347150e-01,-3.68286390569818e-01
1.41232479406508e+02	8.36529992964098e-01,-3.70014248668622e-01
1.42214828986654e+02	8.34625038509987e-01,-3.71740451434471e-01
1.43204011348479e+02	8.32702319433719e-01,-3.73464808561167e-01
1.44200074017736e+02	8.30761773420412e-01,-3.75187127400721e-01
1.45203064850749e+02	8.28803340451959e-01,-3.76907212981699e-01
1.46213032036707e+02	8.26826962867842e-01,-3.78624868029042e-01
1.47230024099983e+02	8.24832585426157e-01,-3.80339892985392e-01
1.48254089902463e+02	8.22820155364817e-01,-3.82052086033959e-01
1.49285278645892e+02	8.20789622462898e-01,-3.83761243122932e-01
1.50323639874245e+02	8.18740939102092e-01,-3.85467157991470e-01
1.51369223476099e+02	8.16674060328227e-01,-3.87169622197287e-01
1.52422079687033e+02	8.14588943912815e-01,-3.88868425145860e-01
1.53482259092046e+02	8.12485550414581e-01,-3.90563354121277e-01
1.54549812627979e+02	8.10363843240949e-01,-3.92254194318730e-01
1.55624791585969e+02	8.08223788709422e-01,-3.93940728878702e-01
1.56707247613912e+02	8.06065356108819e-01,-3.95622738922828e-01
1.57797232718941e+02	8.03888517760328e-01,-3.97300003591479e-01
1.58894799269929e+02	8.01693249078331e-01,-3.98972300083056e-01
1.60000000000004e+02	7.99479528630941e-01,-4.00639403695034e-01
1.61112888009079e+02	7.97247338200213e-01,-4.02301087866746e-01
1.62233516766408e+02	7.94996662841978e-01,-4.03957124223928e-01
1.63361940113155e+02	7.92727490945253e-01,-4.05607282625038e-01
1.64498212264974e+02	7.90439814291163e-01,-4.07251331209353e-01
1.65642387814624e+02	7.88133628111344e-01,-4.08889036446849e-01
1.66794521734583e+02	7.85808931145750e-01,-4.10520163189870e-01
1.67954669379695e+02	7.83465725699836e-01,-4.12144474726605e-01
1.69122886489825e+02	7.81104017701036e-01,-4.13761732836341e-01
1.70299229192542e+02	7.78723816754505e-01,-4.15371697846539e-01
1.71483754005811e+02	7.76325136198052e-01,-4.16974128691685e-01
1.72676517840712e+02	7.73907993156214e-01,-4.18568782973955e-01
1.73877578004173e+02	7.71472408593418e-01,-4.20155417025655e-01
1.75086992201722e+02	7.69018407366167e-01,-4.21733785973456e-01
1.76304818540262e+02	7.66546018274188e-01,-4.23303643804401e-01
1.77531115530859e+02	7.64055274110499e-01,-4.24864743433681e-01
1.78765942091559e+02	7.61546211710322e-01,-4.26416836774163e-01
1.80009357550214e+02	7.59018871998783e-01,-4.27959674807657e-01
1.81261421647332e+02	7.56473300037352e-01,-4.29493007657917e-01
1.82522194538952e+02	7.53909545068950e-01,-4.31016584665339e-01
1.83791736799530e+02	7.51327660561665e-01,-4.32530154463354e-01
1.85070109424850e+02	7.48727704251032e-01,-4.34033465056480e-01
1.86357373834957e+02	7.46109738180794e-01,-4.35526263900020e-01
1.87653591877105e+02	7.43473828742102e-01,-4.37008297981372e-01
1.88958825828729e+02	7.40820046711092e-01,-4.38479313902930e-01
1.90273138400440e+02	7.38148467284766e-01,-4.39939057966531e-01
1.91596592739033e+02	7.35459170115142e-01,-4.41387276259436e-01
1.92929252430526e+02	7.32752239341595e-01,-4.42823714741794e-01
1.94271181503212e+02	7.30027763621338e-01,-4.44248119335553e-01
1.95622444430736e+02	7.27285836157990e-01,-4.45660236014788e-01
1.96983106135191e+02	7.24526554728165e-01,-4.47059810897394e-01
1.98353231990243e+02	7.21750021706035e-01,-4.48446590338108e-01
1.99732887824263e+02	7.18956344085812e-01,-4.49820321022805e-01
2.01122139923497e+02	7.16145633502087e-01,-4.51180750064029e-01
2.02521055035250e+02	7.13318006247984e-01,-4.52527625097699e-01
2.03929700371087e+02	7.10473583291066e-01,-4.53860694380949e-01
2.05348143610070e+02	7.07612490286956e-01,-4.55179706891032e-01
2.06776452902004e+02	7.04734857590610e-01,-4.56484412425247e-01
2.08214696870715e+02	7.01840820265211e-01,-4.57774561701809e-01
2.09662944617343e+02	6.98930518088616e-01,-4.59049906461629e-01
2.11121265723668e+02	6.96004095557336e-01,-4.60310199570913e-01
2.12589730255447e+02	6.93061701887990e-01,-4.61555195124527e-01
2.14068408765783e+02	6.90103491016190e-01,-4.62784648550069e-01
2.15557372298516e+02	6.87129621592842e-01,-4.63998316712553e-01
2.17056692391633e+02	6.84140256977790e-01,-4.65195958019670e-01
2.18566441080709e+02	6.81135565230797e-01,-4.66377332527515e-01
2.20086690902365e+02	6.78115719099827e-01,-4.67542202046736e-01
2.21617514897754e+02	6.75080896006573e-01,-4.68690330249009e-01
2.23158986616071e+02	6.72031278029239e-01,-4.69821482773768e-01
2.24711180118085e+02	6.68967051882520e-01,-4.70935427335117e-01
2.26274169979701e+02	6.65888408894779e-01,-4.72031933828831e-01
2.27848031295537e+02	6.62795544982380e-01,-4.73110774439365e-01
2.29432839682538e+02	6.59688660621182e-01,-4.74171723746801e-01
2.31028671283605e+02	6.56567960815151e-01,-4.75214558833630e-01
2.32635602771256e+02	6.53433655062108e-01,-4.76239059391295e-01
2.34253711351306e+02	6.50285957316577e-01,-4.77245007826406e-01
2.35883074766582e+02	6.47125085949745e-01,-4.78232189366532e-01
2.37523771300654e+02	6.43951263706515e-01,-4.79200392165492e-01
2.39175879781596e+02	6.40764717659665e-01,-4.80149407408047e-01
2.40839479585777e+02	6.37565679161106e-01,-4.81079029413911e-01
2.42514650641670e+02	6.34354383790248e-01,-4.81989055740977e-01
2.44201473433696e+02	6.31131071299480e-01,-4.82879287287689e-01
2.45900029006089e+02	6.27895985556781e-01,-4.83749528394444e-01
2.47610398966789e+02	6.24649374485469e-01,-4.84599586943953e-01
2.49332665491367e+02	6.21391490001111e-01,-4.85429274460456e-01
2.51066911326967e+02	6.18122587945617e-01,-4.86238406207714e-01
2.52813219796288e+02	6.14842928018541e-01,-4.87026801285674e-01
2.54571674801581e+02	6.11552773705607e-01,-4.87794282725719e-01
2.56342360828686e+02	6.08252392204511e-01,-4.88540677584422e-01
2.58125362951087e+02	6.04942054348013e-01,-4.89265817035708e-01
2.59920766834002e+02	6.01622034524375e-01,-4.89969536461337e-01
2.61728658738497e+02	5.98292610595167e-01,-4.90651675539614e-01
2.63549125525631e+02	5.94954063810499e-01,-4.91312078332258e-01
2.65382254660629e+02	5.91606678721724e-01,-4.91950593369319e-01
2.67228134217086e+02	5.88250743091653e-01,-4.92567073732086e-01
2.69086852881196e+02	5.84886547802354e-01,-4.93161377133878e-01
2.70958499956016e+02	5.81514386760564e-01,-4.93733365998660e-01
2.72843165365754e+02	5.78134556800807e-01,-4.94282907537386e-01
2.74740939660089e+02	5.74747357586249e-01,-4.94809873822006e-01
2.76651914018525e+02	5.71353091507378e-01,-4.95314141857050e-01
2.78576180254768e+02	5.67952063578567e-01,-4.95795593648726e-01
2.80513830821139e+02	5.64544581332590e-01,-4.96254116271452e-01
2.82464958813018e+02	5.61130954713176e-01,-4.96689601931754e-01
2.84429657973310e+02	5.57711495965655e-01,-4.97101948029479e-01
2.86408022696959e+02	5.54286519525805e-01,-4.97491057216228e-01
2.88400148035474e+02	5.50856341906955e-01,-4.97856837450980e-01
2.90406129701500e+02	5.47421281585443e-01,-4.98199202052828e-01
2.92426064073417e+02	5.43981658884506e-01,-4.98518069750777e-01
2.94460048199969e+02	5.40537795856700e-01,-4.98813364730556e-01
2.96508179804927e+02	5.37090016164928e-01,-4.99085016678385e-01
2.98570557291787e+02	5.33638644962177e-01,-4.99332960821656e-01
3.00647279748492e+02	5.30184008770056e-01,-4.99557137966483e-01
3.02738446952199e+02	5.26726435356228e-01,-4.99757494532082e-01
3.04844159374069e+02	5.23266253610832e-01,-4.99933982581943e-01
3.06964518184094e+02	5.19803793421999e-01,-5.00086559851757e-01
3.09099625255960e+02	5.16339385550556e-01,-5.00215189774072e-01
3.11249583171940e+02	5.12873361504021e-01,-5.00319841499656e-01
3.13414495227826e+02	5.09406053409990e-01,-5.00400489915525e-01
3.15594465437884e+02	5.05937793889018e-01,-5.00457115659644e-01
3.17789598539861e+02	5.02468915927101e-01,-5.00489705132260e-01
3.20000000000009e+02	4.98999752747856e-01,-5.00498250503870e-01
3.22225776018160e+02	4.95530637684509e-01,-5.00482749719806e-01
3.24467033532819e+02	4.92061904051798e-01,-5.00443206501441e-01
3.26723880226312e+02	4.88593885017878e-01,-5.00379630344010e-01
3.28996424529951e+02	4.85126913476362e-01,-5.00292036511041e-01
3.31284775629251e+02	4.81661321918572e-01,-5.00180446025419e-01
3.33589043469169e+02	4.78197442306130e-01,-5.00044885657077e-01
3.35909338759392e+02	4.74735605943973e-01,-4.99885387907335e-01
3.38245772979652e+02	4.71276143353902e-01,-4.99701990989905e-01
3.40598458385085e+02	4.67819384148777e-01,-4.99494738808577e-01
3.42967508011624e+02	4.64365656907440e-01,-4.99263680931612e-01
3.45353035681427e+02	4.60915289050486e-01,-4.99008872562880e-01
3.47755156008349e+02	4.57468606716965e-01,-4.98730374509752e-01
3.50173984403447e+02	4.54025934642121e-01,-4.98428253147809e-01
3.52609637080526e+02	4.50587596036272e-01,-4.98102580382377e-01
3.55062231061721e+02	4.47153912464903e-01,-4.97753433606951e-01
3.57531884183121e+02	4.43725203730095e-01,-4.97380895658549e-01
3.60018715100430e+02	4.40301787753352e-01,-4.96985054770027e-01
3.62522843294667e+02	4.36883980459941e-01,-4.96566004519430e-01
3.65044389077907e+02	4.33472095664810e-01,-4.96123843776418e-01
3.67583473599063e+02	4.30066444960195e-01,-4.95658676645823e-01
3.70140218849704e+02	4.26667337604967e-01,-4.95170612408403e-01
3.72714747669917e+02	4.23275080415829e-01,-4.94659765458855e-01
3.75307183754213e+02	4.19889977660425e-01,-4.94126255241145e-01
3.77917651657462e+02	4.16512330952443e-01,-4.93570206181228e-01
3.80546276800883e+02	4.13142439148776e-01,-4.92991747617228e-01
3.83193185478069e+02	4.09780598248829e-01,-4.92391013727141e-01
3.85858504861056e+02	4.06427101296018e-01,-4.91768143454153e-01
3.88542363006427e+02	4.03082238281542e-01,-4.91123280429625e-01
3.91244888861474e+02	3.99746296050482e-01,-4.90456572893850e-01
3.93966212270386e+02	3.96419558210290e-01,-4.89768173614634e-01
3.96706463980488e+02	3.93102305041717e-01,-4.89058239803803e-01
3.99465775648529e+02	3.89794813412240e-01,-4.88326933031716e-01
4.02244279846998e+02	3.86497356692034e-01,-4.87574419139851e-01
4.05042110070503e+02	3.83210204672533e-01,-4.86800868151578e-01
4.07859400742177e+02	3.79933623487629e-01,-4.86006454181179e-01
4.10696287220143e+02	3.76667875537545e-01,-4.85191355341221e-01
4.13552905804011e+02	3.73413219415416e-01,-4.84355753648361e-01
4.16429393741432e+02	3.70169909836618e-01,-4.83499834927671e-01
4.19325889234690e+02	3.66938197570869e-01,-4.82623788715589e-01
4.22242531447340e+02	3.63718329377136e-01,-4.81727808161561e-01
4.25179460510898e+02	3.60510547941358e-01,-4.80812089928487e-01
4.28136817531570e+02	3.57315091817026e-01,-4.79876834092050e-01
4.31114744597035e+02	3.54132195368615e-01,-4.78922244039020e-01
4.34113384783269e+02	3.50962088717902e-01,-4.77948526364635e-01
4.37132882161421e+02	3.47804997693159e-01,-4.76955890769130e-01
4.40173381804733e+02	3.44661143781255e-01,-4.75944549953527e-01
4.43235029795511e+02	3.41530744082645e-01,-4.74914719514756e-01
4.46317973232145e+02	3.38414011269265e-01,-4.73866617840214e-01
4.49422360236174e+02	3.35311153545328e-01,-4.72800466001839e-01
4.52548339959406e+02	3.32222374611005e-01,-4.71716487649791e-01
4.55696062591078e+02	3.29147873629005e-01,-4.70614908905836e-01
4.58865679365080e+02	3.26087845194020e-01,-4.69495958256499e-01
4.62057342567214e+02	3.23042479305037e-01,-4.68359866446100e-01
4.65271205542515e+02	3.20011961340499e-01,-4.67206866369731e-01
4.68507422702616e+02	3.16996472036291e-01,-4.66037192966277e-01
4.71766149533168e+02	3.13996187466529e-01,-4.64851083111544e-01
4.75047542601312e+02	3.11011279027140e-01,-4.63648775511600e-01
4.78351759563197e+02	3.08041913422189e-01,-4.62430510596382e-01
4.81678959171558e+02	3.05088252652943e-01,-4.61196530413663e-01
4.85029301283344e+02	3.02150454009620e-01,-4.59947078523448e-01
4.88402946867396e+02	2.99228670065810e-01,-4.58682399892879e-01
4.91800058012181e+02	2.96323048675521e-01,-4.57402740791715e-01
4.95220797933582e+02	2.93433732972811e-01,-4.56108348688457e-01
4.98665330982737e+02	2.90560861373980e-01,-4.54799472147203e-01
5.02133822653938e+02	2.87704567582259e-01,-4.53476360725269e-01
5.05626439592579e+02	2.84864980594971e-01,-4.52139264871677e-01
5.09143349603166e+02	2.82042224713122e-01,-4.50788435826540e-01
5.12684721657376e+02	2.79236419553347e-01,-4.49424125521432e-01
5.16250725902179e+02	2.76447680062203e-01,-4.48046586480781e-01
5.19841533668009e+02	2.73676116532726e-01,-4.46656071724353e-01
5.23457317476998e+02	2.70921834623224e-01,-4.45252834670878e-01
5.27098251051265e+02	2.68184935378236e-01,-4.43837129042875e-01
5.30764509321261e+02	2.65465515251625e-01,-4.42409208772710e-01
5.34456268434175e+02	2.62763666131725e-01,-4.40969327909962e-01
5.38173705762396e+02	2.60079475368516e-01,-4.39517740530115e-01
5.41916999912037e+02	2.57413025802739e-01,-4.38054700644636e-01
5.45686330731512e+02	2.54764395796934e-01,-4.36580462112479e-01
5.49481879320182e+02	2.52133659268295e-01,-4.35095278553039e-01
5.53303828037053e+02	2.49520885723333e-01,-4.33599403260620e-01
5.57152360509539e+02	2.46926140294252e-01,-4.32093089120425e-01
5.61027661642283e+02	2.44349483777002e-01,-4.30576588526111e-01
5.64929917626039e+02	2.41790972670930e-01,-4.29050153298944e-01
5.68859315946625e+02	2.39250659219996e-01,-4.27514034608573e-01
5.72816045393923e+02	2.36728591455459e-01,-4.25968482895451e-01
5.76800296070952e+02	2.34224813240015e-01,-4.24413747794936e-01
5.80812259403004e+02	2.31739364313287e-01,-4.22850078063072e-01
5.84852128146837e+02	2.29272280338636e-01,-4.21277721504097e-01
5.88920096399941e+02	2.26823592951219e-01,-4.19696924899668e-01
5.93016359609859e+02	2.24393329807239e-01,-4.18107933939842e-01
5.97141114583579e+02	2.21981514634333e-01,-4.16510993155805e-01
6.01294559496990e+02	2.19588167283022e-01,-4.14906345854383e-01
6.05476893904404e+02	2.17213303779189e-01,-4.13294234054317e-01
6.09688318748142e+02	2.14856936377507e-01,-4.11674898424338e-01
6.13929036368192e+02	2.12519073615766e-01,-4.10048578223028e-01
6.18199250511924e+02	2.10199720370048e-01,-4.08415511240475e-01
6.22499166343886e+02	2.07898877910688e-01,-4.06775933741727e-01
6.26828990455656e+02	2.05616543958956e-01,-4.05130080412054e-01
6.31188930875773e+02	2.03352712744431e-01,-4.03478184303986e-01
6.35579197079727e+02	2.01107375062984e-01,-4.01820476786171e-01
6.40000000000024e+02	1.98880518335334e-01,-4.00157187494001e-01
6.44451552036324e+02	1.96672126666120e-01,-3.98488544282032e-01
6.48934067065643e+02	1.94482180903435e-01,-3.96814773178182e-01
6.53447760452628e+02	1.92310658698775e-01,-3.95136098339691e-01
6.57992849059907e+02	1.90157534567351e-01,-3.93452742010841e-01
6.62569551258507e+02	1.88022779948713e-01,-3.91764924482419e-01
6.67178086938343e+02	1.85906363267645e-01,-3.90072864052920e-01
6.71818677518788e+02	1.83808249995273e-01,-3.88376776991458e-01
6.76491545959309e+02	1.81728402710354e-01,-3.86676877502393e-01
6.81196916770176e+02	1.79666781160690e-01,-3.84973377691636e-01
6.85935016023254e+02	1.77623342324624e-01,-3.83266487534626e-01
6.90706071362860e+02	1.75598040472586e-01,-3.81556414845964e-01
6.95510312016704e+02	1.73590827228635e-01,-3.79843365250677e-01
7.00347968806900e+02	1.71601651631963e-01,-3.78127542157087e-01
7.05219274161058e+02	1.69630460198320e-01,-3.76409146731285e-01
7.10124462123448e+02	1.67677196981324e-01,-3.74688377873166e-01
7.15063768366248e+02	1.65741803633618e-01,-3.72965432194011e-01
7.20037430200866e+02	1.63824219467834e-01,-3.71240503995594e-01
7.25045686589339e+02	1.61924381517337e-01,-3.69513785250794e-01
7.30088778155819e+02	1.60042224596714e-01,-3.67785465585673e-01
7.35166947198131e+02	1.58177681361964e-01,-3.66055732263011e-01
7.40280437699413e+02	1.56330682370381e-01,-3.64324770167264e-01
7.45429495339841e+02	1.54501156140073e-01,-3.62592761790920e-01
7.50614367508432e+02	1.52689029209116e-01,-3.60859887222227e-01
7.55835303314929e+02	1.50894226194285e-01,-3.59126324134265e-01
7.61092553601771e+02	1.49116669849368e-01,-3.57392247775341e-01
7.66386370956144e+02	1.47356281123009e-01,-3.55657830960665e-01
7.71717009722117e+02	1.45612979216075e-01,-3.53923244065299e-01
7.77084726012860e+02	1.43886681638511e-01,-3.52188655018334e-01
7.82489777722954e+02	1.42177304265676e-01,-3.50454229298272e-01
7.87932424540777e+02	1.40484761394123e-01,-3.48720129929591e-01
7.93412927960983e+02	1.38808965796807e-01,-3.46986517480456e-01
7.98931551297063e+02	1.37149828777717e-01,-3.45253550061552e-01
8.04488559694002e+02	1.35507260225891e-01,-3.43521383326007e-01
8.10084220141011e+02	1.33881168668816e-01,-3.41790170470380e-01
8.15718801484360e+02	1.32271461325183e-01,-3.40060062236683e-01
8.21392574440291e+02	1.30678044157001e-01,-3.38331206915411e-01
8.27105811608028e+02	1.29100821921028e-01,-3.36603750349546e-01
8.32858787482871e+02	1.27539698219540e-01,-3.34877835939514e-01
8.38651778469386e+02	1.25994575550394e-01,-3.33153604649058e-01
8.44485062894686e+02	1.24465355356401e-01,-3.31431195012007e-01
8.50358921021801e+02	1.22951938073975e-01,-3.29710743139909e-01
8.56273635063146e+02	1.21454223181070e-01,-3.27992382730498e-01
8.62229489194076e+02	1.19972109244381e-01,-3.26276245076976e-01
8.68226769566545e+02	1.18505493965813e-01,-3.24562459078068e-01
8.74265764322848e+02	1.17054274228198e-01,-3.22851151248837e-01
8.80346763609472e+02	1.15618346140268e-01,-3.21142445732226e-01
8.86470059591028e+02	1.14197605080870e-01,-3.19436464311300e-01
8.92635946464296e+02	1.12791945742425e-01,-3.17733326422162e-01
8.98844720472355e+02	1.11401262173615e-01,-3.16033149167517e-01
9.05096679918818e+02	1.10025447821311e-01,-3.14336047330862e-01
9.11392125182163e+02	1.08664395571728e-01,-3.12642133391271e-01
9.17731358730167e+02	1.07317997790813e-01,-3.10951517538753e-01
9.24114685134435e+02	1.05986146363856e-01,-3.09264307690158e-01
9.30542411085037e+02	1.04668732734332e-01,-3.07580609505608e-01
9.37014845405239e+02	1.03365647941970e-01,-3.05900526405425e-01
9.43532299066344e+02	1.02076782660051e-01,-3.04224159587542e-01
9.50095085202631e+02	1.00802027231935e-01,-3.02551608045357e-01
9.56703519126400e+02	9.95412717068199e-02,-3.00882968586030e-01
9.63357918343123e+02	9.82944058747336e-02,-2.99218335849180e-01
9.70058602566695e+02	9.70613193007630e-02,-2.97557802325970e-01
9.76805893734798e+02	9.58419013585236e-02,-2.95901458378564e-01
9.83600116024369e+02	9.46360412628700e-02,-2.94249392259920e-01
9.90441595867171e+02	9.34436281018570e-02,-2.92601690133915e-01
9.97330661965481e+02	9.22645508679502e-02,-2.90958436095766e-01
1.00426764530788e+03	9.10986984884944e-02,-2.89319712192745e-01
1.01125287918517e+03	8.99459598554441e-02,-2.87685598445148e-01
1.01828669920634e+03	8.88062238543614e-02,-2.86056172867525e-01
1.02536944331476e+03	8.76793793926878e-02,-2.84431511490123e-01
1.03250145180437e+03	8.65653154272954e-02,-2.82811688380553e-01
1.03968306733603e+03	8.54639209913244e-02,-2.81196775665640e-01
1.04691463495400e+03	8.43750852203147e-02,-2.79586843553455e-01
1.05419650210254e+03	8.32986973776367e-02,-2.77981960355506e-01
1.06152901864253e+03	8.22346468792296e-02,-2.76382192509070e-01
1.06891253686836e+03	8.11828233176561e-02,-2.74787604599658e-01
1.07634741152480e+03	8.01431164854784e-02,-2.73198259383585e-01
1.08383399982408e+03	7.91154163979660e-02,-2.71614217810647e-01
1.09137266146303e+03	7.80996133151425e-02,-2.70035539046875e-01
1.09896375864037e+03	7.70955977631794e-02,-2.68462280497362e-01
1.10660765607411e+03	7.61032605551457e-02,-2.66894497829147e-01
1.11430472101909e+03	7.51224928111224e-02,-2.65332244994138e-01
1.12205532328457e+03	7.41531859776898e-02,-2.63775574252070e-01
1.12985983525209e+03	7.31952318467975e-02,-2.62224536193481e-01
1.13771863189326e+03	7.22485225740244e-02,-2.60679179762692e-01
1.14563209078785e+03	7.13129506962403e-02,-2.59139552280780e-01
1.15360059214191e+03	7.03884091486762e-02,-2.57605699468546e-01
1.16162451880602e+03	6.94747912814129e-02,-2.56077665469439e-01
1.16970425629368e+03	6.85719908752980e-02,-2.54555492872459e-01
1.17784019279989e+03	6.76799021573006e-02,-2.53039222735003e-01
1.18603271921973e+03	6.67984198153118e-02,-2.51528894605660e-01
1.19428222916717e+03	6.59274390124017e-02,-2.50024546546935e-01
1.20258911899399e+03	6.50668554005432e-02,-2.48526215157902e-01
1.21095378780882e+03	6.42165651338088e-02,-2.47033935596776e-01
1.21937663749629e+03	6.33764648810539e-02,-2.45547741603385e-01
1.22785807273639e+03	6.25464518380932e-02,-2.44067665521557e-01
1.23639850102386e+03	6.17264237393811e-02,-2.42593738321381e-01
1.24499833268778e+03	6.09162788692054e-02,-2.41125989621377e-01
1.25365798091132e+03	6.01159160724026e-02,-2.39664447710524e-01
1.26237786175155e+03	5.93252347646066e-02,-2.38209139570177e-01
1.27115839415946e+03	5.85441349420375e-02,-2.36760090895840e-01
1.28000000000006e+03	5.77725171908417e-02,-2.35317326118805e-01
1.28890310407266e+03	5.70102826959917e-02,-2.33880868427644e-01
1.29786813413129e+03	5.62573332497558e-02,-2.32450739789553e-01
1.30689552090527e+03	5.55135712597452e-02,-2.31026960971535e-01
1.31598569811982e+03	5.47788997565494e-02,-2.29609551561431e-01
1.32513910251702e+03	5.40532224009684e-02,-2.28198529988776e-01
1.33435617387669e+03	5.33364434908496e-02,-2.26793913545494e-01
1.34363735503759e+03	5.26284679675401e-02,-2.25395718406418e-01
1.35298309191863e+03	5.19292014219622e-02,-2.24003959649629e-01
1.36239383354036e+03	5.12385501003204e-02,-2.22618651276617e-01
1.37187003204652e+03	5.05564209094502e-02,-2.21239806232259e-01
1.38141214272573e+03	4.98827214218153e-02,-2.19867436424608e-01
1.39102062403342e+03	4.92173598801635e-02,-2.18501552744491e-01
1.40069593761381e+03	4.85602452018478e-02,-2.17142165084920e-01
1.41043854832213e+03	4.79112869828235e-02,-2.15789282360296e-01
1.42024892424691e+03	4.72703955013260e-02,-2.14442912525429e-01
1.43012753673251e+03	4.66374817212419e-02,-2.13103062594347e-01
1.44007486040174e+03	4.60124572951765e-02,-2.11769738658914e-01
1.45009137317869e+03	4.53952345672292e-02,-2.10442945907229e-01
1.46017755631165e+03	4.47857265754840e-02,-2.09122688641839e-01
1.47033389439627e+03	4.41838470542201e-02,-2.07808970297730e-01
1.48056087539884e+03	4.35895104358542e-02,-2.06501793460120e-01
1.49085899067969e+03	4.30026318526188e-02,-2.05201159882037e-01
1.50122873501687e+03	4.24231271379850e-02,-2.03907070501690e-01
1.51167060662987e+03	4.18509128278375e-02,-2.02619525459632e-01
1.52218510720355e+03	4.12859061614078e-02,-2.01338524115707e-01
1.53277274191230e+03	4.07280250819733e-02,-2.00064065065786e-01
1.54343401944424e+03	4.01771882373291e-02,-1.98796146158299e-01
1.55416945202573e+03	3.96333149800391e-02,-1.97534764510540e-01
1.56497955544592e+03	3.90963253674734e-02,-1.96279916524777e-01
1.57586484908157e+03	3.85661401616378e-02,-1.95031597904133e-01
1.58682585592198e+03	3.80426808288021e-02,-1.93789803668268e-01
1.59786310259414e+03	3.75258695389348e-02,-1.92554528168837e-01
1.60897711938801e+03	3.70156291649478e-02,-1.91325765104753e-01
1.62016844028203e+03	3.65118832817596e-02,-1.90103507537219e-01
1.63143760296873e+03	3.60145561651815e-02,-1.88887747904561e-01
1.64278514888059e+03	3.55235727906330e-02,-1.87678478036853e-01
1.65421162321607e+03	3.50388588316929e-02,-1.86475689170323e-01
1.66571757496575e+03	3.45603406584904e-02,-1.85279371961557e-01
1.67730355693878e+03	3.40879453359422e-02,-1.84089516501495e-01
1.68897012578938e+03	3.36216006218417e-02,-1.82906112329216e-01
1.70071784204361e+03	3.31612349648049e-02,-1.81729148445523e-01
1.71254727012630e+03	3.27067775020778e-02,-1.80558613326318e-01
1.72445897838816e+03	3.22581580572111e-02,-1.79394494935775e-01
1.73645353913310e+03	3.18153071376072e-02,-1.78236780739314e-01
1.74853152864571e+03	3.13781559319437e-02,-1.77085457716366e-01
1.76069352721896e+03	3.09466363074780e-02,-1.75940512372949e-01
1.77294011918207e+03	3.05206808072393e-02,-1.74801930754033e-01
1.78527189292860e+03	3.01002226471103e-02,-1.73669698455721e-01
1.79768944094472e+03	2.96851957128041e-02,-1.72543800637223e-01
1.81019335983765e+03	2.92755345567414e-02,-1.71424222032644e-01
1.82278425036434e+03	2.88711743948303e-02,-1.70310946962573e-01
1.83546271746035e+03	2.84720511031548e-02,-1.69203959345490e-01
1.84822937026888e+03	2.80781012145749e-02,-1.68103242708973e-01
1.86108482217009e+03	2.76892619152420e-02,-1.67008780200727e-01
1.87402969081049e+03	2.73054710410349e-02,-1.65920554599420e-01
1.88706459813270e+03	2.69266670739180e-02,-1.64838548325338e-01
1.90019017040527e+03	2.65527891382277e-02,-1.63762743450861e-01
1.91340703825281e+03	2.61837769968884e-02,-1.62693121710752e-01
1.92671583668626e+03	2.58195710475632e-02,-1.61629664512268e-01
1.94011720513340e+03	2.54601123187414e-02,-1.60572352945102e-01
1.95361178746961e+03	2.51053424657676e-02,-1.59521167791142e-01
1.96720023204875e+03	2.47552037668138e-02,-1.58476089534055e-01
1.98088319173436e+03	2.44096391187993e-02,-1.57437098368710e-01
1.99466132393098e+03	2.40685920332600e-02,-1.56404174210421e-01
2.00853529061578e+03	2.37320066321715e-02,-1.55377296704030e-01
2.02250575837034e+03	2.33998276437272e-02,-1.54356445232817e-01
2.03657339841269e+03	2.30720003980764e-02,-1.53341598927256e-01
2.05073888662953e+03	2.27484708230226e-02,-1.52332736673600e-01
2.06500290360874e+03	2.24291854396866e-02,-1.51329837122312e-01
2.07936613467207e+03	2.21140913581361e-02,-1.50332878696334e-01
2.09382926990802e+03	2.18031362729844e-02,-1.49341839599208e-01
2.10839300420509e+03	2.14962684589610e-02,-1.48356697823031e-01
2.12305803728508e+03	2.11934367664557e-02,-1.47377431156270e-01
2.13782507373673e+03	2.08945906170393e-02,-1.46404017191417e-01
2.15269482304962e+03	2.05996799989627e-02,-1.45436433332507e-01
2.16766799964818e+03	2.03086554626365e-02,-1.44474656802477e-01
2.18274532292608e+03	2.00214681160935e-02,-1.43518664650393e-01
2.19792751728076e+03	1.97380696204357e-02,-1.42568433758526e-01
2.21321531214825e+03	1.94584121852682e-02,-1.41623940849293e-01
2.22860944203819e+03	1.91824485641215e-02,-1.40685162492059e-01
2.24411064656916e+03	1.89101320498647e-02,-1.39752075109797e-01
2.25971967050419e+03	1.86414164701103e-02,-1.38824654985623e-01
2.27543726378653e+03	1.83762561826133e-02,-1.37902878269194e-01
2.29126418157573e+03	1.81146060706659e-02,-1.36986720982970e-01
2.30720118428384e+03	1.78564215384896e-02,-1.36076159028359e-01
2.32324903761205e+03	1.76016585066255e-02,-1.35171168191721e-01
2.33940851258738e+03	1.73502734073257e-02,-1.34271724150264e-01
2.35568038559980e+03	1.71022231799460e-02,-1.33377802477799e-01
2.37206543843947e+03	1.68574652663415e-02,-1.32489378650386e-01
2.38856445833435e+03	1.66159576062677e-02,-1.31606428051859e-01
2.40517823798799e+03	1.63776586327864e-02,-1.30728925979228e-01
2.42190757561765e+03	1.61425272676791e-02,-1.29856847647969e-01
2.43875327499260e+03	1.59105229168690e-02,-1.28990168197202e-01
2.45571614547280e+03	1.56816054658522e-02,-1.28128862694752e-01
2.47279700204773e+03	1.54557352751395e-02,-1.27272906142105e-01
2.48999666537558e+03	1.52328731757099e-02,-1.26422273479249e-01
2.50731596182266e+03	1.50129804644772e-02,-1.25576939589413e-01
2.52475572350313e+03	1.47960188997700e-02,-1.24736879303700e-01
2.54231678831894e+03	1.45819506968266e-02,-1.23902067405616e-01
2.56000000000013e+03	1.43707385233056e-02,-1.23072478635496e-01
2.57780620814533e+03	1.41623454948126e-02,-1.22248087694830e-01
2.59573626826261e+03	1.39567351704454e-02,-1.21428869250496e-01
2.61379104181055e+03	1.37538715483560e-02,-1.20614797938884e-01
2.63197139623967e+03	1.35537190613330e-02,-1.19805848369941e-01
2.65027820503406e+03	1.33562425724025e-02,-1.19001995131106e-01
2.66871234775341e+03	1.31614073704507e-02,-1.18203212791168e-01
2.68727471007519e+03	1.29691791658664e-02,-1.17409475904019e-01
2.70596618383727e+03	1.27795240862067e-02,-1.16620759012331e-01
2.72478766708074e+03	1.25924086718839e-02,-1.15837036651139e-01
2.74374006409305e+03	1.24077998718762e-02,-1.15058283351335e-01
2.76282428545148e+03	1.22256650394619e-02,-1.14284473643090e-01
2.78204124806685e+03	1.20459719279776e-02,-1.13515582059175e-01
2.80139187522764e+03	1.18686886866008e-02,-1.12751583138219e-01
2.82087709664427e+03	1.16937838561587e-02,-1.11992451427874e-01
2.84049784849383e+03	1.15212263649612e-02,-1.11238161487907e-01
2.86025507346503e+03	1.13509855246608e-02,-1.10488687893214e-01
2.88014972080350e+03	1.11830310261393e-02,-1.09744005236761e-01
2.90018274635740e+03	1.10173329354200e-02,-1.09004088132440e-01
2.92035511262332e+03	1.08538616896088e-02,-1.08268911217868e-01
2.94066778879257e+03	1.06925880928614e-02,-1.07538449157102e-01
2.96112175079769e+03	1.05334833123793e-02,-1.06812676643289e-01
2.98171798135941e+03	1.03765188744336e-02,-1.06091568401244e-01
3.00245747003377e+03	1.02216666604173e-02,-1.05375099189962e-01
3.02334121325976e+03	1.00688989029265e-02,-1.04663243805066e-01
3.04437021440713e+03	9.91818818187017e-03,-1.03955977081184e-01
3.06554548382462e+03	9.76950742060966e-03,-1.03253273894264e-01
3.08686803888851e+03	9.62282988212709e-03,-1.02555109163831e-01
3.10833890405149e+03	9.47812916522360e-03,-1.01861457855177e-01
3.12995911089186e+03	9.33537920074733e-03,-1.01172294981487e-01
3.15172969816316e+03	9.19455424785127e-03,-1.00487595605920e-01
3.17365171184398e+03	9.05562889028117e-03,-9.98073348436128e-02
3.19572620518830e+03	8.91857803269364e-03,-9.91314878636425e-02
3.21795423877605e+03	8.78337689700450e-03,-9.84600298909245e-02
3.24033688056409e+03	8.65000101876765e-03,-9.77929362080587e-02
3.26287520593749e+03	8.51842624358421e-03,-9.71301821571208e-02
3.28557029776121e+03	8.38862872354240e-03,-9.64717431414017e-02
3.30842324643216e+03	8.26058491368787e-03,-9.58175946270944e-02
3.33143514993153e+03	8.13427156852473e-03,-9.51677121449308e-02
3.35460711387759e+03	8.00966573854729e-03,-9.45220712917688e-02
3.37794025157879e+03	7.88674476680245e-03,-9.38806477321307e-02
3.40143568408726e+03	7.76548628548280e-03,-9.32434171996933e-02
3.42509454025263e+03	7.64586821255046e-03,-9.26103554987324e-02
3.44891795677636e+03	7.52786874839158e-03,-9.19814385055207e-02
3.47290707826623e+03	7.41146637250157e-03,-9.13566421696808e-02
3.49706305729145e+03	7.29663984020088e-03,-9.07359425154950e-02
3.52138705443794e+03	7.18336817938153e-03,-9.01193156431714e-02
3.54588023836416e+03	7.07163068728406e-03,-8.95067377300678e-02
3.57054378585724e+03	6.96140692730507e-03,-8.88981850318751e-02
3.59537888188947e+03	6.85267672583516e-03,-8.82936338837593e-02
3.62038671967532e+03	6.74542016912724e-03,-8.76930607014645e-02
3.64556850072871e+03	6.63961760019522e-03,-8.70964419823773e-02
3.67092543492072e+03	6.53524961574266e-03,-8.65037543065526e-02
3.69645874053780e+03	6.43229706312179e-03,-8.59149743377028e-02
3.72216964434020e+03	6.33074103732239e-03,-8.53300788241506e-02
3.74805938162101e+03	6.23056287799060e-03,-8.47490445997459e-02
3.77412919626543e+03	6.13174416647748e-03,-8.41718485847485e-02
3.80038034081058e+03	6.03426672291727e-03,-8.35984677866758e-02
3.82681407650566e+03	5.93811260333519e-03,-8.30288793011183e-02
3.85343167337255e+03	5.84326409678461e-03,-8.24630603125213e-02
3.88023441026684e+03	5.74970372251354e-03,-8.19009880949357e-02
3.90722357493925e+03	5.65741422716018e-03,-8.13426400127372e-02
3.93440046409753e+03	5.56637858197753e-03,-8.07879935213143e-02
3.96176638346874e+03	5.47657998008681e-03,-8.02370261677281e-02
3.98932264786198e+03	5.38800183375951e-03,-7.96897155913408e-02
4.01707058123159e+03	5.30062777172808e-03,-7.91460395244177e-02
4.04501151674072e+03	5.21444163652486e-03,-7.86059757926996e-02
4.07314679682541e+03	5.12942748184924e-03,-7.80695023159490e-02
4.10147777325910e+03	5.04556956996298e-03,-7.75365971084693e-02
4.13000580721752e+03	4.96285236911313e-03,-7.70072382795974e-02
4.15873226934416e+03	4.88126055098290e-03,-7.64814040341720e-02
4.18765853981608e+03	4.80077898816983e-03,-7.59590726729755e-02
4.21678600841022e+03	4.72139275169142e-03,-7.54402225931531e-02
4.24611607457018e+03	4.64308710851784e-03,-7.49248322886069e-02
4.27565014747350e+03	4.56584751913157e-03,-7.44128803503673e-02
4.30538964609927e+03	4.48965963511387e-03,-7.39043454669418e-02
4.33533599929639e+03	4.41450929675780e-03,-7.33992064246415e-02
4.36549064585219e+03	4.34038253070763e-03,-7.28974421078857e-02
4.39585503456155e+03	4.26726554762439e-03,-7.23990314994859e-02
4.42643062429652e+03	4.19514473987755e-03,-7.19039536809088e-02
4.45721888407641e+03	4.12400667926232e-03,-7.14121878325191e-02
4.48822129313836e+03	4.05383811474272e-03,-7.09237132338031e-02
4.51943934100841e+03	3.98462597021997e-03,-7.04385092635723e-02
4.55087452757310e+03	3.91635734232604e-03,-6.99565554001491e-02
4.58252836315148e+03	3.84901949824234e-03,-6.94778312215339e-02
4.61440236856772e+03	3.78259987354304e-03,-6.90023164055539e-02
4.64649807522413e+03	3.71708607006311e-03,-6.85299907299956e-02
4.67881702517480e+03	3.65246585379071e-03,-6.80608340727191e-02
4.71136077119964e+03	3.58872715278372e-03,-6.75948264117564e-02
4.74413087687898e+03	3.52585805511035e-03,-6.71319478253942e-02
4.77712891666873e+03	3.46384680681339e-03,-6.66721784922395e-02
4.81035647597602e+03	3.40268180989818e-03,-6.62154986912713e-02
4.84381515123534e+03	3.34235162034379e-03,-6.57618888018765e-02
4.87750654998525e+03	3.28284494613748e-03,-6.53113293038714e-02
4.91143229094564e+03	3.22415064533201e-03,-6.48638007775091e-02
4.94559400409550e+03	3.16625772412575e-03,-6.44192839034731e-02
4.97999333075120e+03	3.10915533496531e-03,-6.39777594628572e-02
5.01463192364536e+03	3.05283277467048e-03,-6.35392083371325e-02
5.04951144700630e+03	2.99727948258128e-03,-6.31036115081015e-02
5.08463357663793e+03	2.94248503872698e-03,-6.26709500578398e-02
5.12000000000031e+03	2.88843916201675e-03,-6.22412051686252e-02
5.15561241629071e+03	2.83513170845187e-03,-6.18143581228563e-02
5.19147253652526e+03	2.78255266935921e-03,-6.13903903029580e-02
5.22758208362114e+03	2.73069216964579e-03,-6.09692831912769e-02
5.26394279247938e+03	2.67954046607424e-03,-6.05510183699655e-02
5.30055641006817e+03	2.62908794555895e-03,-6.01355775208556e-02
5.33742469550686e+03	2.57932512348268e-03,-5.97229424253222e-02
5.37454942015043e+03	2.53024264203344e-03,-5.93130949641365e-02
5.41193236767459e+03	2.48183126856150e-03,-5.89060171173095e-02
5.44957533416153e+03	2.43408189395618e-03,-5.85016909639262e-02
5.48748012818615e+03	2.38698553104238e-03,-5.81000986819711e-02
5.52564857090300e+03	2.34053331299656e-03,-5.77012225481438e-02
5.56408249613375e+03	2.29471649178204e-03,-5.73050449376667e-02
5.60278375045533e+03	2.24952643660327e-03,-5.69115483240841e-02
5.64175419328859e+03	2.20495463237908e-03,-5.65207152790530e-02
5.68099569698771e+03	2.16099267823459e-03,-5.61325284721265e-02
5.72051014693011e+03	2.11763228601157e-03,-5.57469706705284e-02
5.76029944160706e+03	2.07486527879716e-03,-5.53640247389218e-02
5.80036549271484e+03	2.03268358947060e-03,-5.49836736391694e-02
5.84071022524669e+03	1.99107925926800e-03,-5.46059004300872e-02
5.88133557758518e+03	1.95004443636471e-03,-5.42306882671915e-02
5.92224350159543e+03	1.90957137447526e-03,-5.38580204024392e-02
5.96343596271886e+03	1.86965243147072e-03,-5.34878801839614e-02
6.00491494006759e+03	1.83028006801308e-03,-5.31202510557918e-02
6.04668242651957e+03	1.79144684620670e-03,-5.27551165575881e-02
6.08874042881431e+03	1.75314542826651e-03,-5.23924603243481e-02
6.13109096764929e+03	1.71536857520284e-03,-5.20322660861202e-02
6.17373607777707e+03	1.67810914552263e-03,-5.16745176677087e-02
6.21667780810302e+03	1.64136009394690e-03,-5.13191989883734e-02
6.25991822178378e+03	1.60511447014429e-03,-5.09662940615247e-02
6.30345939632636e+03	1.56936541748047e-03,-5.06157869944132e-02
6.34730342368800e+03	1.53410617178328e-03,-5.02676619878155e-02
6.39145241037665e+03	1.49933006012333e-03,-4.99219033357148e-02
6.43590847755216e+03	1.46503049961006e-03,-4.95784954249770e-02
6.48067376112824e+03	1.43120099620290e-03,-4.92374227350235e-02
6.52575041187503e+03	1.39783514353748e-03,-4.88986698374990e-02
6.57114059552248e+03	1.36492662176665e-03,-4.85622213959359e-02
6.61684649286437e+03	1.33246919641625e-03,-4.82280621654148e-02
6.66287029986312e+03	1.30045671725526e-03,-4.78961769922216e-02
6.70921422775524e+03	1.26888311718042e-03,-4.75665508135007e-02
6.75588050315764e+03	1.23774241111495e-03,-4.72391686569056e-02
6.80287136817457e+03	1.20702869492125e-03,-4.69140156402456e-02
6.85018908050532e+03	1.17673614432759e-03,-4.65910769711298e-02
6.89783591355277e+03	1.14685901386831e-03,-4.62703379466082e-02
6.94581415653252e+03	1.11739163583768e-03,-4.59517839528098e-02
6.99412611458295e+03	1.08832841925710e-03,-4.56354004645785e-02
7.04277410887593e+03	1.05966384885547e-03,-4.53211730451057e-02
7.09176047672838e+03	1.03139248406272e-03,-4.50090873455611e-02
7.14108757171453e+03	1.00350895801613e-03,-4.46991291047211e-02
7.19075776377900e+03	9.76007976579488e-04,-4.43912841485946e-02
7.24077343935071e+03	9.48884317374863e-04,-4.40855383900473e-02
7.29113700145747e+03	9.22132828826767e-04,-4.37818778284233e-02
7.34185086984150e+03	8.95748429218679e-04,-4.34802885491655e-02
7.39291748107565e+03	8.69726105761728e-04,-4.31807567234339e-02
7.44433928868046e+03	8.44060913675371e-04,-4.28832686077223e-02
7.49611876324208e+03	8.18747975279976e-04,-4.25878105434732e-02
7.54825839253092e+03	7.93782479101107e-04,-4.22943689566915e-02
7.60076068162122e+03	7.69159678985429e-04,-4.20029303575566e-02
7.65362815301138e+03	7.44874893228046e-04,-4.17134813400336e-02
7.70686334674516e+03	7.20923503711164e-04,-4.14260085814824e-02
7.76046882053374e+03	6.97300955053928e-04,-4.11404988422670e-02
7.81444714987857e+03	6.74002753773305e-04,-4.08569389653623e-02
7.86880092819513e+03	6.51024467455867e-04,-4.05753158759609e-02
7.92353276693755e+03	6.28361723940372e-04,-4.02956165810792e-02
7.97864529572403e+03	6.06010210510961e-04,-4.00178281691613e-02
8.03414116246325e+03	5.83965673100895e-04,-3.97419378096841e-02
8.09002303348151e+03	5.62223915506663e-04,-3.94679327527601e-02
8.14629359365089e+03	5.40780798612365e-04,-3.91958003287406e-02
8.20295554651826e+03	5.19632239624217e-04,-3.89255279478178e-02
8.26001161443511e+03	4.98774211315071e-04,-3.86571030996274e-02
8.31746453868839e+03	4.78202741278816e-04,-3.83905133528491e-02
8.37531707963222e+03	4.57913911194552e-04,-3.81257463548088e-02
8.43357201682050e+03	4.37903856100411e-04,-3.78627898310791e-02
8.49223214914044e+03	4.18168763676884e-04,-3.76016315850802e-02
8.55130029494706e+03	3.98704873539574e-04,-3.73422594976805e-02
8.61077929219860e+03	3.79508476541235e-04,-3.70846615267976e-02
8.67067199859285e+03	3.60575914082981e-04,-3.68288257069983e-02
8.73098129170445e+03	3.41903577434555e-04,-3.65747401490997e-02
8.79171006912318e+03	3.23487907063555e-04,-3.63223930397699e-02
8.85286124859312e+03	3.05325391973486e-04,-3.60717726411287e-02
8.91443776815290e+03	2.87412569050543e-04,-3.58228672903488e-02
8.97644258627679e+03	2.69746022419009e-04,-3.55756653992573e-02
9.03887868201690e+03	2.52322382805160e-04,-3.53301554539370e-02
9.10174905514628e+03	2.35138326909575e-04,-3.50863260143291e-02
9.16505672630304e+03	2.18190576787740e-04,-3.48441657138346e-02
9.22880473713551e+03	2.01475899238840e-04,-3.46036632589181e-02
9.29299615044834e+03	1.84991105202645e-04,-3.43648074287105e-02
9.35763405034968e+03	1.68733049164382e-04,-3.41275870746133e-02
9.42272154239935e+03	1.52698628567488e-04,-3.38919911199024e-02
9.48826175375803e+03	1.36884783234145e-04,-3.36580085593340e-02
9.55425783333754e+03	1.21288494793520e-04,-3.34256284587493e-02
9.62071295195212e+03	1.05906786117573e-04,-3.31948399546818e-02
9.68763030247075e+03	9.07367207643715e-05,-3.29656322539634e-02
9.75501309997057e+03	7.57754024287933e-05,-3.27379946333331e-02
9.82286458189136e+03	6.10199744005445e-05,-3.25119164390452e-02
9.89118800819108e+03	4.64676190293791e-05,-3.22873870864784e-02
9.95998666150247e+03	3.21155571974406e-05,-3.20643960597469e-02
1.00292638472908e+04	1.79610477986278e-05,-3.18429329113107e-02
1.00990228940127e+04	4.00138722490904e-06,-3.16229872615884e-02
1.01692671532759e+04	-9.76609114052896e-06,-3.14045487985698e-02
1.02400000000007e+04	-2.33440174233590e-05,-3.11876072774300e-02
1.03112248325815e+04	-3.67349857515230e-05,-3.09721525201443e-02
1.03829450730506e+04	-4.99415547420518e-05,-3.07581744151047e-02
1.04551641672424e+04	-6.29662479813733e-05,-3.05456629167363e-02
1.05278855849588e+04	-7.58115544992113e-05,-3.03346080451159e-02
1.06011128201364e+04	-8.84799292361384e-05,-3.01249998855911e-02
1.06748493910138e+04	-1.00973793504874e-04,-2.99168285884010e-02
1.07490988403009e+04	-1.13295535445405e-04,-2.97100843682971e-02
1.08238647353493e+04	-1.25447510474014e-04,-2.95047575041667e-02
1.08991506683231e+04	-1.37432041726286e-04,-2.93008383386563e-02
1.09749602563724e+04	-1.49251420494179e-04,-2.90983172777971e-02
1.10512971418061e+04	-1.60907906657229e-04,-2.88971847906308e-02
1.11281649922676e+04	-1.72403729107966e-04,-2.86974314088379e-02
1.12055675009107e+04	-1.83741086171624e-04,-2.84990477263661e-02
1.12835083865773e+04	-1.94922146020212e-04,-2.83020243990604e-02
1.13619913939755e+04	-2.05949047081008e-04,-2.81063521442949e-02
1.14410202938603e+04	-2.16823898439587e-04,-2.79120217406052e-02
1.15205988832142e+04	-2.27548780237395e-04,-2.77190240273230e-02
1.16007309854298e+04	-2.38125744064000e-04,-2.75273499042108e-02
1.16814204504935e+04	-2.48556813344045e-04,-2.73369903310995e-02
1.17626711551704e+04	-2.58843983719000e-04,-2.71479363275261e-02
1.18444870031910e+04	-2.68989223423759e-04,-2.69601789723737e-02
1.19268719254378e+04	-2.78994473658168e-04,-2.67737094035121e-02
1.20098298801353e+04	-2.88861648953544e-04,-2.65885188174403e-02
1.20933648530392e+04	-2.98592637534234e-04,-2.64045984689307e-02
1.21774808576287e+04	-3.08189301674317e-04,-2.62219396706739e-02
1.22621819352987e+04	-3.17653478049461e-04,-2.60405337929258e-02
1.23474721555542e+04	-3.26986978084052e-04,-2.58603722631557e-02
1.24333556162061e+04	-3.36191588293615e-04,-2.56814465656959e-02
1.25198364435677e+04	-3.45269070622609e-04,-2.55037482413929e-02
1.26069187926528e+04	-3.54221162777655e-04,-2.53272688872601e-02
1.26946068473761e+04	-3.63049578556252e-04,-2.51520001561319e-02
1.27829048207534e+04	-3.71756008171044e-04,-2.49779337563194e-02
1.28718169551044e+04	-3.80342118569690e-04,-2.48050614512675e-02
1.29613475222566e+04	-3.88809553750407e-04,-2.46333750592134e-02
1.30515008237502e+04	-3.97159935073234e-04,-2.44628664528474e-02
1.31422811910451e+04	-4.05394861567068e-04,-2.42935275589740e-02
1.32336929857288e+04	-4.13515910232543e-04,-2.41253503581756e-02
1.33257405997263e+04	-4.21524636340797e-04,-2.39583268844770e-02
1.34184284555106e+04	-4.29422573728171e-04,-2.37924492250123e-02
1.35117610063154e+04	-4.37211235086927e-04,-2.36277095196922e-02
1.36057427363492e+04	-4.44892112251990e-04,-2.34640999608740e-02
1.37003781610108e+04	-4.52466676483811e-04,-2.33016127930325e-02
1.37956718271056e+04	-4.59936378747377e-04,-2.31402403124326e-02
1.38916283130651e+04	-4.67302649987419e-04,-2.29799748668033e-02
1.39882522291660e+04	-4.74566901399881e-04,-2.28208088550142e-02
1.40855482177520e+04	-4.81730524699691e-04,-2.26627347267520e-02
1.41835209534569e+04	-4.88794892384883e-04,-2.25057449821999e-02
1.42821751434292e+04	-4.95761357997119e-04,-2.23498321717181e-02
1.43815155275581e+04	-5.02631256378661e-04,-2.21949888955258e-02
1.44815468787015e+04	-5.09405903925835e-04,-2.20412078033851e-02
1.45822740029151e+04	-5.16086598839041e-04,-2.18884815942860e-02
1.46837017396831e+04	-5.22674621369343e-04,-2.17368030161334e-02
1.47858349621514e+04	-5.29171234061699e-04,-2.15861648654358e-02
1.48886785773610e+04	-5.35577681994863e-04,-2.14365599869949e-02
1.49922375264843e+04	-5.41895193018009e-04,-2.12879812735976e-02
1.50965167850620e+04	-5.48124977984121e-04,-2.11404216657092e-02
1.52015213632425e+04	-5.54268230980187e-04,-2.09938741511683e-02
1.53072563060229e+04	-5.60326129554244e-04,-2.08483317648828e-02
1.54137266934904e+04	-5.66299834939315e-04,-2.07037875885286e-02
1.55209376410676e+04	-5.72190492274281e-04,-2.05602347502486e-02
1.56288942997572e+04	-5.77999230821718e-04,-2.04176664243544e-02
1.57376018563904e+04	-5.83727164182755e-04,-2.02760758310288e-02
1.58470655338752e+04	-5.89375390508985e-04,-2.01354562360301e-02
1.59572905914482e+04	-5.94944992711460e-04,-1.99958009503985e-02
1.60682823249266e+04	-6.00437038666827e-04,-1.98571033301633e-02
1.61800460669631e+04	-6.05852581420628e-04,-1.97193567760520e-02
1.62925871873019e+04	-6.11192659387800e-04,-1.95825547332013e-02
1.64059110930366e+04	-6.16458296550436e-04,-1.94466906908694e-02
1.65200232288703e+04	-6.21650502652803e-04,-1.93117581821497e-02
1.66349290773769e+04	-6.26770273393698e-04,-1.91777507836861e-02
1.67506341592646e+04	-6.31818590616141e-04,-1.90446621153907e-02
1.68671440336411e+04	-6.36796422494459e-04,-1.89124858401617e-02
1.69844642982810e+04	-6.41704723718797e-04,-1.87812156636039e-02
1.71026005898942e+04	-6.46544435677078e-04,-1.86508453337505e-02
1.72215585843973e+04	-6.51316486634458e-04,-1.85213686407863e-02
1.73413439971858e+04	-6.56021791910298e-04,-1.83927794167726e-02
1.74619625834090e+04	-6.60661254052700e-04,-1.82650715353735e-02
1.75834201382465e+04	-6.65235763010626e-04,-1.81382389115841e-02
1.77057224971864e+04	-6.69746196303639e-04,-1.80122755014599e-02
1.78288755363059e+04	-6.74193419189300e-04,-1.78871753018479e-02
1.79528851725537e+04	-6.78578284828239e-04,-1.77629323501189e-02
1.80777573640339e+04	-6.82901634446953e-04,-1.76395407239025e-02
1.82034981102927e+04	-6.87164297498336e-04,-1.75169945408216e-02
1.83301134526062e+04	-6.91367091819994e-04,-1.73952879582308e-02
1.84576094742712e+04	-6.95510823790361e-04,-1.72744151729541e-02
1.85859923008968e+04	-6.99596288482644e-04,-1.71543704210261e-02
1.87152681006995e+04	-7.03624269816634e-04,-1.70351479774329e-02
1.88454430847988e+04	-7.07595540708409e-04,-1.69167421558561e-02
1.89765235075162e+04	-7.11510863217956e-04,-1.67991473084171e-02
1.91085156666752e+04	-7.15370988694733e-04,-1.66823578254237e-02
1.92414259039044e+04	-7.19176657921210e-04,-1.65663681351180e-02
1.93752606049416e+04	-7.22928601254414e-04,-1.64511727034252e-02
1.95100261999413e+04	-7.26627538765490e-04,-1.63367660337049e-02
1.96457291637829e+04	-7.30274180377327e-04,-1.62231426665032e-02
1.97823760163823e+04	-7.33869226000257e-04,-1.61102971793062e-02
1.99199733230051e+04	-7.37413365665860e-04,-1.59982241862958e-02
2.00585276945817e+04	-7.40907279658897e-04,-1.58869183381057e-02
2.01980457880255e+04	-7.44351638647400e-04,-1.57763743215803e-02
2.03385343065520e+04	-7.47747103810944e-04,-1.56665868595336e-02
2.04800000000015e+04	-7.51094326967117e-04,-1.55575507105108e-02
2.06224496651631e+04	-7.54393950696215e-04,-1.54492606685506e-02
2.07658901461013e+04	-7.57646608464201e-04,-1.53417115629493e-02
2.09103283344849e+04	-7.60852924743919e-04,-1.52348982580261e-02
2.10557711699178e+04	-7.64013515134624e-04,-1.51288156528898e-02
2.12022256402730e+04	-7.67128986479814e-04,-1.50234586812075e-02
2.13496987820278e+04	-7.70199936983416e-04,-1.49188223109740e-02
2.14981976806020e+04	-7.73226956324335e-04,-1.48149015442828e-02
2.16477294706987e+04	-7.76210625769376e-04,-1.47116914170989e-02
2.17983013366464e+04	-7.79151518284590e-04,-1.46091869990326e-02
2.19499205127449e+04	-7.82050198645034e-04,-1.45073833931148e-02
2.21025942836123e+04	-7.84907223542989e-04,-1.44062757355738e-02
2.22563299845353e+04	-7.87723141694639e-04,-1.43058591956135e-02
2.24111350018216e+04	-7.90498493945250e-04,-1.42061289751926e-02
2.25670167731547e+04	-7.93233813372845e-04,-1.41070803088057e-02
2.27239827879512e+04	-7.95929625390423e-04,-1.40087084632655e-02
2.28820405877208e+04	-7.98586447846712e-04,-1.39110087374867e-02
2.30411977664286e+04	-8.01204791125502e-04,-1.38139764622702e-02
2.32014619708597e+04	-8.03785158243556e-04,-1.37176070000904e-02
2.33628409009871e+04	-8.06328044947134e-04,-1.36218957448822e-02
2.35253423103411e+04	-8.08833939807132e-04,-1.35268381218303e-02
2.36889740063821e+04	-8.11303324312873e-04,-1.34324295871595e-02
2.38537438508758e+04	-8.13736672964549e-04,-1.33386656279264e-02
2.40196597602707e+04	-8.16134453364344e-04,-1.32455417618126e-02
2.41867297060786e+04	-8.18497126306257e-04,-1.31530535369185e-02
2.43549617152576e+04	-8.20825145864627e-04,-1.30611965315598e-02
2.45243638705975e+04	-8.23118959481397e-04,-1.29699663540637e-02
2.46949443111087e+04	-8.25379008052118e-04,-1.28793586425677e-02
2.48667112324125e+04	-8.27605726010718e-04,-1.27893690648187e-02
2.50396728871355e+04	-8.29799541413050e-04,-1.26999933179743e-02
2.52138375853058e+04	-8.31960876019231e-04,-1.26112271284047e-02
2.53892136947524e+04	-8.34090145374798e-04,-1.25230662514963e-02
2.55658096415070e+04	-8.36187758890687e-04,-1.24355064714562e-02
2.57436339102090e+04	-8.38254119922054e-04,-1.23485436011183e-02
2.59226950445133e+04	-8.40289625845951e-04,-1.22621734817504e-02
2.61030016475005e+04	-8.42294668137878e-04,-1.21763919828630e-02
2.62845623820903e+04	-8.44269632447220e-04,-1.20911950020187e-02
2.64673859714579e+04	-8.46214898671587e-04,-1.20065784646433e-02
2.66514811994529e+04	-8.48130841030065e-04,-1.19225383238383e-02
2.68368569110214e+04	-8.50017828135405e-04,-1.18390705601938e-02
2.70235220126310e+04	-8.51876223065150e-04,-1.17561711816038e-02
2.72114854726987e+04	-8.53706383431724e-04,-1.16738362230818e-02
2.74007563220217e+04	-8.55508661451486e-04,-1.15920617465777e-02
2.75913436542115e+04	-8.57283404012782e-04,-1.15108438407968e-02
2.77832566261305e+04	-8.59030952742982e-04,-1.14301786210187e-02
2.79765044583322e+04	-8.60751644074537e-04,-1.13500622289185e-02
2.81710964355041e+04	-8.62445809310059e-04,-1.12704908323885e-02
2.83670419069139e+04	-8.64113774686437e-04,-1.11914606253614e-02
2.85643502868585e+04	-8.65755861438001e-04,-1.11129678276347e-02
2.87630310551164e+04	-8.67372385858760e-04,-1.10350086846960e-02
2.89630937574032e+04	-8.68963659363696e-04,-1.09575794675500e-02
2.91645480058303e+04	-8.70529988549162e-04,-1.08806764725460e-02
2.93674034793664e+04	-8.72071675252372e-04,-1.08042960212071e-02
2.95716699243030e+04	-8.73589016609999e-04,-1.07284344600602e-02
2.97773571547223e+04	-8.75082305115901e-04,-1.06530881604677e-02
2.99844750529688e+04	-8.76551828677979e-04,-1.05782535184595e-02
3.01930335701241e+04	-8.77997870674177e-04,-1.05039269545667e-02
3.04030427264853e+04	-8.79420710007646e-04,-1.04301049136565e-02
3.06145126120459e+04	-8.80820621161065e-04,-1.03567838647680e-02
3.08274533869811e+04	-8.82197874250153e-04,-1.02839603009491e-02
3.10418752821354e+04	-8.83552735076360e-04,-1.02116307390948e-02
3.12577885995147e+04	-8.84885465178761e-04,-1.01397917197859e-02
3.14752037127810e+04	-8.86196321885166e-04,-1.00684398071302e-02
3.16941310677506e+04	-8.87485558362442e-04,-9.99757158860326e-03
3.19145811828966e+04	-8.88753423666072e-04,-9.92718367489097e-03
3.21365646498535e+04	-8.90000162788954e-04,-9.85727269973350e-03
3.23600921339265e+04	-8.91226016709454e-04,-9.78783531976983e-03
3.25851743746041e+04	-8.92431222438710e-04,-9.71886821438351e-03
3.28118221860735e+04	-8.93616013067223e-04,-9.65036808554965e-03
3.30400464577409e+04	-8.94780617810713e-04,-9.58233165768278e-03
3.32698581547541e+04	-8.95925262055276e-04,-9.51475567748593e-03
3.35012683185294e+04	-8.97050167401836e-04,-9.44763691380070e-03
3.37342880672825e+04	-8.98155551709905e-04,-9.38097215745838e-03
3.39689285965622e+04	-8.99241629140667e-04,-9.31475822113221e-03
3.42052011797887e+04	-9.00308610199376e-04,-9.24899193919057e-03
3.44431171687949e+04	-9.01356701777110e-04,-9.18367016755130e-03
3.46826879943719e+04	-9.02386107191849e-04,-9.11878978353706e-03
3.49239251668183e+04	-9.03397026228923e-04,-9.05434768573166e-03
3.51668402764932e+04	-9.04389655180816e-04,-8.99034079383751e-03
3.54114449943730e+04	-9.05364186886336e-04,-8.92676604853400e-03
3.56577510726121e+04	-9.06320810769175e-04,-8.86362041133700e-03
3.59057703451077e+04	-9.07259712875849e-04,-8.80090086445932e-03
3.61555147280681e+04	-9.08181075913041e-04,-8.73860441067216e-03
3.64069962205857e+04	-9.09085079284337e-04,-8.67672807316767e-03
3.66602269052127e+04	-9.09971899126389e-04,-8.61526889542239e-03
3.69152189485426e+04	-9.10841708344490e-04,-8.55422394106178e-03
3.71719846017939e+04	-9.11694676647578e-04,-8.49359029372570e-03
3.74305362013993e+04	-9.12530970582678e-04,-8.43336505693493e-03
3.76908861695980e+04	-9.13350753568790e-04,-8.37354535395861e-03
3.79530470150327e+04	-9.14154185930226e-04,-8.31412832768271e-03
3.82170313333507e+04	-9.14941424929407e-04,-8.25511114047948e-03
3.84828518078091e+04	-9.15712624799132e-04,-8.19649097407787e-03
3.87505212098836e+04	-9.16467936774313e-04,-8.13826502943488e-03
3.90200523998829e+04	-9.17207509123203e-04,-8.08043052660796e-03
3.92914583275660e+04	-9.17931487178104e-04,-8.02298470462832e-03
3.95647520327649e+04	-9.18640013365580e-04,-7.96592482137517e-03
3.98399466460105e+04	-9.19333227236165e-04,-7.90924815345100e-03
4.01170553891638e+04	-9.20011265493593e-04,-7.85295199605774e-03
4.03960915760513e+04	-9.20674262023542e-04,-7.79703366287391e-03
4.06770686131043e+04	-9.21322347921899e-04,-7.74149048593271e-03
4.09600000000034e+04	-9.21955651522564e-04,-7.68631981550098e-03
4.12448993303266e+04	-9.22574298424796e-04,-7.63151901995924e-03
4.15317802922030e+04	-9.23178411520096e-04,-7.57708548568253e-03
4.18206566689701e+04	-9.23768111018651e-04,-7.52301661692225e-03
4.21115423398359e+04	-9.24343514475339e-04,-7.46930983568890e-03
4.24044512805463e+04	-9.24904736815298e-04,-7.41596258163577e-03
4.26993975640559e+04	-9.25451890359068e-04,-7.36297231194352e-03
4.29963953612044e+04	-9.25985084847320e-04,-7.31033650120569e-03
4.32954589413977e+04	-9.26504427465164e-04,-7.25805264131510e-03
4.35966026732932e+04	-9.27010022866059e-04,-7.20611824135124e-03
4.38998410254902e+04	-9.27501973195321e-04,-7.15453082746847e-03
4.41000000000000e+04	-9.27817469124048e-04,-7.12086172161849e-03
