Freq.	V(vout)
2.00000000000000e+01	7.16390222888481e-02,-2.59677572265623e-01
2.01391110011344e+01	7.07106336750115e-02,-2.58141693950353e-01
2.02791895958006e+01	6.97932060072381e-02,-2.56611619181559e-01
2.04202425141439e+01	6.88866329138872e-02,-2.55087391089500e-01
2.05622765331213e+01	6.79908084641302e-02,-2.53569051264845e-01
2.07052984768276e+01	6.71056271829449e-02,-2.52056639781485e-01
2.08493152168224e+01	6.62309840655613e-02,-2.50550195219286e-01
2.09943336724614e+01	6.53667745913705e-02,-2.49049754686767e-01
2.11403608112276e+01	6.45128947373051e-02,-2.47555353843699e-01
2.12874036490672e+01	6.36692409907013e-02,-2.46067026923616e-01
2.14354692507259e+01	6.28357103616512e-02,-2.44584806756229e-01
2.15845647300886e+01	6.20122003948560e-02,-2.43108724789737e-01
2.17346972505212e+01	6.11986091809883e-02,-2.41638811113025e-01
2.18858740252148e+01	6.03948353675745e-02,-2.40175094477743e-01
2.20381023175322e+01	5.96007781694051e-02,-2.38717602320266e-01
2.21913894413569e+01	5.88163373784836e-02,-2.37266360783514e-01
2.23457427614444e+01	5.80414133735225e-02,-2.35821394738641e-01
2.25011696937762e+01	5.72759071289959e-02,-2.34382727806580e-01
2.26576777059160e+01	5.65197202237591e-02,-2.32950382379434e-01
2.28152743173685e+01	5.57727548492419e-02,-2.31524379641724e-01
2.29739670999407e+01	5.50349138172274e-02,-2.30104739591465e-01
2.31337636781058e+01	5.43061005672242e-02,-2.28691481061090e-01
2.32946717293691e+01	5.35862191734407e-02,-2.27284621738203e-01
2.34566989846376e+01	5.28751743513704e-02,-2.25884178186152e-01
2.36198532285906e+01	5.21728714639990e-02,-2.24490165864441e-01
2.37841423000545e+01	5.14792165276388e-02,-2.23102599148948e-01
2.39495740923786e+01	5.07941162174021e-02,-2.21721491351970e-01
2.41161565538152e+01	5.01174778723203e-02,-2.20346854742080e-01
2.42838976879010e+01	4.94492095001183e-02,-2.18978700563787e-01
2.44528055538414e+01	4.87892197816519e-02,-2.17617039057017e-01
2.46228882668984e+01	4.81374180750169e-02,-2.16261879476387e-01
2.47941539987798e+01	4.74937144193386e-02,-2.14913230110294e-01
2.49666109780323e+01	4.68580195382481e-02,-2.13571098299794e-01
2.51402674904366e+01	4.62302448430561e-02,-2.12235490457284e-01
2.53151318794057e+01	4.56103024356292e-02,-2.10906412084988e-01
2.54912125463853e+01	4.49981051109790e-02,-2.09583867793226e-01
2.56685179512581e+01	4.43935663595702e-02,-2.08267861318487e-01
2.58470566127499e+01	4.37966003693557e-02,-2.06958395541290e-01
2.60268371088387e+01	4.32071220275464e-02,-2.05655472503835e-01
2.62078680771673e+01	4.26250469221228e-02,-2.04359093427455e-01
2.63901582154580e+01	4.20502913430953e-02,-2.03069258729842e-01
2.65737162819303e+01	4.14827722835220e-02,-2.01785968042074e-01
2.67585510957223e+01	4.09224074402882e-02,-2.00509220225426e-01
2.69446715373139e+01	4.03691152146574e-02,-1.99239013387972e-01
2.71320865489535e+01	3.98228147125990e-02,-1.97975344900969e-01
2.73208051350880e+01	3.92834257448989e-02,-1.96718211415034e-01
2.75108363627950e+01	3.87508688270618e-02,-1.95467608876109e-01
2.77021893622186e+01	3.82250651790091e-02,-1.94223532541209e-01
2.78948733270082e+01	3.77059367245802e-02,-1.92985976993963e-01
2.80888975147600e+01	3.71934060908432e-02,-1.91754936159937e-01
2.82842712474620e+01	3.66873966072211e-02,-1.90530403321755e-01
2.84810039119415e+01	3.61878323044391e-02,-1.89312371133998e-01
2.86791049603166e+01	3.56946379132989e-02,-1.88100831637901e-01
2.88785839104500e+01	3.52077388632872e-02,-1.86895776275837e-01
2.90794503464063e+01	3.47270612810213e-02,-1.85697195905590e-01
2.92817139189126e+01	3.42525319885404e-02,-1.84505080814427e-01
2.94853843458221e+01	3.37840785014452e-02,-1.83319420732953e-01
2.96904714125811e+01	3.33216290268939e-02,-1.82140204848767e-01
2.98969849726989e+01	3.28651124614568e-02,-1.80967421819911e-01
3.01049349482215e+01	3.24144583888377e-02,-1.79801059788115e-01
3.03143313302081e+01	3.19695970774645e-02,-1.78641106391835e-01
3.05251841792113e+01	3.15304594779551e-02,-1.77487548779098e-01
3.07375036257604e+01	3.10969772204640e-02,-1.76340373620138e-01
3.09512998708479e+01	3.06690826119122e-02,-1.75199567119841e-01
3.11665831864201e+01	3.02467086331074e-02,-1.74065115029983e-01
3.13833639158702e+01	2.98297889357572e-02,-1.72937002661280e-01
3.16016524745352e+01	2.94182578393805e-02,-1.71815214895242e-01
3.18214593501969e+01	2.90120503281210e-02,-1.70699736195831e-01
3.20427951035850e+01	2.86111020474670e-02,-1.69590550620929e-01
3.22656703688852e+01	2.82153493008822e-02,-1.68487641833616e-01
3.24900958542496e+01	2.78247290463503e-02,-1.67390993113262e-01
3.27160823423114e+01	2.74391788928380e-02,-1.66300587366430e-01
3.29436406907031e+01	2.70586370966806e-02,-1.65216407137595e-01
3.31727818325778e+01	2.66830425578924e-02,-1.64138434619680e-01
3.34035167771350e+01	2.63123348164074e-02,-1.63066651664411e-01
3.36358566101488e+01	2.59464540482526e-02,-1.62001039792492e-01
3.38698124945013e+01	2.55853410616568e-02,-1.60941580203605e-01
3.41053956707185e+01	2.52289372930998e-02,-1.59888253786229e-01
3.43426174575103e+01	2.48771848033047e-02,-1.58841041127293e-01
3.45814892523148e+01	2.45300262731745e-02,-1.57799922521647e-01
3.48220225318452e+01	2.41874049996803e-02,-1.56764877981375e-01
3.50642288526416e+01	2.38492648916989e-02,-1.55735887244924e-01
3.53081198516264e+01	2.35155504658072e-02,-1.54712929786087e-01
3.55537072466630e+01	2.31862068420335e-02,-1.53695984822802e-01
3.58010028371191e+01	2.28611797395695e-02,-1.52685031325801e-01
3.60500185044334e+01	2.25404154724456e-02,-1.51680048027096e-01
3.63007662126867e+01	2.22238609451717e-02,-1.50681013428301e-01
3.65532580091762e+01	2.19114636483466e-02,-1.49687905808806e-01
3.68075060249952e+01	2.16031716542384e-02,-1.48700703233792e-01
3.70635224756151e+01	2.12989336123367e-02,-1.47719383562092e-01
3.73213196614725e+01	2.09986987448825e-02,-1.46743924453902e-01
3.75809099685607e+01	2.07024168423734e-02,-1.45774303378348e-01
3.78423058690241e+01	2.04100382590509e-02,-1.44810497620900e-01
3.81055199217578e+01	2.01215139083675e-02,-1.43852484290645e-01
3.83705647730108e+01	1.98367952584398e-02,-1.42900240327414e-01
3.86374531569941e+01	1.95558343274866e-02,-1.41953742508772e-01
3.89061978964917e+01	1.92785836792546e-02,-1.41012967456867e-01
3.91768119034774e+01	1.90049964184349e-02,-1.40077891645143e-01
3.94493081797347e+01	1.87350261860708e-02,-1.39148491404913e-01
3.97236998174817e+01	1.84686271549580e-02,-1.38224742931809e-01
4.00000000000003e+01	1.82057540250414e-02,-1.37306622292088e-01
4.02782220022691e+01	1.79463620188075e-02,-1.36394105428821e-01
4.05583791916015e+01	1.76904068766751e-02,-1.35487168167944e-01
4.08404850282880e+01	1.74378448523866e-02,-1.34585786224194e-01
4.11245530662430e+01	1.71886327083994e-02,-1.33689935206909e-01
4.14105969536554e+01	1.69427277112810e-02,-1.32799590625715e-01
4.16986304336452e+01	1.67000876271078e-02,-1.31914727896094e-01
4.19886673449230e+01	1.64606707168687e-02,-1.31035322344824e-01
4.22807216224556e+01	1.62244357318766e-02,-1.30161349215314e-01
4.25748072981347e+01	1.59913419091865e-02,-1.29292783672818e-01
4.28709385014521e+01	1.57613489670238e-02,-1.28429600809536e-01
4.31691294601774e+01	1.55344171002220e-02,-1.27571775649607e-01
4.34693945010427e+01	1.53105069756721e-02,-1.26719283153992e-01
4.37717480504299e+01	1.50895797277848e-02,-1.25872098225245e-01
4.40762046350648e+01	1.48715969539650e-02,-1.25030195712188e-01
4.43827788827142e+01	1.46565207101020e-02,-1.24193550414471e-01
4.46914855228892e+01	1.44443135060740e-02,-1.23362137087035e-01
4.50023393875528e+01	1.42349383012699e-02,-1.22535930444476e-01
4.53153554118323e+01	1.40283585001269e-02,-1.21714905165305e-01
4.56305486347374e+01	1.38245379476872e-02,-1.20899035896118e-01
4.59479341998818e+01	1.36234409251729e-02,-1.20088297255659e-01
4.62675273562119e+01	1.34250321455806e-02,-1.19282663838799e-01
4.65893434587387e+01	1.32292767492959e-02,-1.18482110220420e-01
4.69133979692756e+01	1.30361402997295e-02,-1.17686610959204e-01
4.72397064571817e+01	1.28455887789739e-02,-1.16896140601338e-01
4.75682846001093e+01	1.26575885834836e-02,-1.16110673684125e-01
4.78991481847576e+01	1.24721065197768e-02,-1.15330184739514e-01
4.82323131076309e+01	1.22891098001618e-02,-1.14554648297546e-01
4.85677953758023e+01	1.21085660384863e-02,-1.13784038889709e-01
4.89056111076832e+01	1.19304432459118e-02,-1.13018331052216e-01
4.92457765337971e+01	1.17547098267128e-02,-1.12257499329209e-01
4.95883079975600e+01	1.15813345741017e-02,-1.11501518275868e-01
4.99332219560650e+01	1.14102866660789e-02,-1.10750362461459e-01
5.02805349808736e+01	1.12415356613102e-02,-1.10004006472294e-01
5.06302637588117e+01	1.10750514950300e-02,-1.09262424914624e-01
5.09824250927710e+01	1.09108044749725e-02,-1.08525592417454e-01
5.13370359025167e+01	1.07487652773291e-02,-1.07793483635283e-01
5.16941132255002e+01	1.05889049427351e-02,-1.07066073250784e-01
5.20536742176779e+01	1.04311948722832e-02,-1.06343335977403e-01
5.24157361543351e+01	1.02756068235659e-02,-1.05625246561896e-01
5.27803164309163e+01	1.01221129067466e-02,-1.04911779786795e-01
5.31474325638610e+01	9.97068558065952e-03,-1.04202910472816e-01
5.35171021914451e+01	9.82129764893834e-03,-1.03498613481190e-01
5.38893430746282e+01	9.67392225617489e-03,-1.02798863715945e-01
5.42641730979075e+01	9.52853288410678e-03,-1.02103636126112e-01
5.46416102701764e+01	9.38510334783491e-03,-1.01412905707883e-01
5.50216727255904e+01	9.24360779207091e-03,-1.00726647506700e-01
5.54043787244376e+01	9.10402068741452e-03,-1.00044836619288e-01
5.57897466540169e+01	8.96631682666106e-03,-9.93674481956343e-02
5.61777950295205e+01	8.83047132113927e-03,-9.86944574409043e-02
5.65685424949245e+01	8.69645959707942e-03,-9.80258396173094e-02
5.69620078238835e+01	8.56425739201188e-03,-9.73615700459158e-02
5.73582099206338e+01	8.43384075119622e-03,-9.67016241084023e-02
5.77571678209005e+01	8.30518602408091e-03,-9.60459772487655e-02
5.81589006928131e+01	8.17826986079360e-03,-9.53946049749738e-02
5.85634278378257e+01	8.05306920866207e-03,-9.47474828605721e-02
5.89707686916448e+01	7.92956130876595e-03,-9.41045865462366e-02
5.93809428251627e+01	7.80772369251903e-03,-9.34658917412824e-02
5.97939699453983e+01	7.68753417828238e-03,-9.28313742251230e-02
6.02098698964434e+01	7.56897086800813e-03,-9.22010098486853e-02
6.06286626604167e+01	7.45201214391388e-03,-9.15747745357776e-02
6.10503683584231e+01	7.33663666518789e-03,-9.09526442844146e-02
6.14750072515213e+01	7.22282336472481e-03,-9.03345951680985e-02
6.19025997416964e+01	7.11055144589197e-03,-8.97206033370580e-02
6.23331663728408e+01	6.99980037932628e-03,-8.91106450194452e-02
6.27667278317409e+01	6.89054989976149e-03,-8.85046965224926e-02
6.32033049490710e+01	6.78278000288595e-03,-8.79027342336292e-02
6.36429187003943e+01	6.67647094223058e-03,-8.73047346215584e-02
6.40855902071706e+01	6.57160322608711e-03,-8.67106742372972e-02
6.45313407377709e+01	6.46815761445653e-03,-8.61205297151783e-02
6.49801917084997e+01	6.36611511602744e-03,-8.55342777738156e-02
6.54321646846233e+01	6.26545698518447e-03,-8.49518952170331e-02
6.58872813814067e+01	6.16616471904638e-03,-8.43733589347598e-02
6.63455636651562e+01	6.06822005453403e-03,-8.37986459038898e-02
6.68070335542704e+01	5.97160496546779e-03,-8.32277331891084e-02
6.72717132202981e+01	5.87630165969449e-03,-8.26605979436862e-02
6.77396249890031e+01	5.78229257624361e-03,-8.20972174102400e-02
6.82107913414375e+01	5.68956038251276e-03,-8.15375689214633e-02
6.86852349150212e+01	5.59808797148208e-03,-8.09816299008254e-02
6.91629785046302e+01	5.50785845895759e-03,-8.04293778632405e-02
6.96440450636909e+01	5.41885518084332e-03,-7.98807904157073e-02
7.01284577052838e+01	5.33106169044189e-03,-7.93358452579202e-02
7.06162397032534e+01	5.24446175578366e-03,-7.87945201828519e-02
7.11074144933266e+01	5.15903935698401e-03,-7.82567930773089e-02
7.16020056742388e+01	5.07477868362880e-03,-7.77226419224598e-02
7.21000370088674e+01	4.99166413218768e-03,-7.71920447943374e-02
7.26015324253739e+01	4.90968030345520e-03,-7.66649798643153e-02
7.31065160183531e+01	4.82881200001946e-03,-7.61414253995589e-02
7.36150120499911e+01	4.74904422375810e-03,-7.56213597634526e-02
7.41270449512307e+01	4.67036217336161e-03,-7.51047614160024e-02
7.46426393229457e+01	4.59275124188356e-03,-7.45916089142153e-02
7.51618199371220e+01	4.51619701431771e-03,-7.40818809124559e-02
7.56846117380488e+01	4.44068526520171e-03,-7.35755561627808e-02
7.62110398435161e+01	4.36620195624738e-03,-7.30726135152504e-02
7.67411295460223e+01	4.29273323399706e-03,-7.25730319182205e-02
7.72749063139888e+01	4.22026542750621e-03,-7.20767904186122e-02
7.78123957929840e+01	4.14878504605180e-03,-7.15838681621623e-02
7.83536238069553e+01	4.07827877686632e-03,-7.10942443936527e-02
7.88986163594699e+01	4.00873348289736e-03,-7.06078984571217e-02
7.94473996349641e+01	3.94013620059239e-03,-7.01248097960557e-02
8.00000000000012e+01	3.87247413770868e-03,-6.96449579535623e-02
8.05564440045387e+01	3.80573467114801e-03,-6.91683225725264e-02
8.11167583832036e+01	3.73990534481609e-03,-6.86948833957474e-02
8.16809700565767e+01	3.67497386750645e-03,-6.82246202660601e-02
8.22491061324866e+01	3.61092811080857e-03,-6.77575131264392e-02
8.28211939073115e+01	3.54775610704006e-03,-6.72935420200863e-02
8.33972608672910e+01	3.48544604720267e-03,-6.68326870905026e-02
8.39773346898467e+01	3.42398627896200e-03,-6.63749285815448e-02
8.45614432449118e+01	3.36336530465056e-03,-6.59202468374665e-02
8.51496145962701e+01	3.30357177929412e-03,-6.54686223029448e-02
8.57418770029048e+01	3.24459450866105e-03,-6.50200355230929e-02
8.63382589203556e+01	3.18642244733449e-03,-6.45744671434577e-02
8.69387890020860e+01	3.12904469680708e-03,-6.41318979100055e-02
8.75434961008606e+01	3.07245050359817e-03,-6.36923086690926e-02
8.81524092701303e+01	3.01662925739312e-03,-6.32556803674241e-02
8.87655577654290e+01	2.96157048920469e-03,-6.28219940520001e-02
8.93829710457790e+01	2.90726386955611e-03,-6.23912308700493e-02
9.00046787751062e+01	2.85369920668581e-03,-6.19633720689507e-02
9.06307108236654e+01	2.80086644477342e-03,-6.15383989961439e-02
9.12610972694754e+01	2.74875566218705e-03,-6.11162930990283e-02
9.18958683997643e+01	2.69735706975141e-03,-6.06970359248508e-02
9.25350547124245e+01	2.64666100903678e-03,-6.02806091205832e-02
9.31786869174780e+01	2.59665795066846e-03,-5.98669944327892e-02
9.38267959385519e+01	2.54733849265658e-03,-5.94561737074810e-02
9.44794129143640e+01	2.49869335874610e-03,-5.90481288899667e-02
9.51365692002193e+01	2.45071339678670e-03,-5.86428420246875e-02
9.57982963695159e+01	2.40338957712242e-03,-5.82402952550460e-02
9.64646262152625e+01	2.35671299100091e-03,-5.78404708232255e-02
9.71355907516054e+01	2.31067484900187e-03,-5.74433510700004e-02
9.78112222153672e+01	2.26526647948484e-03,-5.70489184345380e-02
9.84915530675950e+01	2.22047932705576e-03,-5.66571554541928e-02
9.91766159951206e+01	2.17630495105237e-03,-5.62680447642916e-02
9.98664439121307e+01	2.13273502404818e-03,-5.58815690979120e-02
1.00561069961748e+02	2.08976133037474e-03,-5.54977112856526e-02
1.01260527517624e+02	2.04737576466213e-03,-5.51164542553961e-02
1.01964850185543e+02	2.00557033039742e-03,-5.47377810320656e-02
1.02674071805034e+02	1.96433713850091e-03,-5.43616747373739e-02
1.03388226451001e+02	1.92366840591992e-03,-5.39881185895656e-02
1.04107348435357e+02	1.88355645424013e-03,-5.36170959031539e-02
1.04831472308671e+02	1.84399370831397e-03,-5.32485900886500e-02
1.05560632861833e+02	1.80497269490616e-03,-5.28825846522874e-02
1.06294865127723e+02	1.76648604135604e-03,-5.25190631957393e-02
1.07034204382891e+02	1.72852647425662e-03,-5.21580094158321e-02
1.07778686149257e+02	1.69108681815007e-03,-5.17994071042512e-02
1.08528346195816e+02	1.65415999423955e-03,-5.14432401472434e-02
1.09283220540354e+02	1.61773901911710e-03,-5.10894925253134e-02
1.10043345451182e+02	1.58181700350756e-03,-5.07381483129151e-02
1.10808757448876e+02	1.54638715102819e-03,-5.03891916781391e-02
1.11579493308035e+02	1.51144275696391e-03,-5.00426068823945e-02
1.12355590059042e+02	1.47697720705797e-03,-4.96983782800872e-02
1.13137084989850e+02	1.44298397631783e-03,-4.93564903182935e-02
1.13924015647768e+02	1.40945662783612e-03,-4.90169275364295e-02
1.14716419841268e+02	1.37638881162653e-03,-4.86796745659169e-02
1.15514335641802e+02	1.34377426347440e-03,-4.83447161298451e-02
1.16317801385627e+02	1.31160680380188e-03,-4.80120370426288e-02
1.17126855675652e+02	1.27988033654751e-03,-4.76816222096630e-02
1.17941537383290e+02	1.24858884806000e-03,-4.73534566269747e-02
1.18761885650326e+02	1.21772640600609e-03,-4.70275253808702e-02
1.19587939890797e+02	1.18728715829233e-03,-4.67038136475808e-02
1.20419739792888e+02	1.15726533200060e-03,-4.63823066929046e-02
1.21257325320834e+02	1.12765523233720e-03,-4.60629898718455e-02
1.22100736716847e+02	1.09845124159539e-03,-4.57458486282501e-02
1.22950014503043e+02	1.06964781813119e-03,-4.54308684944412e-02
1.23805199483394e+02	1.04123949535229e-03,-4.51180350908494e-02
1.24666332745682e+02	1.01322088071995e-03,-4.48073341256424e-02
1.25533455663483e+02	9.85586654763664e-04,-4.44987513943513e-02
1.26406609898143e+02	9.58331570108542e-04,-4.41922727794958e-02
1.27285837400790e+02	9.31450450515141e-04,-4.38878842502068e-02
1.28171180414342e+02	9.04938189931700e-04,-4.35855718618467e-02
1.29062681475543e+02	8.78789751558574e-04,-4.32853217556290e-02
1.29960383417000e+02	8.53000166924734e-04,-4.29871201582352e-02
1.30864329369248e+02	8.27564534976203e-04,-4.26909533814302e-02
1.31774562762814e+02	8.02478021176259e-04,-4.23968078216770e-02
1.32691127330313e+02	7.77735856617295e-04,-4.21046699597488e-02
1.33614067108542e+02	7.53333337144168e-04,-4.18145263603405e-02
1.34543426440597e+02	7.29265822488917e-04,-4.15263636716790e-02
1.35479249978007e+02	7.05528735416709e-04,-4.12401686251319e-02
1.36421582682876e+02	6.82117560882868e-04,-4.09559280348155e-02
1.37370469830043e+02	6.59027845200863e-04,-4.06736287972015e-02
1.38325957009261e+02	6.36255195221125e-04,-4.03932578907231e-02
1.39288090127383e+02	6.13795277520540e-04,-4.01148023753801e-02
1.40256915410569e+02	5.91643817602523e-04,-3.98382493923433e-02
1.41232479406508e+02	5.69796599107503e-04,-3.95635861635579e-02
1.42214828986654e+02	5.48249463033731e-04,-3.92907999913472e-02
1.43204011348479e+02	5.26998306968251e-04,-3.90198782580144e-02
1.44200074017736e+02	5.06039084327937e-04,-3.87508084254453e-02
1.45203064850749e+02	4.85367803610450e-04,-3.84835780347096e-02
1.46213032036707e+02	4.64980527655004e-04,-3.82181747056624e-02
1.47230024099983e+02	4.44873372912824e-04,-3.79545861365452e-02
1.48254089902463e+02	4.25042508727164e-04,-3.76928001035868e-02
1.49285278645892e+02	4.05484156622778e-04,-3.74328044606041e-02
1.50323639874245e+02	3.86194589604713e-04,-3.71745871386025e-02
1.51369223476099e+02	3.67170131466333e-04,-3.69181361453768e-02
1.52422079687033e+02	3.48407156106429e-04,-3.66634395651116e-02
1.53482259092046e+02	3.29902086855317e-04,-3.64104855579822e-02
1.54549812627979e+02	3.11651395809824e-04,-3.61592623597551e-02
1.55624791585969e+02	2.93651603177025e-04,-3.59097582813894e-02
1.56707247613912e+02	2.75899276626635e-04,-3.56619617086381e-02
1.57797232718941e+02	2.58391030651958e-04,-3.54158611016491e-02
1.58894799269929e+02	2.41123525939261e-04,-3.51714449945676e-02
1.60000000000004e+02	2.24093468745493e-04,-3.49287019951384e-02
1.61112888009079e+02	2.07297610284219e-04,-3.46876207843082e-02
1.62233516766408e+02	1.90732746119695e-04,-3.44481901158290e-02
1.63361940113155e+02	1.74395715568945e-04,-3.42103988158616e-02
1.64498212264974e+02	1.58283401111777e-04,-3.39742357825801e-02
1.65642387814624e+02	1.42392727808605e-04,-3.37396899857765e-02
1.66794521734583e+02	1.26720662726004e-04,-3.35067504664661e-02
1.67954669379695e+02	1.11264214369878e-04,-3.32754063364937e-02
1.69122886489825e+02	9.60204321261619e-05,-3.30456467781403e-02
1.70299229192542e+02	8.09864057089518e-05,-3.28174610437310e-02
1.71483754005811e+02	6.61592646159712e-05,-3.25908384552428e-02
1.72676517840712e+02	5.15361775912816e-05,-3.23657684039142e-02
1.73877578004173e+02	3.71143520951453e-05,-3.21422403498547e-02
1.75086992201722e+02	2.28910337809419e-05,-3.19202438216564e-02
1.76304818540262e+02	8.86350597906118e-06,-3.16997684160049e-02
1.77531115530859e+02	-4.97091081232788e-06,-3.14808037972926e-02
1.78765942091559e+02	-1.86148594297155e-05,-3.12633396972320e-02
1.80009357550214e+02	-3.20709465399864e-05,-3.10473659144708e-02
1.81261421647332e+02	-4.53417431295272e-05,-3.08328723142069e-02
1.82522194538952e+02	-5.84297849868151e-05,-3.06198488278059e-02
1.83791736799530e+02	-7.13375731785407e-05,-3.04082854524180e-02
1.85070109424850e+02	-8.40675745193765e-05,-3.01981722505976e-02
1.86357373834957e+02	-9.66222220354508e-05,-2.99894993499231e-02
1.87653591877105e+02	-1.09003915421624e-04,-2.97822569426178e-02
1.88958825828729e+02	-1.21215021492635e-04,-2.95764352851725e-02
1.90273138400440e+02	-1.33257874628212e-04,-2.93720246979686e-02
1.91596592739033e+02	-1.45134777212205e-04,-2.91690155649034e-02
1.92929252430526e+02	-1.56848000065837e-04,-2.89673983330153e-02
1.94271181503212e+02	-1.68399782875137e-04,-2.87671635121114e-02
1.95622444430736e+02	-1.79792334612640e-04,-2.85683016743959e-02
1.96983106135191e+02	-1.91027833953417e-04,-2.83708034540997e-02
1.98353231990243e+02	-2.02108429685517e-04,-2.81746595471112e-02
1.99732887824263e+02	-2.13036241114897e-04,-2.79798607106090e-02
2.01122139923497e+02	-2.23813358464898e-04,-2.77863977626952e-02
2.02521055035250e+02	-2.34441843270345e-04,-2.75942615820309e-02
2.03929700371087e+02	-2.44923728766355e-04,-2.74034431074716e-02
2.05348143610070e+02	-2.55261020271891e-04,-2.72139333377060e-02
2.06776452902004e+02	-2.65455695568164e-04,-2.70257233308944e-02
2.08214696870715e+02	-2.75509705271919e-04,-2.68388042043093e-02
2.09662944617343e+02	-2.85424973203705e-04,-2.66531671339778e-02
2.11121265723668e+02	-2.95203396751157e-04,-2.64688033543242e-02
2.12589730255447e+02	-3.04846847227396e-04,-2.62857041578154e-02
2.14068408765783e+02	-3.14357170224567e-04,-2.61038608946069e-02
2.15557372298516e+02	-3.23736185962622e-04,-2.59232649721903e-02
2.17056692391633e+02	-3.32985689633375e-04,-2.57439078550430e-02
2.18566441080709e+02	-3.42107451739913e-04,-2.55657810642781e-02
2.20086690902365e+02	-3.51103218431413e-04,-2.53888761772973e-02
2.21617514897754e+02	-3.59974711833430e-04,-2.52131848274439e-02
2.23158986616071e+02	-3.68723630373714e-04,-2.50386987036581e-02
2.24711180118085e+02	-3.77351649103612e-04,-2.48654095501340e-02
2.26274169979701e+02	-3.85860420015119e-04,-2.46933091659772e-02
2.27848031295537e+02	-3.94251572353631e-04,-2.45223894048648e-02
2.29432839682538e+02	-4.02526712926455e-04,-2.43526421747066e-02
2.31028671283605e+02	-4.10687426407139e-04,-2.41840594373077e-02
2.32635602771256e+02	-4.18735275635662e-04,-2.40166332080329e-02
2.34253711351306e+02	-4.26671801914564e-04,-2.38503555554726e-02
2.35883074766582e+02	-4.34498525301039e-04,-2.36852186011101e-02
2.37523771300654e+02	-4.42216944895068e-04,-2.35212145189904e-02
2.39175879781596e+02	-4.49828539123633e-04,-2.33583355353912e-02
2.40839479585777e+02	-4.57334766021065e-04,-2.31965739284945e-02
2.42514650641670e+02	-4.64737063505583e-04,-2.30359220280605e-02
2.44201473433696e+02	-4.72036849652061e-04,-2.28763722151027e-02
2.45900029006089e+02	-4.79235522961088e-04,-2.27179169215648e-02
2.47610398966789e+02	-4.86334462624362e-04,-2.25605486299991e-02
2.49332665491367e+02	-4.93335028786466e-04,-2.24042598732466e-02
2.51066911326967e+02	-5.00238562803076e-04,-2.22490432341181e-02
2.52813219796288e+02	-5.07046387495649e-04,-2.20948913450778e-02
2.54571674801581e+02	-5.13759807402631e-04,-2.19417968879279e-02
2.56342360828686e+02	-5.20380109027245e-04,-2.17897525934948e-02
2.58125362951087e+02	-5.26908561081889e-04,-2.16387512413172e-02
2.59920766834002e+02	-5.33346414729195e-04,-2.14887856593355e-02
2.61728658738497e+02	-5.39694903819797e-04,-2.13398487235828e-02
2.63549125525631e+02	-5.45955245126850e-04,-2.11919333578779e-02
2.65382254660629e+02	-5.52128638577330e-04,-2.10450325335193e-02
2.67228134217086e+02	-5.58216267480185e-04,-2.08991392689809e-02
2.69086852881196e+02	-5.64219298751349e-04,-2.07542466296101e-02
2.70958499956016e+02	-5.70138883135683e-04,-2.06103477273264e-02
2.72843165365754e+02	-5.75976155425869e-04,-2.04674357203219e-02
2.74740939660089e+02	-5.81732234678307e-04,-2.03255038127640e-02
2.76651914018525e+02	-5.87408224426049e-04,-2.01845452544990e-02
2.78576180254768e+02	-5.93005212888818e-04,-2.00445533407575e-02
2.80513830821139e+02	-5.98524273180129e-04,-1.99055214118613e-02
2.82464958813018e+02	-6.03966463511586e-04,-1.97674428529324e-02
2.84429657973310e+02	-6.09332827394350e-04,-1.96303110936027e-02
2.86408022696959e+02	-6.14624393837864e-04,-1.94941196077260e-02
2.88400148035474e+02	-6.19842177545814e-04,-1.93588619130913e-02
2.90406129701500e+02	-6.24987179109423e-04,-1.92245315711378e-02
2.92426064073417e+02	-6.30060385198065e-04,-1.90911221866711e-02
2.94460048199969e+02	-6.35062768747263e-04,-1.89586274075818e-02
2.96508179804927e+02	-6.39995289144090e-04,-1.88270409245644e-02
2.98570557291787e+02	-6.44858892410026e-04,-1.86963564708392e-02
3.00647279748492e+02	-6.49654511381275e-04,-1.85665678218746e-02
3.02738446952199e+02	-6.54383065886612e-04,-1.84376687951115e-02
3.04844159374069e+02	-6.59045462922763e-04,-1.83096532496895e-02
3.06964518184094e+02	-6.63642596827366e-04,-1.81825150861739e-02
3.09099625255960e+02	-6.68175349449541e-04,-1.80562482462848e-02
3.11249583171940e+02	-6.72644590318103e-04,-1.79308467126279e-02
3.13414495227826e+02	-6.77051176807441e-04,-1.78063045084263e-02
3.15594465437884e+02	-6.81395954301116e-04,-1.76826156972540e-02
3.17789598539861e+02	-6.85679756353171e-04,-1.75597743827714e-02
3.20000000000009e+02	-6.89903404847223e-04,-1.74377747084618e-02
3.22225776018160e+02	-6.94067710153347e-04,-1.73166108573697e-02
3.24467033532819e+02	-6.98173471282768e-04,-1.71962770518401e-02
3.26723880226312e+02	-7.02221476040428e-04,-1.70767675532605e-02
3.28996424529951e+02	-7.06212501175415e-04,-1.69580766618030e-02
3.31284775629251e+02	-7.10147312529311e-04,-1.68401987161689e-02
3.33589043469169e+02	-7.14026665182473e-04,-1.67231280933344e-02
3.35909338759392e+02	-7.17851303598279e-04,-1.66068592082980e-02
3.38245772979652e+02	-7.21621961765364e-04,-1.64913865138289e-02
3.40598458385085e+02	-7.25339363337879e-04,-1.63767045002177e-02
3.42967508011624e+02	-7.29004221773784e-04,-1.62628076950280e-02
3.45353035681427e+02	-7.32617240471222e-04,-1.61496906628497e-02
3.47755156008349e+02	-7.36179112902984e-04,-1.60373480050533e-02
3.50173984403447e+02	-7.39690522749092e-04,-1.59257743595467e-02
3.52609637080526e+02	-7.43152144027535e-04,-1.58149644005325e-02
3.55062231061721e+02	-7.46564641223170e-04,-1.57049128382672e-02
3.57531884183121e+02	-7.49928669414819e-04,-1.55956144188217e-02
3.60018715100430e+02	-7.53244874400589e-04,-1.54870639238433e-02
3.62522843294667e+02	-7.56513892821427e-04,-1.53792561703195e-02
3.65044389077907e+02	-7.59736352282952e-04,-1.52721860103424e-02
3.67583473599063e+02	-7.62912871475559e-04,-1.51658483308754e-02
3.70140218849704e+02	-7.66044060292856e-04,-1.50602380535207e-02
3.72714747669917e+02	-7.69130519948413e-04,-1.49553501342889e-02
3.75307183754213e+02	-7.72172843090886e-04,-1.48511795633693e-02
3.77917651657462e+02	-7.75171613917504e-04,-1.47477213649018e-02
3.80546276800883e+02	-7.78127408285968e-04,-1.46449705967509e-02
3.83193185478069e+02	-7.81040793824756e-04,-1.45429223502800e-02
3.85858504861056e+02	-7.83912330041886e-04,-1.44415717501277e-02
3.88542363006427e+02	-7.86742568432126e-04,-1.43409139539858e-02
3.91244888861474e+02	-7.89532052582699e-04,-1.42409441523779e-02
3.93966212270386e+02	-7.92281318277478e-04,-1.41416575684401e-02
3.96706463980488e+02	-7.94990893599715e-04,-1.40430494577027e-02
3.99465775648529e+02	-7.97661299033305e-04,-1.39451151078729e-02
4.02244279846998e+02	-8.00293047562610e-04,-1.38478498386201e-02
4.05042110070503e+02	-8.02886644770874e-04,-1.37512490013612e-02
4.07859400742177e+02	-8.05442588937217e-04,-1.36553079790479e-02
4.10696287220143e+02	-8.07961371132270e-04,-1.35600221859554e-02
4.13552905804011e+02	-8.10443475312425e-04,-1.34653870674721e-02
4.16429393741432e+02	-8.12889378412754e-04,-1.33713980998911e-02
4.19325889234690e+02	-8.15299550438587e-04,-1.32780507902024e-02
4.22242531447340e+02	-8.17674454555790e-04,-1.31853406758871e-02
4.25179460510898e+02	-8.20014547179743e-04,-1.30932633247126e-02
4.28136817531570e+02	-8.22320278063043e-04,-1.30018143345288e-02
4.31114744597035e+02	-8.24592090381941e-04,-1.29109893330662e-02
4.34113384783269e+02	-8.26830420821553e-04,-1.28207839777350e-02
4.37132882161421e+02	-8.29035699659822e-04,-1.27311939554252e-02
4.40173381804733e+02	-8.31208350850284e-04,-1.26422149823089e-02
4.43235029795511e+02	-8.33348792103637e-04,-1.25538428036426e-02
4.46317973232145e+02	-8.35457434968125e-04,-1.24660731935720e-02
4.49422360236174e+02	-8.37534684908766e-04,-1.23789019549373e-02
4.52548339959406e+02	-8.39580941385429e-04,-1.22923249190798e-02
4.55696062591078e+02	-8.41596597929772e-04,-1.22063379456504e-02
4.58865679365080e+02	-8.43582042221070e-04,-1.21209369224185e-02
4.62057342567214e+02	-8.45537656160940e-04,-1.20361177650829e-02
4.65271205542515e+02	-8.47463815946968e-04,-1.19518764170832e-02
4.68507422702616e+02	-8.49360892145266e-04,-1.18682088494133e-02
4.71766149533168e+02	-8.51229249761976e-04,-1.17851110604351e-02
4.75047542601312e+02	-8.53069248313713e-04,-1.17025790756946e-02
4.78351759563197e+02	-8.54881241896985e-04,-1.16206089477382e-02
4.81678959171558e+02	-8.56665579256591e-04,-1.15391967559308e-02
4.85029301283344e+02	-8.58422603853013e-04,-1.14583386062748e-02
4.88402946867396e+02	-8.60152653928815e-04,-1.13780306312304e-02
4.91800058012181e+02	-8.61856062574059e-04,-1.12982689895375e-02
4.95220797933582e+02	-8.63533157790764e-04,-1.12190498660379e-02
4.98665330982737e+02	-8.65184262556396e-04,-1.11403694714997e-02
5.02133822653938e+02	-8.66809694886430e-04,-1.10622240424420e-02
5.05626439592579e+02	-8.68409767895976e-04,-1.09846098409613e-02
5.09143349603166e+02	-8.69984789860482e-04,-1.09075231545591e-02
5.12684721657376e+02	-8.71535064275550e-04,-1.08309602959701e-02
5.16250725902179e+02	-8.73060889915835e-04,-1.07549176029926e-02
5.19841533668009e+02	-8.74562560893081e-04,-1.06793914383185e-02
5.23457317476998e+02	-8.76040366713281e-04,-1.06043781893663e-02
5.27098251051265e+02	-8.77494592332973e-04,-1.05298742681136e-02
5.30764509321261e+02	-8.78925518214696e-04,-1.04558761109319e-02
5.34456268434175e+02	-8.80333420381609e-04,-1.03823801784217e-02
5.38173705762396e+02	-8.81718570471278e-04,-1.03093829552494e-02
5.41916999912037e+02	-8.83081235788657e-04,-1.02368809499848e-02
5.45686330731512e+02	-8.84421679358259e-04,-1.01648706949399e-02
5.49481879320182e+02	-8.85740159975541e-04,-1.00933487460092e-02
5.53303828037053e+02	-8.87036932257497e-04,-1.00223116825103e-02
5.57152360509539e+02	-8.88312246692484e-04,-9.95175610702647e-03
5.61027661642283e+02	-8.89566349689287e-04,-9.88167864524941e-03
5.64929917626039e+02	-8.90799483625431e-04,-9.81207594582402e-03
5.68859315946625e+02	-8.92011886894746e-04,-9.74294468019361e-03
5.72816045393923e+02	-8.93203793954206e-04,-9.67428154244646e-03
5.76800296070952e+02	-8.94375435370041e-04,-9.60608324916336e-03
5.80812259403004e+02	-8.95527037863141e-04,-9.53834653926632e-03
5.84852128146837e+02	-8.96658824353745e-04,-9.47106817386820e-03
5.88920096399941e+02	-8.97771014005454e-04,-9.40424493612356e-03
5.93016359609859e+02	-8.98863822268538e-04,-9.33787363108048e-03
5.97141114583579e+02	-8.99937460922583e-04,-9.27195108553340e-03
6.01294559496990e+02	-9.00992138118464e-04,-9.20647414787711e-03
6.05476893904404e+02	-9.02028058419660e-04,-9.14143968796166e-03
6.09688318748142e+02	-9.03045422842922e-04,-9.07684459694844e-03
6.13929036368192e+02	-9.04044428898299e-04,-9.01268578716716e-03
6.18199250511924e+02	-9.05025270628530e-04,-8.94896019197398e-03
6.22499166343886e+02	-9.05988138647820e-04,-8.88566476561058e-03
6.26828990455656e+02	-9.06933220179992e-04,-8.82279648306423e-03
6.31188930875773e+02	-9.07860699096036e-04,-8.76035233992902e-03
6.35579197079727e+02	-9.08770755951061e-04,-8.69832935226792e-03
6.40000000000024e+02	-9.09663568020658e-04,-8.63672455647597e-03
6.44451552036324e+02	-9.10539309336675e-04,-8.57553500914440e-03
6.48934067065643e+02	-9.11398150722423e-04,-8.51475778692583e-03
6.53447760452628e+02	-9.12240259827314e-04,-8.45438998640033e-03
6.57992849059907e+02	-9.13065801160940e-04,-8.39442872394264e-03
6.62569551258507e+02	-9.13874936126604e-04,-8.33487113559023e-03
6.67178086938343e+02	-9.14667823054304e-04,-8.27571437691240e-03
6.71818677518788e+02	-9.15444617233187e-04,-8.21695562288039e-03
6.76491545959309e+02	-9.16205470943466e-04,-8.15859206773839e-03
6.81196916770176e+02	-9.16950533487833e-04,-8.10062092487558e-03
6.85935016023254e+02	-9.17679951222336e-04,-8.04303942669908e-03
6.90706071362860e+02	-9.18393867586775e-04,-7.98584482450794e-03
6.95510312016704e+02	-9.19092423134583e-04,-7.92903438836802e-03
7.00347968806900e+02	-9.19775755562220e-04,-7.87260540698782e-03
7.05219274161058e+02	-9.20443999738084e-04,-7.81655518759531e-03
7.10124462123448e+02	-9.21097287730952e-04,-7.76088105581567e-03
7.15063768366248e+02	-9.21735748837935e-04,-7.70558035554998e-03
7.20037430200866e+02	-9.22359509611989e-04,-7.65065044885489e-03
7.25045686589339e+02	-9.22968693888957e-04,-7.59608871582310e-03
7.30088778155819e+02	-9.23563422814166e-04,-7.54189255446494e-03
7.35166947198131e+02	-9.24143814868586e-04,-7.48805938059076e-03
7.40280437699413e+02	-9.24709985894549e-04,-7.43458662769428e-03
7.45429495339841e+02	-9.25262049121041e-04,-7.38147174683687e-03
7.50614367508432e+02	-9.25800115188574e-04,-7.32871220653271e-03
7.55835303314929e+02	-9.26324292173640e-04,-7.27630549263497e-03
7.61092553601771e+02	-9.26834685612763e-04,-7.22424910822271e-03
7.66386370956144e+02	-9.27331398526141e-04,-7.17254057348890e-03
7.71717009722117e+02	-9.27814531440900e-04,-7.12117742562922e-03
7.77084726012860e+02	-9.28284182413955e-04,-7.07015721873174e-03
7.82489777722954e+02	-9.28740447054495e-04,-7.01947752366763e-03
7.87932424540777e+02	-9.29183418546087e-04,-6.96913592798260e-03
7.93412927960983e+02	-9.29613187668411e-04,-6.91913003578936e-03
7.98931551297063e+02	-9.30029842818642e-04,-6.86945746766093e-03
8.04488559694002e+02	-9.30433470032462e-04,-6.82011586052480e-03
8.10084220141011e+02	-9.30824153004735e-04,-6.77110286755800e-03
8.15718801484360e+02	-9.31201973109835e-04,-6.72241615808309e-03
8.21392574440291e+02	-9.31567009421633e-04,-6.67405341746494e-03
8.27105811608028e+02	-9.31919338733163e-04,-6.62601234700847e-03
8.32858787482871e+02	-9.32259035575953e-04,-6.57829066385722e-03
8.38651778469386e+02	-9.32586172239056e-04,-6.53088610089276e-03
8.44485062894686e+02	-9.32900818787748e-04,-6.48379640663503e-03
8.50358921021801e+02	-9.33203043081943e-04,-6.43701934514354e-03
8.56273635063146e+02	-9.33492910794294e-04,-6.39055269591933e-03
8.62229489194076e+02	-9.33770485428014e-04,-6.34439425380791e-03
8.68226769566545e+02	-9.34035828334404e-04,-6.29854182890301e-03
8.74265764322848e+02	-9.34288998730108e-04,-6.25299324645115e-03
8.80346763609472e+02	-9.34530053714089e-04,-6.20774634675713e-03
8.86470059591028e+02	-9.34759048284349e-04,-6.16279898509026e-03
8.92635946464296e+02	-9.34976035354385e-04,-6.11814903159158e-03
8.98844720472355e+02	-9.35181065769382e-04,-6.07379437118178e-03
9.05096679918818e+02	-9.35374188322183e-04,-6.02973290347006e-03
9.11392125182163e+02	-9.35555449768995e-04,-5.98596254266378e-03
9.17731358730167e+02	-9.35724894844879e-04,-5.94248121747896e-03
9.24114685134435e+02	-9.35882566279002e-04,-5.89928687105157e-03
9.30542411085037e+02	-9.36028504809678e-04,-5.85637746084976e-03
9.37014845405239e+02	-9.36162749199190e-04,-5.81375095858678e-03
9.43532299066344e+02	-9.36285336248407e-04,-5.77140535013484e-03
9.50095085202631e+02	-9.36396300811199e-04,-5.72933863543969e-03
9.56703519126400e+02	-9.36495675808662e-04,-5.68754882843614e-03
9.63357918343123e+02	-9.36583492243158e-04,-5.64603395696426e-03
9.70058602566695e+02	-9.36659779212164e-04,-5.60479206268654e-03
9.76805893734798e+02	-9.36724563921965e-04,-5.56382120100574e-03
9.83600116024369e+02	-9.36777871701168e-04,-5.52311944098362e-03
9.90441595867171e+02	-9.36819726014060e-04,-5.48268486526046e-03
9.97330661965481e+02	-9.36850148473819e-04,-5.44251556997538e-03
1.00426764530788e+03	-9.36869158855571e-04,-5.40260966468749e-03
1.01125287918517e+03	-9.36876775109321e-04,-5.36296527229781e-03
1.01828669920634e+03	-9.36873013372739e-04,-5.32358052897199e-03
1.02536944331476e+03	-9.36857887983834e-04,-5.28445358406386e-03
1.03250145180437e+03	-9.36831411493505e-04,-5.24558260003975e-03
1.03968306733603e+03	-9.36793594677987e-04,-5.20696575240358e-03
1.04691463495400e+03	-9.36744446551194e-04,-5.16860122962279e-03
1.05419650210254e+03	-9.36683974376961e-04,-5.13048723305501e-03
1.06152901864253e+03	-9.36612183681215e-04,-5.09262197687556e-03
1.06891253686836e+03	-9.36529078264048e-04,-5.05500368800569e-03
1.07634741152480e+03	-9.36434660211731e-04,-5.01763060604159e-03
1.08383399982408e+03	-9.36328929908663e-04,-4.98050098318427e-03
1.09137266146303e+03	-9.36211886049257e-04,-4.94361308417007e-03
1.09896375864037e+03	-9.36083525649784e-04,-4.90696518620208e-03
1.10660765607411e+03	-9.35943844060175e-04,-4.87055557888221e-03
1.11430472101909e+03	-9.35792834975787e-04,-4.83438256414414e-03
1.12205532328457e+03	-9.35630490449153e-04,-4.79844445618691e-03
1.12985983525209e+03	-9.35456800901705e-04,-4.76273958140939e-03
1.13771863189326e+03	-9.35271755135499e-04,-4.72726627834542e-03
1.14563209078785e+03	-9.35075340344931e-04,-4.69202289759974e-03
1.15360059214191e+03	-9.34867542128470e-04,-4.65700780178467e-03
1.16162451880602e+03	-9.34648344500403e-04,-4.62221936545753e-03
1.16970425629368e+03	-9.34417729902609e-04,-4.58765597505881e-03
1.17784019279989e+03	-9.34175679216359e-04,-4.55331602885107e-03
1.18603271921973e+03	-9.33922171774175e-04,-4.51919793685862e-03
1.19428222916717e+03	-9.33657185371722e-04,-4.48530012080782e-03
1.20258911899399e+03	-9.33380696279775e-04,-4.45162101406830e-03
1.21095378780882e+03	-9.33092679256246e-04,-4.41815906159470e-03
1.21937663749629e+03	-9.32793107558299e-04,-4.38491271986928e-03
1.22785807273639e+03	-9.32481952954541e-04,-4.35188045684520e-03
1.23639850102386e+03	-9.32159185737322e-04,-4.31906075189049e-03
1.24499833268778e+03	-9.31824774735133e-04,-4.28645209573279e-03
1.25365798091132e+03	-9.31478687325121e-04,-4.25405299040469e-03
1.26237786175155e+03	-9.31120889445733e-04,-4.22186194918996e-03
1.27115839415946e+03	-9.30751345609488e-04,-4.18987749657022e-03
1.28000000000006e+03	-9.30370018915902e-04,-4.15809816817257e-03
1.28890310407266e+03	-9.29976871064556e-04,-4.12652251071771e-03
1.29786813413129e+03	-9.29571862368341e-04,-4.09514908196883e-03
1.30689552090527e+03	-9.29154951766860e-04,-4.06397645068114e-03
1.31598569811982e+03	-9.28726096840033e-04,-4.03300319655215e-03
1.32513910251702e+03	-9.28285253821876e-04,-4.00222791017252e-03
1.33435617387669e+03	-9.27832377614498e-04,-3.97164919297759e-03
1.34363735503759e+03	-9.27367421802308e-04,-3.94126565719967e-03
1.35298309191863e+03	-9.26890338666439e-04,-3.91107592582079e-03
1.36239383354036e+03	-9.26401079199420e-04,-3.88107863252629e-03
1.37187003204652e+03	-9.25899593120077e-04,-3.85127242165890e-03
1.38141214272573e+03	-9.25385828888704e-04,-3.82165594817353e-03
1.39102062403342e+03	-9.24859733722487e-04,-3.79222787759266e-03
1.40069593761381e+03	-9.24321253611212e-04,-3.76298688596232e-03
1.41043854832213e+03	-9.23770333333262e-04,-3.73393165980875e-03
1.42024892424691e+03	-9.23206916471900e-04,-3.70506089609556e-03
1.43012753673251e+03	-9.22630945431872e-04,-3.67637330218159e-03
1.44007486040174e+03	-9.22042361456322e-04,-3.64786759577926e-03
1.45009137317869e+03	-9.21441104644041e-04,-3.61954250491354e-03
1.46017755631165e+03	-9.20827113967052e-04,-3.59139676788154e-03
1.47033389439627e+03	-9.20200327288551e-04,-3.56342913321254e-03
1.48056087539884e+03	-9.19560681381205e-04,-3.53563835962867e-03
1.49085899067969e+03	-9.18908111945828e-04,-3.50802321600611e-03
1.50122873501687e+03	-9.18242553630437e-04,-3.48058248133676e-03
1.51167060662987e+03	-9.17563940049705e-04,-3.45331494469054e-03
1.52218510720355e+03	-9.16872203804819e-04,-3.42621940517810e-03
1.53277274191230e+03	-9.16167276503753e-04,-3.39929467191409e-03
1.54343401944424e+03	-9.15449088781972e-04,-3.37253956398086e-03
1.55416945202573e+03	-9.14717570323568e-04,-3.34595291039275e-03
1.56497955544592e+03	-9.13972649882852e-04,-3.31953355006069e-03
1.57586484908157e+03	-9.13214255306400e-04,-3.29328033175740e-03
1.58682585592198e+03	-9.12442313555572e-04,-3.26719211408296e-03
1.59786310259414e+03	-9.11656750729509e-04,-3.24126776543078e-03
1.60897711938801e+03	-9.10857492088627e-04,-3.21550616395407e-03
1.62016844028203e+03	-9.10044462078606e-04,-3.18990619753264e-03
1.63143760296873e+03	-9.09217584354897e-04,-3.16446676374015e-03
1.64278514888059e+03	-9.08376781807748e-04,-3.13918676981167e-03
1.65421162321607e+03	-9.07521976587763e-04,-3.11406513261164e-03
1.66571757496575e+03	-9.06653090132004e-04,-3.08910077860219e-03
1.67730355693878e+03	-9.05770043190648e-04,-3.06429264381176e-03
1.68897012578938e+03	-9.04872755854202e-04,-3.03963967380405e-03
1.70071784204361e+03	-9.03961147581292e-04,-3.01514082364725e-03
1.71254727012630e+03	-9.03035137227035e-04,-2.99079505788360e-03
1.72445897838816e+03	-9.02094643071998e-04,-2.96660135049913e-03
1.73645353913310e+03	-9.01139582851759e-04,-2.94255868489377e-03
1.74853152864571e+03	-9.00169873787074e-04,-2.91866605385158e-03
1.76069352721896e+03	-8.99185432614665e-04,-2.89492245951124e-03
1.77294011918207e+03	-8.98186175618627e-04,-2.87132691333675e-03
1.78527189292860e+03	-8.97172018662476e-04,-2.84787843608826e-03
1.79768944094472e+03	-8.96142877221829e-04,-2.82457605779312e-03
1.81019335983765e+03	-8.95098666417742e-04,-2.80141881771699e-03
1.82278425036434e+03	-8.94039301050696e-04,-2.77840576433513e-03
1.83546271746035e+03	-8.92964695635248e-04,-2.75553595530374e-03
1.84822937026888e+03	-8.91874764435353e-04,-2.73280845743142e-03
1.86108482217009e+03	-8.90769421500361e-04,-2.71022234665063e-03
1.87402969081049e+03	-8.89648580701688e-04,-2.68777670798925e-03
1.88706459813270e+03	-8.88512155770186e-04,-2.66547063554207e-03
1.90019017040527e+03	-8.87360060334191e-04,-2.64330323244231e-03
1.91340703825281e+03	-8.86192207958278e-04,-2.62127361083311e-03
1.92671583668626e+03	-8.85008512182707e-04,-2.59938089183894e-03
1.94011720513340e+03	-8.83808886563576e-04,-2.57762420553695e-03
1.95361178746961e+03	-8.82593244713681e-04,-2.55600269092814e-03
1.96720023204875e+03	-8.81361500344087e-04,-2.53451549590850e-03
1.98088319173436e+03	-8.80113567306403e-04,-2.51316177723995e-03
1.99466132393098e+03	-8.78849359635776e-04,-2.49194070052100e-03
2.00853529061578e+03	-8.77568791594596e-04,-2.47085144015739e-03
2.02250575837034e+03	-8.76271777716913e-04,-2.44989317933233e-03
2.03657339841269e+03	-8.74958232853573e-04,-2.42906510997652e-03
2.05073888662953e+03	-8.73628072218058e-04,-2.40836643273793e-03
2.06500290360874e+03	-8.72281211433043e-04,-2.38779635695123e-03
2.07936613467207e+03	-8.70917566577658e-04,-2.36735410060681e-03
2.09382926990802e+03	-8.69537054235460e-04,-2.34703889031956e-03
2.10839300420509e+03	-8.68139591543097e-04,-2.32684996129711e-03
2.12305803728508e+03	-8.66725096239679e-04,-2.30678655730773e-03
2.13782507373673e+03	-8.65293486716838e-04,-2.28684793064777e-03
2.15269482304962e+03	-8.63844682069467e-04,-2.26703334210853e-03
2.16766799964818e+03	-8.62378602147147e-04,-2.24734206094268e-03
2.18274532292608e+03	-8.60895167606238e-04,-2.22777336483016e-03
2.19792751728076e+03	-8.59394299962639e-04,-2.20832653984340e-03
2.21321531214825e+03	-8.57875921645190e-04,-2.18900088041203e-03
2.22860944203819e+03	-8.56339956049731e-04,-2.16979568928690e-03
2.24411064656916e+03	-8.54786327593778e-04,-2.15071027750346e-03
2.25971967050419e+03	-8.53214961771828e-04,-2.13174396434442e-03
2.27543726378653e+03	-8.51625785211262e-04,-2.11289607730166e-03
2.29126418157573e+03	-8.50018725728848e-04,-2.09416595203748e-03
2.30720118428384e+03	-8.48393712387813e-04,-2.07555293234493e-03
2.32324903761205e+03	-8.46750675555477e-04,-2.05705637010741e-03
2.33940851258738e+03	-8.45089546961433e-04,-2.03867562525737e-03
2.35568038559980e+03	-8.43410259756245e-04,-2.02041006573417e-03
2.37206543843947e+03	-8.41712748570660e-04,-2.00225906744100e-03
2.38856445833435e+03	-8.39996949575299e-04,-1.98422201420086e-03
2.40517823798799e+03	-8.38262800540808e-04,-1.96629829771160e-03
2.42190757561765e+03	-8.36510240898465e-04,-1.94848731749989e-03
2.43875327499260e+03	-8.34739211801179e-04,-1.93078848087424e-03
2.45571614547280e+03	-8.32949656184908e-04,-1.91320120287692e-03
2.47279700204773e+03	-8.31141518830424e-04,-1.89572490623478e-03
2.48999666537558e+03	-8.29314746425426e-04,-1.87835902130896e-03
2.50731596182266e+03	-8.27469287626961e-04,-1.86110298604349e-03
2.52475572350313e+03	-8.25605093124127e-04,-1.84395624591269e-03
2.54231678831894e+03	-8.23722115701023e-04,-1.82691825386730e-03
2.56000000000013e+03	-8.21820310299930e-04,-1.80998847027955e-03
2.57780620814533e+03	-8.19899634084657e-04,-1.79316636288680e-03
2.59573626826261e+03	-8.17960046504063e-04,-1.77645140673400e-03
2.61379104181055e+03	-8.16001509355675e-04,-1.75984308411485e-03
2.63197139623967e+03	-8.14023986849399e-04,-1.74334088451156e-03
2.65027820503406e+03	-8.12027445671269e-04,-1.72694430453334e-03
2.66871234775341e+03	-8.10011855047197e-04,-1.71065284785345e-03
2.68727471007519e+03	-8.07977186806695e-04,-1.69446602514492e-03
2.70596618383727e+03	-8.05923415446507e-04,-1.67838335401480e-03
2.72478766708074e+03	-8.03850518194139e-04,-1.66240435893697e-03
2.74374006409305e+03	-8.01758475071208e-04,-1.64652857118356e-03
2.76282428545148e+03	-7.99647268956598e-04,-1.63075552875484e-03
2.78204124806685e+03	-7.97516885649355e-04,-1.61508477630760e-03
2.80139187522764e+03	-7.95367313931290e-04,-1.59951586508212e-03
2.82087709664427e+03	-7.93198545629228e-04,-1.58404835282750e-03
2.84049784849383e+03	-7.91010575676871e-04,-1.56868180372558e-03
2.86025507346503e+03	-7.88803402176209e-04,-1.55341578831322e-03
2.88014972080350e+03	-7.86577026458443e-04,-1.53824988340304e-03
2.90018274635740e+03	-7.84331453144353e-04,-1.52318367200269e-03
2.92035511262332e+03	-7.82066690204081e-04,-1.50821674323242e-03
2.94066778879257e+03	-7.79782749016248e-04,-1.49334869224114e-03
2.96112175079769e+03	-7.77479644426380e-04,-1.47857912012091e-03
2.98171798135941e+03	-7.75157394804566e-04,-1.46390763381985e-03
3.00245747003377e+03	-7.72816022102302e-04,-1.44933384605339e-03
3.02334121325976e+03	-7.70455551908466e-04,-1.43485737521404e-03
3.04437021440713e+03	-7.68076013504371e-04,-1.42047784527954e-03
3.06554548382462e+03	-7.65677439917820e-04,-1.40619488571939e-03
3.08686803888851e+03	-7.63259867976137e-04,-1.39200813139986e-03
3.10833890405149e+03	-7.60823338358081e-04,-1.37791722248747e-03
3.12995911089186e+03	-7.58367895644617e-04,-1.36392180435079e-03
3.15172969816316e+03	-7.55893588368459e-04,-1.35002152746088e-03
3.17365171184398e+03	-7.53400469062341e-04,-1.33621604729004e-03
3.19572620518830e+03	-7.50888594305956e-04,-1.32250502420913e-03
3.21795423877605e+03	-7.48358024771495e-04,-1.30888812338342e-03
3.24033688056409e+03	-7.45808825267739e-04,-1.29536501466689e-03
3.26287520593749e+03	-7.43241064782631e-04,-1.28193537249517e-03
3.28557029776121e+03	-7.40654816524282e-04,-1.26859887577699e-03
3.30842324643216e+03	-7.38050157960342e-04,-1.25535520778422e-03
3.33143514993153e+03	-7.35427170855681e-04,-1.24220405604064e-03
3.35460711387759e+03	-7.32785941308327e-04,-1.22914511220926e-03
3.37794025157879e+03	-7.30126559783591e-04,-1.21617807197838e-03
3.40143568408726e+03	-7.27449121146334e-04,-1.20330263494640e-03
3.42509454025263e+03	-7.24753724691305e-04,-1.19051850450535e-03
3.44891795677636e+03	-7.22040474171517e-04,-1.17782538772330e-03
3.47290707826623e+03	-7.19309477824572e-04,-1.16522299522550e-03
3.49706305729145e+03	-7.16560848396916e-04,-1.15271104107459e-03
3.52138705443794e+03	-7.13794703165942e-04,-1.14028924264955e-03
3.54588023836416e+03	-7.11011163959907e-04,-1.12795732052381e-03
3.57054378585724e+03	-7.08210357175603e-04,-1.11571499834231e-03
3.59537888188947e+03	-7.05392413793729e-04,-1.10356200269767e-03
3.62038671967532e+03	-7.02557469391926e-04,-1.09149806300552e-03
3.64556850072871e+03	-6.99705664155416e-04,-1.07952291137901e-03
3.67092543492072e+03	-6.96837142885208e-04,-1.06763628250267e-03
3.69645874053780e+03	-6.93952055003821e-04,-1.05583791350548e-03
3.72216964434020e+03	-6.91050554558481e-04,-1.04412754383339e-03
3.74805938162101e+03	-6.88132800221756e-04,-1.03250491512134e-03
3.77412919626543e+03	-6.85198955289589e-04,-1.02096977106474e-03
3.80038034081058e+03	-6.82249187676681e-04,-1.00952185729054e-03
3.82681407650566e+03	-6.79283669909210e-04,-9.98160921228053e-04
3.85343167337255e+03	-6.76302579114836e-04,-9.86886711979404e-04
3.88023441026684e+03	-6.73306097009962e-04,-9.75698980189877e-04
3.90722357493925e+03	-6.70294409884234e-04,-9.64597477918120e-04
3.93440046409753e+03	-6.67267708582244e-04,-9.53581958506315e-04
3.96176638346874e+03	-6.64226188482421e-04,-9.42652176450410e-04
3.98932264786198e+03	-6.61170049473069e-04,-9.31807887270467e-04
4.01707058123159e+03	-6.58099495925572e-04,-9.21048847381233e-04
4.04501151674072e+03	-6.55014736664704e-04,-9.10374813962994e-04
4.07314679682541e+03	-6.51915984936068e-04,-8.99785544832820e-04
4.10147777325910e+03	-6.48803458370638e-04,-8.89280798316260e-04
4.13000580721752e+03	-6.45677378946390e-04,-8.78860333119603e-04
4.15873226934416e+03	-6.42537972947039e-04,-8.68523908202765e-04
4.18765853981608e+03	-6.39385470917858e-04,-8.58271282652909e-04
4.21678600841022e+03	-6.36220107618601e-04,-8.48102215558882e-04
4.24611607457018e+03	-6.33042121973511e-04,-8.38016465886545e-04
4.27565014747350e+03	-6.29851757018449e-04,-8.28013792355109e-04
4.30538964609927e+03	-6.26649259845127e-04,-8.18093953314547e-04
4.33533599929639e+03	-6.23434881542490e-04,-8.08256706624181e-04
4.36549064585219e+03	-6.20208877135229e-04,-7.98501809532533e-04
4.39585503456155e+03	-6.16971505519476e-04,-7.88829018558527e-04
4.42643062429652e+03	-6.13723029395692e-04,-7.79238089374134e-04
4.45721888407641e+03	-6.10463715198772e-04,-7.69728776688552e-04
4.48822129313836e+03	-6.07193833025404e-04,-7.60300834134003e-04
4.51943934100841e+03	-6.03913656558715e-04,-7.50954014153232e-04
4.55087452757310e+03	-6.00623462990237e-04,-7.41688067888825e-04
4.58252836315148e+03	-5.97323532939238e-04,-7.32502745074377e-04
4.61440236856772e+03	-5.94014150369454e-04,-7.23397793927656e-04
4.64649807522413e+03	-5.90695602503283e-04,-7.14372961045805e-04
4.67881702517480e+03	-5.87368179733469e-04,-7.05427991302679e-04
4.71136077119964e+03	-5.84032175532351e-04,-6.96562627748413e-04
4.74413087687898e+03	-5.80687886358719e-04,-6.87776611511265e-04
4.77712891666873e+03	-5.77335611562340e-04,-6.79069681701857e-04
4.81035647597602e+03	-5.73975653286215e-04,-6.70441575319854e-04
4.84381515123534e+03	-5.70608316366635e-04,-6.61892027163175e-04
4.87750654998525e+03	-5.67233908231103e-04,-6.53420769739809e-04
4.91143229094564e+03	-5.63852738794182e-04,-6.45027533182295e-04
4.94559400409550e+03	-5.60465120351364e-04,-6.36712045164942e-04
4.97999333075120e+03	-5.57071367471012e-04,-6.28474030823861e-04
5.01463192364536e+03	-5.53671796884470e-04,-6.20313212679855e-04
5.04951144700630e+03	-5.50266727374414e-04,-6.12229310564255e-04
5.08463357663793e+03	-5.46856479661531e-04,-6.04222041547724e-04
5.12000000000031e+03	-5.43441376289606e-04,-5.96291119872123e-04
5.15561241629071e+03	-5.40021741509115e-04,-5.88436256885463e-04
5.19147253652526e+03	-5.36597901159394e-04,-5.80657160980004e-04
5.22758208362114e+03	-5.33170182549508e-04,-5.72953537533549e-04
5.26394279247938e+03	-5.29738914337868e-04,-5.65325088853973e-04
5.30055641006817e+03	-5.26304426410740e-04,-5.57771514127028e-04
5.33742469550686e+03	-5.22867049759708e-04,-5.50292509367458e-04
5.37454942015043e+03	-5.19427116358195e-04,-5.42887767373467e-04
5.41193236767459e+03	-5.15984959037155e-04,-5.35556977684552e-04
5.44957533416153e+03	-5.12540911360027e-04,-5.28299826542757e-04
5.48748012818615e+03	-5.09095307497045e-04,-5.21115996857330e-04
5.52564857090300e+03	-5.05648482099019e-04,-5.14005168172849e-04
5.56408249613375e+03	-5.02200770170689e-04,-5.06967016640794e-04
5.60278375045533e+03	-4.98752506943742e-04,-5.00001214994596e-04
5.64175419328859e+03	-4.95304027749614e-04,-4.93107432528176e-04
5.68099569698771e+03	-4.91855667892168e-04,-4.86285335077962e-04
5.72051014693011e+03	-4.88407762520358e-04,-4.79534585008402e-04
5.76029944160706e+03	-4.84960646500987e-04,-4.72854841200959e-04
5.80036549271484e+03	-4.81514654291652e-04,-4.66245759046592e-04
5.84071022524669e+03	-4.78070119813994e-04,-4.59706990441702e-04
5.88133557758518e+03	-4.74627376327345e-04,-4.53238183787540e-04
5.92224350159543e+03	-4.71186756302883e-04,-4.46838983993054e-04
5.96343596271886e+03	-4.67748591298393e-04,-4.40509032481156e-04
6.00491494006759e+03	-4.64313211833735e-04,-4.34247967198390e-04
6.04668242651957e+03	-4.60880947267126e-04,-4.28055422627955e-04
6.08874042881431e+03	-4.57452125672327e-04,-4.21931029806083e-04
6.13109096764929e+03	-4.54027073716836e-04,-4.15874416341707e-04
6.17373607777707e+03	-4.50606116541188e-04,-4.09885206439397e-04
6.21667780810302e+03	-4.47189577639450e-04,-4.03963020925523e-04
6.25991822178378e+03	-4.43777778741010e-04,-3.98107477277591e-04
6.30345939632636e+03	-4.40371039693749e-04,-3.92318189656715e-04
6.34730342368800e+03	-4.36969678348687e-04,-3.86594768943173e-04
6.39145241037665e+03	-4.33574010446189e-04,-3.80936822774976e-04
6.43590847755216e+03	-4.30184349503822e-04,-3.75343955589425e-04
6.48067376112824e+03	-4.26801006705937e-04,-3.69815768667569e-04
6.52575041187503e+03	-4.23424290795064e-04,-3.64351860181511e-04
6.57114059552248e+03	-4.20054507965202e-04,-3.58951825244505e-04
6.61684649286437e+03	-4.16691961757070e-04,-3.53615255963763e-04
6.66287029986312e+03	-4.13336952955395e-04,-3.48341741495914e-04
6.70921422775524e+03	-4.09989779488324e-04,-3.43130868105036e-04
6.75588050315764e+03	-4.06650736328996e-04,-3.37982219223190e-04
6.80287136817457e+03	-4.03320115399375e-04,-3.32895375513382e-04
6.85018908050532e+03	-3.99998205476376e-04,-3.27869914934864e-04
6.89783591355277e+03	-3.96685292100368e-04,-3.22905412810712e-04
6.94581415653252e+03	-3.93381657486086e-04,-3.18001441897586e-04
6.99412611458295e+03	-3.90087580436031e-04,-3.13157572457592e-04
7.04277410887593e+03	-3.86803336256386e-04,-3.08373372332160e-04
7.09176047672838e+03	-3.83529196675508e-04,-3.03648407017863e-04
7.14108757171453e+03	-3.80265429765032e-04,-2.98982239744072e-04
7.19075776377900e+03	-3.77012299863637e-04,-2.94374431552374e-04
7.24077343935071e+03	-3.73770067503504e-04,-2.89824541377659e-04
7.29113700145747e+03	-3.70538989339495e-04,-2.85332126130786e-04
7.34185086984150e+03	-3.67319318081099e-04,-2.80896740782734e-04
7.39291748107565e+03	-3.64111302427164e-04,-2.76517938450157e-04
7.44433928868046e+03	-3.60915187003430e-04,-2.72195270482243e-04
7.49611876324208e+03	-3.57731212302903e-04,-2.67928286548790e-04
7.54825839253092e+03	-3.54559614629076e-04,-2.63716534729403e-04
7.60076068162122e+03	-3.51400626042012e-04,-2.59559561603732e-04
7.65362815301138e+03	-3.48254474307299e-04,-2.55456912342641e-04
7.70686334674516e+03	-3.45121382847900e-04,-2.51408130800232e-04
7.76046882053374e+03	-3.42001570698880e-04,-2.47412759606633e-04
7.81444714987857e+03	-3.38895252465029e-04,-2.43470340261444e-04
7.86880092819513e+03	-3.35802638281373e-04,-2.39580413227775e-04
7.92353276693755e+03	-3.32723933776574e-04,-2.35742518026765e-04
7.97864529572403e+03	-3.29659340039207e-04,-2.31956193332508e-04
8.03414116246325e+03	-3.26609053586903e-04,-2.28220977067291e-04
8.09002303348151e+03	-3.23573266338353e-04,-2.24536406497064e-04
8.14629359365089e+03	-3.20552165588154e-04,-2.20902018327050e-04
8.20295554651826e+03	-3.17545933984469e-04,-2.17317348797417e-04
8.26001161443511e+03	-3.14554749509504e-04,-2.13781933778923e-04
8.31746453868839e+03	-3.11578785462748e-04,-2.10295308868466e-04
8.37531707963222e+03	-3.08618210446981e-04,-2.06857009484434e-04
8.43357201682050e+03	-3.05673188356993e-04,-2.03466570961809e-04
8.49223214914044e+03	-3.02743878371009e-04,-2.00123528646918e-04
8.55130029494706e+03	-2.99830434944771e-04,-1.96827417991781e-04
8.61077929219860e+03	-2.96933007808246e-04,-1.93577774647963e-04
8.67067199859285e+03	-2.94051741964925e-04,-1.90374134559869e-04
8.73098129170445e+03	-2.91186777693676e-04,-1.87216034057414e-04
8.79171006912318e+03	-2.88338250553101e-04,-1.84103009947995e-04
8.85286124859312e+03	-2.85506291388371e-04,-1.81034599607697e-04
8.91443776815290e+03	-2.82691026340469e-04,-1.78010341071678e-04
8.97644258627679e+03	-2.79892576857827e-04,-1.75029773123669e-04
9.03887868201690e+03	-2.77111059710281e-04,-1.72092435384518e-04
9.10174905514628e+03	-2.74346587005313e-04,-1.69197868399741e-04
9.16505672630304e+03	-2.71599266206521e-04,-1.66345613726004e-04
9.22880473713551e+03	-2.68869200154273e-04,-1.63535214016503e-04
9.29299615044834e+03	-2.66156487088480e-04,-1.60766213105166e-04
9.35763405034968e+03	-2.63461220673449e-04,-1.58038156089661e-04
9.42272154239935e+03	-2.60783490024752e-04,-1.55350589413128e-04
9.48826175375803e+03	-2.58123379738057e-04,-1.52703060944623e-04
9.55425783333754e+03	-2.55480969919864e-04,-1.50095120058206e-04
9.62071295195212e+03	-2.52856336220100e-04,-1.47526317710653e-04
9.68763030247075e+03	-2.50249549866492e-04,-1.44996206517738e-04
9.75501309997057e+03	-2.47660677700680e-04,-1.42504340829068e-04
9.82286458189136e+03	-2.45089782216012e-04,-1.40050276801417e-04
9.89118800819108e+03	-2.42536921596943e-04,-1.37633572470545e-04
9.95998666150247e+03	-2.40002149759999e-04,-1.35253787821466e-04
1.00292638472908e+04	-2.37485516396234e-04,-1.32910484857140e-04
1.00990228940127e+04	-2.34987067015132e-04,-1.30603227665561e-04
1.01692671532759e+04	-2.32506842989875e-04,-1.28331582485226e-04
1.02400000000007e+04	-2.30044881603943e-04,-1.26095117768957e-04
1.03112248325815e+04	-2.27601216098965e-04,-1.23893404246067e-04
1.03829450730506e+04	-2.25175875723772e-04,-1.21726014982842e-04
1.04551641672424e+04	-2.22768885784594e-04,-1.19592525441335e-04
1.05278855849588e+04	-2.20380267696331e-04,-1.17492513536456e-04
1.06011128201364e+04	-2.18010039034860e-04,-1.15425559691352e-04
1.06748493910138e+04	-2.15658213590294e-04,-1.13391246891056e-04
1.07490988403009e+04	-2.13324801421165e-04,-1.11389160734415e-04
1.08238647353493e+04	-2.11009808909442e-04,-1.09418889484283e-04
1.08991506683231e+04	-2.08713238816356e-04,-1.07480024115978e-04
1.09749602563724e+04	-2.06435090338962e-04,-1.05572158364002e-04
1.10512971418061e+04	-2.04175359167380e-04,-1.03694888767024e-04
1.11281649922676e+04	-2.01934037542675e-04,-1.01847814711127e-04
1.12055675009107e+04	-1.99711114315307e-04,-1.00030538471328e-04
1.12835083865773e+04	-1.97506575004105e-04,-9.82426652513733e-05
1.13619913939755e+04	-1.95320401855719e-04,-9.64838032218068e-05
1.14410202938603e+04	-1.93152573904491e-04,-9.47535635563378e-05
1.15205988832142e+04	-1.91003067032692e-04,-9.30515604665023e-05
1.16007309854298e+04	-1.88871854031090e-04,-9.13774112346350e-05
1.16814204504935e+04	-1.86758904659785e-04,-8.97307362451641e-05
1.17626711551704e+04	-1.84664185709280e-04,-8.81111590142407e-05
1.18444870031910e+04	-1.82587661061724e-04,-8.65183062177174e-05
1.19268719254378e+04	-1.80529291752299e-04,-8.49518077174942e-05
1.20098298801353e+04	-1.78489036030693e-04,-8.34112965862440e-05
1.20933648530392e+04	-1.76466849422632e-04,-8.18964091305405e-05
1.21774808576287e+04	-1.74462684791414e-04,-8.04067849124018e-05
1.22621819352987e+04	-1.72476492399409e-04,-7.89420667692745e-05
1.23474721555542e+04	-1.70508219969496e-04,-7.75019008324745e-05
1.24333556162061e+04	-1.68557812746382e-04,-7.60859365441088e-05
1.25198364435677e+04	-1.66625213557778e-04,-7.46938266724975e-05
1.26069187926528e+04	-1.64710362875396e-04,-7.33252273261219e-05
1.26946068473761e+04	-1.62813198875720e-04,-7.19797979661194e-05
1.27829048207534e+04	-1.60933657500533e-04,-7.06572014173503e-05
1.28718169551044e+04	-1.59071672517159e-04,-6.93571038780615e-05
1.29613475222566e+04	-1.57227175578392e-04,-6.80791749281714e-05
1.30515008237502e+04	-1.55400096282073e-04,-6.68230875362020e-05
1.31422811910451e+04	-1.53590362230306e-04,-6.55885180648843e-05
1.32336929857288e+04	-1.51797899088258e-04,-6.43751462754634e-05
1.33257405997263e+04	-1.50022630642546e-04,-6.31826553307293e-05
1.34184284555106e+04	-1.48264478859154e-04,-6.20107317968027e-05
1.35117610063154e+04	-1.46523363940890e-04,-6.08590656437003e-05
1.36057427363492e+04	-1.44799204384324e-04,-5.97273502447094e-05
1.37003781610108e+04	-1.43091917036216e-04,-5.86152823745985e-05
1.37956718271056e+04	-1.41401417149391e-04,-5.75225622066928e-05
1.38916283130651e+04	-1.39727618438054e-04,-5.64488933088414e-05
1.39882522291660e+04	-1.38070433132518e-04,-5.53939826383062e-05
1.40855482177520e+04	-1.36429772033334e-04,-5.43575405355985e-05
1.41835209534569e+04	-1.34805544564798e-04,-5.33392807172943e-05
1.42821751434292e+04	-1.33197658827828e-04,-5.23389202678540e-05
1.43815155275581e+04	-1.31606021652185e-04,-5.13561796304767e-05
1.44815468787015e+04	-1.30030538648041e-04,-5.03907825970161e-05
1.45822740029151e+04	-1.28471114256860e-04,-4.94424562969869e-05
1.46837017396831e+04	-1.26927651801596e-04,-4.85109311856898e-05
1.47858349621514e+04	-1.25400053536192e-04,-4.75959410314812e-05
1.48886785773610e+04	-1.23888220694364e-04,-4.66972229022188e-05
1.49922375264843e+04	-1.22392053537673e-04,-4.58145171509069e-05
1.50965167850620e+04	-1.20911451402863e-04,-4.49475674005711e-05
1.52015213632425e+04	-1.19446312748468e-04,-4.40961205283893e-05
1.53072563060229e+04	-1.17996535200673e-04,-4.32599266491041e-05
1.54137266934904e+04	-1.16562015598427e-04,-4.24387390977463e-05
1.55209376410676e+04	-1.15142650037804e-04,-4.16323144116924e-05
1.56288942997572e+04	-1.13738333915608e-04,-4.08404123120849e-05
1.57376018563904e+04	-1.12348961972206e-04,-4.00627956846397e-05
1.58470655338752e+04	-1.10974428333608e-04,-3.92992305598661e-05
1.59572905914482e+04	-1.09614626552768e-04,-3.85494860927248e-05
1.60682823249266e+04	-1.08269449650124e-04,-3.78133345417491e-05
1.61800460669631e+04	-1.06938790153360e-04,-3.70905512476519e-05
1.62925871873019e+04	-1.05622540136402e-04,-3.63809146114449e-05
1.64059110930366e+04	-1.04320591257637e-04,-3.56842060720911e-05
1.65200232288703e+04	-1.03032834797367e-04,-3.50002100837161e-05
1.66349290773769e+04	-1.01759161694487e-04,-3.43287140923990e-05
1.67506341592646e+04	-1.00499462582400e-04,-3.36695085125671e-05
1.68671440336411e+04	-9.92536278241614e-05,-3.30223867030150e-05
1.69844642982810e+04	-9.80215475468651e-05,-3.23871449425698e-05
1.71026005898942e+04	-9.68031116752636e-05,-3.17635824054253e-05
1.72215585843973e+04	-9.55982099646357e-05,-3.11515011361625e-05
1.73413439971858e+04	-9.44067320328997e-05,-3.05507060244808e-05
1.74619625834090e+04	-9.32285673919781e-05,-2.99610047796561e-05
1.75834201382465e+04	-9.20636054784200e-05,-2.93822079047476e-05
1.77057224971864e+04	-9.09117356832836e-05,-2.88141286705711e-05
1.78288755363059e+04	-8.97728473812868e-05,-2.82565830894575e-05
1.79528851725537e+04	-8.86468299592308e-05,-2.77093898888156e-05
1.80777573640339e+04	-8.75335728437023e-05,-2.71723704845150e-05
1.82034981102927e+04	-8.64329655280622e-05,-2.66453489541076e-05
1.83301134526062e+04	-8.53448975987256e-05,-2.61281520099049e-05
1.84576094742712e+04	-8.42692587607422e-05,-2.56206089719254e-05
1.85859923008968e+04	-8.32059388626826e-05,-2.51225517407305e-05
1.87152681006995e+04	-8.21548279208394e-05,-2.46338147701625e-05
1.88454430847988e+04	-8.11158161427500e-05,-2.41542350400005e-05
1.89765235075162e+04	-8.00887939500488e-05,-2.36836520285491e-05
1.91085156666752e+04	-7.90736520006577e-05,-2.32219076851730e-05
1.92414259039044e+04	-7.80702812103230e-05,-2.27688464027920e-05
1.93752606049416e+04	-7.70785727735064e-05,-2.23243149903505e-05
1.95100261999413e+04	-7.60984181836397e-05,-2.18881626452724e-05
1.96457291637829e+04	-7.51297092527512e-05,-2.14602409259155e-05
1.97823760163823e+04	-7.41723381304735e-05,-2.10404037240375e-05
1.99199733230051e+04	-7.32261973224399e-05,-2.06285072372842e-05
2.00585276945817e+04	-7.22911797080811e-05,-2.02244099417121e-05
2.01980457880255e+04	-7.13671785578289e-05,-1.98279725643564e-05
2.03385343065520e+04	-7.04540875497376e-05,-1.94390580558538e-05
2.04800000000015e+04	-6.95518007855315e-05,-1.90575315631324e-05
2.06224496651631e+04	-6.86602128060891e-05,-1.86832604021754e-05
2.07658901461013e+04	-6.77792186063713e-05,-1.83161140308716e-05
2.09103283344849e+04	-6.69087136498057e-05,-1.79559640219581e-05
2.10557711699178e+04	-6.60485938821339e-05,-1.76026840360677e-05
2.12022256402730e+04	-6.51987557447329e-05,-1.72561497948853e-05
2.13496987820278e+04	-6.43590961874199e-05,-1.69162390544251e-05
2.14981976806020e+04	-6.35295126807487e-05,-1.65828315784334e-05
2.16477294706987e+04	-6.27099032278095e-05,-1.62558091119262e-05
2.17983013366464e+04	-6.19001663755392e-05,-1.59350553548675e-05
2.19499205127449e+04	-6.11002012255529e-05,-1.56204559359958e-05
2.21025942836123e+04	-6.03099074445059e-05,-1.53118983868042e-05
2.22563299845353e+04	-5.95291852739958e-05,-1.50092721156820e-05
2.24111350018216e+04	-5.87579355400129e-05,-1.47124683822208e-05
2.25670167731547e+04	-5.79960596619499e-05,-1.44213802716940e-05
2.27239827879512e+04	-5.72434596611785e-05,-1.41359026697119e-05
2.28820405877208e+04	-5.65000381692032e-05,-1.38559322370590e-05
2.30411977664286e+04	-5.57656984354015e-05,-1.35813673847184e-05
2.32014619708597e+04	-5.50403443343582e-05,-1.33121082490862e-05
2.33628409009871e+04	-5.43238803728044e-05,-1.30480566673818e-05
2.35253423103411e+04	-5.36162116961696e-05,-1.27891161532572e-05
2.36889740063821e+04	-5.29172440947550e-05,-1.25351918726083e-05
2.38537438508758e+04	-5.22268840095377e-05,-1.22861906195935e-05
2.40196597602707e+04	-5.15450385376144e-05,-1.20420207928610e-05
2.41867297060786e+04	-5.08716154372921e-05,-1.18025923719885e-05
2.43549617152576e+04	-5.02065231328361e-05,-1.15678168941384e-05
2.45243638705975e+04	-4.95496707188821e-05,-1.13376074309308e-05
2.46949443111087e+04	-4.89009679645213e-05,-1.11118785655360e-05
2.48667112324125e+04	-4.82603253170671e-05,-1.08905463699905e-05
2.50396728871355e+04	-4.76276539055108e-05,-1.06735283827357e-05
2.52138375853058e+04	-4.70028655436745e-05,-1.04607435863838e-05
2.53892136947524e+04	-4.63858727330698e-05,-1.02521123857114e-05
2.55658096415070e+04	-4.57765886654685e-05,-1.00475565858811e-05
2.57436339102090e+04	-4.51749272251952e-05,-9.84699937089482e-06
2.59226950445133e+04	-4.45808029911471e-05,-9.65036528227785e-06
2.61030016475005e+04	-4.39941312385497e-05,-9.45758019799520e-06
2.62845623820903e+04	-4.34148279404563e-05,-9.26857131160163e-06
2.64673859714579e+04	-4.28428097689965e-05,-9.08326711162524e-06
2.66514811994529e+04	-4.22779940963833e-05,-8.90159736118545e-06
2.68368569110214e+04	-4.17202989956836e-05,-8.72349307784579e-06
2.70235220126310e+04	-4.11696432413607e-05,-8.54888651370155e-06
2.72114854726987e+04	-4.06259463095943e-05,-8.37771113570260e-06
2.74007563220217e+04	-4.00891283783858e-05,-8.20990160621114e-06
2.75913436542115e+04	-3.95591103274542e-05,-8.04539376379452e-06
2.77832566261305e+04	-3.90358137379302e-05,-7.88412460425264e-06
2.79765044583322e+04	-3.85191608918540e-05,-7.72603226187967e-06
2.81710964355041e+04	-3.80090747714833e-05,-7.57105599095973e-06
2.83670419069139e+04	-3.75054790584181e-05,-7.41913614749581e-06
2.85643502868585e+04	-3.70082981325466e-05,-7.27021417117137e-06
2.87630310551164e+04	-3.65174570708206e-05,-7.12423256754390e-06
2.89630937574032e+04	-3.60328816458638e-05,-6.98113489046952e-06
2.91645480058303e+04	-3.55544983244196e-05,-6.84086572475776e-06
2.93674034793664e+04	-3.50822342656445e-05,-6.70337066905561e-06
2.95716699243030e+04	-3.46160173192514e-05,-6.56859631895955e-06
2.97773571547223e+04	-3.41557760235087e-05,-6.43649025035467e-06
2.99844750529688e+04	-3.37014396031002e-05,-6.30700100297950e-06
3.01930335701241e+04	-3.32529379668513e-05,-6.18007806421531e-06
3.04030427264853e+04	-3.28102017053257e-05,-6.05567185309860e-06
3.06145126120459e+04	-3.23731620882980e-05,-5.93373370455532e-06
3.08274533869811e+04	-3.19417510621072e-05,-5.81421585385537e-06
3.10418752821354e+04	-3.15159012468946e-05,-5.69707142128592e-06
3.12577885995147e+04	-3.10955459337324e-05,-5.58225439704194e-06
3.14752037127810e+04	-3.06806190816458e-05,-5.46971962633236e-06
3.16941310677506e+04	-3.02710553145337e-05,-5.35942279470024e-06
3.19145811828966e+04	-2.98667899179922e-05,-5.25132041355518e-06
3.21365646498535e+04	-2.94677588360457e-05,-5.14536980591637e-06
3.23600921339265e+04	-2.90738986677874e-05,-5.04152909236435e-06
3.25851743746041e+04	-2.86851466639362e-05,-4.93975717719984e-06
3.28118221860735e+04	-2.83014407233119e-05,-4.84001373480773e-06
3.30400464577409e+04	-2.79227193892320e-05,-4.74225919622438e-06
3.32698581547541e+04	-2.75489218458365e-05,-4.64645473590629e-06
3.35012683185294e+04	-2.71799879143402e-05,-4.55256225869840e-06
3.37342880672825e+04	-2.68158580492206e-05,-4.46054438699984e-06
3.39689285965622e+04	-2.64564733343401e-05,-4.37036444812545e-06
3.42052011797887e+04	-2.61017754790103e-05,-4.28198646186078e-06
3.44431171687949e+04	-2.57517068139975e-05,-4.19537512820892e-06
3.46826879943719e+04	-2.54062102874762e-05,-4.11049581532686e-06
3.49239251668183e+04	-2.50652294609307e-05,-4.02731454764958e-06
3.51668402764932e+04	-2.47287085050095e-05,-3.94579799419962e-06
3.54114449943730e+04	-2.43965921953353e-05,-3.86591345708039e-06
3.56577510726121e+04	-2.40688259082720e-05,-3.78762886015081e-06
3.59057703451077e+04	-2.37453556166538e-05,-3.71091273787951e-06
3.61555147280681e+04	-2.34261278854766e-05,-3.63573422437641e-06
3.64069962205857e+04	-2.31110898675558e-05,-3.56206304259958e-06
3.66602269052127e+04	-2.28001892991533e-05,-3.48986949373538e-06
3.69152189485426e+04	-2.24933744955738e-05,-3.41912444674980e-06
3.71719846017939e+04	-2.21905943467367e-05,-3.34979932810886e-06
3.74305362013993e+04	-2.18917983127213e-05,-3.28186611166607e-06
3.76908861695980e+04	-2.15969364192920e-05,-3.21529730871483e-06
3.79530470150327e+04	-2.13059592534017e-05,-3.15006595820376e-06
3.82170313333507e+04	-2.10188179586786e-05,-3.08614561711281e-06
3.84828518078091e+04	-2.07354642308970e-05,-3.02351035098819e-06
3.87505212098836e+04	-2.04558503134334e-05,-2.96213472463396e-06
3.90200523998829e+04	-2.01799289927118e-05,-2.90199379295832e-06
3.92914583275660e+04	-1.99076535936379e-05,-2.84306309197252e-06
3.95647520327649e+04	-1.96389779750261e-05,-2.78531862994034e-06
3.98399466460105e+04	-1.93738565250189e-05,-2.72873687867620e-06
4.01170553891638e+04	-1.91122441565020e-05,-2.67329476498971e-06
4.03960915760513e+04	-1.88540963025161e-05,-2.61896966227493e-06
4.06770686131043e+04	-1.85993689116670e-05,-2.56573938224203e-06
4.09600000000034e+04	-1.83480184435353e-05,-2.51358216678963e-06
4.12448993303266e+04	-1.81000018640879e-05,-2.46247668001576e-06
4.15317802922030e+04	-1.78552766410916e-05,-2.41240200036536e-06
4.18206566689701e+04	-1.76138007395317e-05,-2.36333761291262e-06
4.21115423398359e+04	-1.73755326170348e-05,-2.31526340177603e-06
4.24044512805463e+04	-1.71404312192996e-05,-2.26815964266433e-06
4.26993975640559e+04	-1.69084559755344e-05,-2.22200699555140e-06
4.29963953612044e+04	-1.66795667939048e-05,-2.17678649747825e-06
4.32954589413977e+04	-1.64537240569909e-05,-2.13247955548023e-06
4.35966026732932e+04	-1.62308886172560e-05,-2.08906793963757e-06
4.38998410254902e+04	-1.60110217925278e-05,-2.04653377624749e-06
4.41000000000000e+04	-1.58683195582560e-05,-2.01908731294123e-06
