Freq.	V(vout)
2.00000000000000e+01	7.99479528630948e-01,-4.00639403695029e-01
2.01391110011344e+01	7.97247338200220e-01,-4.02301087866741e-01
2.02791895958006e+01	7.94996662841985e-01,-4.03957124223922e-01
2.04202425141439e+01	7.92727490945260e-01,-4.05607282625033e-01
2.05622765331213e+01	7.90439814291170e-01,-4.07251331209348e-01
2.07052984768276e+01	7.88133628111351e-01,-4.08889036446843e-01
2.08493152168224e+01	7.85808931145758e-01,-4.10520163189865e-01
2.09943336724614e+01	7.83465725699844e-01,-4.12144474726599e-01
2.11403608112276e+01	7.81104017701044e-01,-4.13761732836336e-01
2.12874036490672e+01	7.78723816754513e-01,-4.15371697846534e-01
2.14354692507259e+01	7.76325136198059e-01,-4.16974128691680e-01
2.15845647300886e+01	7.73907993156221e-01,-4.18568782973950e-01
2.17346972505212e+01	7.71472408593426e-01,-4.20155417025649e-01
2.18858740252148e+01	7.69018407366174e-01,-4.21733785973450e-01
2.20381023175322e+01	7.66546018274196e-01,-4.23303643804396e-01
2.21913894413569e+01	7.64055274110507e-01,-4.24864743433676e-01
2.23457427614444e+01	7.61546211710330e-01,-4.26416836774158e-01
2.25011696937762e+01	7.59018871998792e-01,-4.27959674807652e-01
2.26576777059160e+01	7.56473300037361e-01,-4.29493007657912e-01
2.28152743173685e+01	7.53909545068958e-01,-4.31016584665334e-01
2.29739670999407e+01	7.51327660561673e-01,-4.32530154463349e-01
2.31337636781058e+01	7.48727704251040e-01,-4.34033465056475e-01
2.32946717293691e+01	7.46109738180802e-01,-4.35526263900015e-01
2.34566989846376e+01	7.43473828742111e-01,-4.37008297981368e-01
2.36198532285906e+01	7.40820046711101e-01,-4.38479313902925e-01
2.37841423000545e+01	7.38148467284774e-01,-4.39939057966526e-01
2.39495740923786e+01	7.35459170115150e-01,-4.41387276259432e-01
2.41161565538152e+01	7.32752239341603e-01,-4.42823714741789e-01
2.42838976879010e+01	7.30027763621347e-01,-4.44248119335548e-01
2.44528055538414e+01	7.27285836157999e-01,-4.45660236014783e-01
2.46228882668984e+01	7.24526554728174e-01,-4.47059810897389e-01
2.47941539987798e+01	7.21750021706044e-01,-4.48446590338104e-01
2.49666109780323e+01	7.18956344085821e-01,-4.49820321022801e-01
2.51402674904366e+01	7.16145633502096e-01,-4.51180750064024e-01
2.53151318794057e+01	7.13318006247993e-01,-4.52527625097694e-01
2.54912125463853e+01	7.10473583291075e-01,-4.53860694380944e-01
2.56685179512581e+01	7.07612490286965e-01,-4.55179706891028e-01
2.58470566127499e+01	7.04734857590619e-01,-4.56484412425243e-01
2.60268371088387e+01	7.01840820265220e-01,-4.57774561701805e-01
2.62078680771673e+01	6.98930518088625e-01,-4.59049906461625e-01
2.63901582154580e+01	6.96004095557346e-01,-4.60310199570909e-01
2.65737162819303e+01	6.93061701887999e-01,-4.61555195124523e-01
2.67585510957223e+01	6.90103491016200e-01,-4.62784648550065e-01
2.69446715373139e+01	6.87129621592852e-01,-4.63998316712549e-01
2.71320865489535e+01	6.84140256977799e-01,-4.65195958019666e-01
2.73208051350880e+01	6.81135565230807e-01,-4.66377332527512e-01
2.75108363627950e+01	6.78115719099837e-01,-4.67542202046733e-01
2.77021893622186e+01	6.75080896006583e-01,-4.68690330249005e-01
2.78948733270082e+01	6.72031278029249e-01,-4.69821482773764e-01
2.80888975147600e+01	6.68967051882530e-01,-4.70935427335114e-01
2.82842712474620e+01	6.65888408894789e-01,-4.72031933828828e-01
2.84810039119415e+01	6.62795544982390e-01,-4.73110774439362e-01
2.86791049603166e+01	6.59688660621192e-01,-4.74171723746798e-01
2.88785839104500e+01	6.56567960815161e-01,-4.75214558833627e-01
2.90794503464063e+01	6.53433655062118e-01,-4.76239059391292e-01
2.92817139189126e+01	6.50285957316587e-01,-4.77245007826403e-01
2.94853843458221e+01	6.47125085949755e-01,-4.78232189366529e-01
2.96904714125811e+01	6.43951263706525e-01,-4.79200392165489e-01
2.98969849726989e+01	6.40764717659675e-01,-4.80149407408044e-01
3.01049349482215e+01	6.37565679161116e-01,-4.81079029413908e-01
3.03143313302081e+01	6.34354383790258e-01,-4.81989055740974e-01
3.05251841792113e+01	6.31131071299491e-01,-4.82879287287687e-01
3.07375036257604e+01	6.27895985556792e-01,-4.83749528394442e-01
3.09512998708479e+01	6.24649374485480e-01,-4.84599586943950e-01
3.11665831864201e+01	6.21391490001121e-01,-4.85429274460453e-01
3.13833639158702e+01	6.18122587945628e-01,-4.86238406207712e-01
3.16016524745352e+01	6.14842928018552e-01,-4.87026801285672e-01
3.18214593501969e+01	6.11552773705618e-01,-4.87794282725716e-01
3.20427951035850e+01	6.08252392204521e-01,-4.88540677584419e-01
3.22656703688852e+01	6.04942054348024e-01,-4.89265817035706e-01
3.24900958542496e+01	6.01622034524386e-01,-4.89969536461334e-01
3.27160823423114e+01	5.98292610595178e-01,-4.90651675539612e-01
3.29436406907031e+01	5.94954063810510e-01,-4.91312078332256e-01
3.31727818325778e+01	5.91606678721734e-01,-4.91950593369317e-01
3.34035167771350e+01	5.88250743091664e-01,-4.92567073732084e-01
3.36358566101488e+01	5.84886547802365e-01,-4.93161377133876e-01
3.38698124945013e+01	5.81514386760575e-01,-4.93733365998658e-01
3.41053956707185e+01	5.78134556800818e-01,-4.94282907537384e-01
3.43426174575103e+01	5.74747357586259e-01,-4.94809873822004e-01
3.45814892523148e+01	5.71353091507389e-01,-4.95314141857048e-01
3.48220225318452e+01	5.67952063578578e-01,-4.95795593648725e-01
3.50642288526416e+01	5.64544581332602e-01,-4.96254116271450e-01
3.53081198516264e+01	5.61130954713187e-01,-4.96689601931753e-01
3.55537072466630e+01	5.57711495965666e-01,-4.97101948029478e-01
3.58010028371191e+01	5.54286519525816e-01,-4.97491057216227e-01
3.60500185044334e+01	5.50856341906966e-01,-4.97856837450979e-01
3.63007662126867e+01	5.47421281585454e-01,-4.98199202052827e-01
3.65532580091762e+01	5.43981658884517e-01,-4.98518069750776e-01
3.68075060249952e+01	5.40537795856712e-01,-4.98813364730555e-01
3.70635224756151e+01	5.37090016164939e-01,-4.99085016678384e-01
3.73213196614725e+01	5.33638644962188e-01,-4.99332960821655e-01
3.75809099685607e+01	5.30184008770067e-01,-4.99557137966482e-01
3.78423058690241e+01	5.26726435356239e-01,-4.99757494532082e-01
3.81055199217578e+01	5.23266253610843e-01,-4.99933982581943e-01
3.83705647730108e+01	5.19803793422010e-01,-5.00086559851756e-01
3.86374531569941e+01	5.16339385550567e-01,-5.00215189774072e-01
3.89061978964917e+01	5.12873361504033e-01,-5.00319841499655e-01
3.91768119034774e+01	5.09406053410001e-01,-5.00400489915525e-01
3.94493081797347e+01	5.05937793889029e-01,-5.00457115659644e-01
3.97236998174817e+01	5.02468915927112e-01,-5.00489705132260e-01
4.00000000000003e+01	4.98999752747866e-01,-5.00498250503870e-01
4.02782220022691e+01	4.95530637684520e-01,-5.00482749719806e-01
4.05583791916015e+01	4.92061904051809e-01,-5.00443206501442e-01
4.08404850282880e+01	4.88593885017889e-01,-5.00379630344010e-01
4.11245530662430e+01	4.85126913476373e-01,-5.00292036511042e-01
4.14105969536554e+01	4.81661321918583e-01,-5.00180446025420e-01
4.16986304336452e+01	4.78197442306141e-01,-5.00044885657077e-01
4.19886673449230e+01	4.74735605943984e-01,-4.99885387907336e-01
4.22807216224556e+01	4.71276143353913e-01,-4.99701990989906e-01
4.25748072981347e+01	4.67819384148787e-01,-4.99494738808577e-01
4.28709385014521e+01	4.64365656907451e-01,-4.99263680931613e-01
4.31691294601774e+01	4.60915289050497e-01,-4.99008872562880e-01
4.34693945010427e+01	4.57468606716976e-01,-4.98730374509753e-01
4.37717480504299e+01	4.54025934642132e-01,-4.98428253147810e-01
4.40762046350648e+01	4.50587596036282e-01,-4.98102580382378e-01
4.43827788827142e+01	4.47153912464914e-01,-4.97753433606952e-01
4.46914855228892e+01	4.43725203730106e-01,-4.97380895658550e-01
4.50023393875528e+01	4.40301787753363e-01,-4.96985054770028e-01
4.53153554118323e+01	4.36883980459951e-01,-4.96566004519432e-01
4.56305486347374e+01	4.33472095664821e-01,-4.96123843776419e-01
4.59479341998818e+01	4.30066444960206e-01,-4.95658676645824e-01
4.62675273562119e+01	4.26667337604978e-01,-4.95170612408404e-01
4.65893434587387e+01	4.23275080415840e-01,-4.94659765458856e-01
4.69133979692756e+01	4.19889977660436e-01,-4.94126255241146e-01
4.72397064571817e+01	4.16512330952453e-01,-4.93570206181230e-01
4.75682846001093e+01	4.13142439148787e-01,-4.92991747617230e-01
4.78991481847576e+01	4.09780598248840e-01,-4.92391013727143e-01
4.82323131076309e+01	4.06427101296029e-01,-4.91768143454155e-01
4.85677953758023e+01	4.03082238281552e-01,-4.91123280429627e-01
4.89056111076832e+01	3.99746296050492e-01,-4.90456572893852e-01
4.92457765337971e+01	3.96419558210300e-01,-4.89768173614636e-01
4.95883079975600e+01	3.93102305041727e-01,-4.89058239803806e-01
4.99332219560650e+01	3.89794813412251e-01,-4.88326933031718e-01
5.02805349808736e+01	3.86497356692044e-01,-4.87574419139854e-01
5.06302637588117e+01	3.83210204672543e-01,-4.86800868151581e-01
5.09824250927710e+01	3.79933623487640e-01,-4.86006454181182e-01
5.13370359025167e+01	3.76667875537555e-01,-4.85191355341224e-01
5.16941132255002e+01	3.73413219415427e-01,-4.84355753648363e-01
5.20536742176779e+01	3.70169909836628e-01,-4.83499834927674e-01
5.24157361543351e+01	3.66938197570880e-01,-4.82623788715592e-01
5.27803164309163e+01	3.63718329377146e-01,-4.81727808161564e-01
5.31474325638610e+01	3.60510547941368e-01,-4.80812089928490e-01
5.35171021914451e+01	3.57315091817036e-01,-4.79876834092053e-01
5.38893430746282e+01	3.54132195368625e-01,-4.78922244039023e-01
5.42641730979075e+01	3.50962088717912e-01,-4.77948526364638e-01
5.46416102701764e+01	3.47804997693169e-01,-4.76955890769133e-01
5.50216727255904e+01	3.44661143781265e-01,-4.75944549953530e-01
5.54043787244376e+01	3.41530744082655e-01,-4.74914719514759e-01
5.57897466540169e+01	3.38414011269275e-01,-4.73866617840218e-01
5.61777950295205e+01	3.35311153545338e-01,-4.72800466001842e-01
5.65685424949245e+01	3.32222374611015e-01,-4.71716487649795e-01
5.69620078238835e+01	3.29147873629015e-01,-4.70614908905839e-01
5.73582099206338e+01	3.26087845194029e-01,-4.69495958256502e-01
5.77571678209005e+01	3.23042479305046e-01,-4.68359866446103e-01
5.81589006928131e+01	3.20011961340509e-01,-4.67206866369735e-01
5.85634278378257e+01	3.16996472036301e-01,-4.66037192966280e-01
5.89707686916448e+01	3.13996187466539e-01,-4.64851083111547e-01
5.93809428251627e+01	3.11011279027149e-01,-4.63648775511604e-01
5.97939699453983e+01	3.08041913422199e-01,-4.62430510596386e-01
6.02098698964434e+01	3.05088252652953e-01,-4.61196530413667e-01
6.06286626604167e+01	3.02150454009629e-01,-4.59947078523452e-01
6.10503683584231e+01	2.99228670065819e-01,-4.58682399892883e-01
6.14750072515213e+01	2.96323048675530e-01,-4.57402740791718e-01
6.19025997416964e+01	2.93433732972820e-01,-4.56108348688461e-01
6.23331663728408e+01	2.90560861373989e-01,-4.54799472147207e-01
6.27667278317409e+01	2.87704567582268e-01,-4.53476360725273e-01
6.32033049490710e+01	2.84864980594980e-01,-4.52139264871681e-01
6.36429187003943e+01	2.82042224713131e-01,-4.50788435826544e-01
6.40855902071706e+01	2.79236419553356e-01,-4.49424125521437e-01
6.45313407377709e+01	2.76447680062212e-01,-4.48046586480786e-01
6.49801917084997e+01	2.73676116532735e-01,-4.46656071724357e-01
6.54321646846233e+01	2.70921834623232e-01,-4.45252834670883e-01
6.58872813814067e+01	2.68184935378245e-01,-4.43837129042879e-01
6.63455636651562e+01	2.65465515251633e-01,-4.42409208772714e-01
6.68070335542704e+01	2.62763666131734e-01,-4.40969327909966e-01
6.72717132202981e+01	2.60079475368524e-01,-4.39517740530119e-01
6.77396249890031e+01	2.57413025802748e-01,-4.38054700644641e-01
6.82107913414375e+01	2.54764395796942e-01,-4.36580462112483e-01
6.86852349150212e+01	2.52133659268303e-01,-4.35095278553043e-01
6.91629785046302e+01	2.49520885723341e-01,-4.33599403260625e-01
6.96440450636909e+01	2.46926140294260e-01,-4.32093089120430e-01
7.01284577052838e+01	2.44349483777010e-01,-4.30576588526116e-01
7.06162397032534e+01	2.41790972670939e-01,-4.29050153298949e-01
7.11074144933266e+01	2.39250659220004e-01,-4.27514034608578e-01
7.16020056742388e+01	2.36728591455467e-01,-4.25968482895456e-01
7.21000370088674e+01	2.34224813240023e-01,-4.24413747794941e-01
7.26015324253739e+01	2.31739364313295e-01,-4.22850078063077e-01
7.31065160183531e+01	2.29272280338644e-01,-4.21277721504102e-01
7.36150120499911e+01	2.26823592951226e-01,-4.19696924899673e-01
7.41270449512307e+01	2.24393329807247e-01,-4.18107933939847e-01
7.46426393229457e+01	2.21981514634340e-01,-4.16510993155810e-01
7.51618199371220e+01	2.19588167283030e-01,-4.14906345854388e-01
7.56846117380488e+01	2.17213303779197e-01,-4.13294234054322e-01
7.62110398435161e+01	2.14856936377514e-01,-4.11674898424344e-01
7.67411295460223e+01	2.12519073615773e-01,-4.10048578223033e-01
7.72749063139888e+01	2.10199720370056e-01,-4.08415511240480e-01
7.78123957929840e+01	2.07898877910695e-01,-4.06775933741733e-01
7.83536238069553e+01	2.05616543958963e-01,-4.05130080412059e-01
7.88986163594699e+01	2.03352712744438e-01,-4.03478184303992e-01
7.94473996349641e+01	2.01107375062991e-01,-4.01820476786177e-01
8.00000000000012e+01	1.98880518335341e-01,-4.00157187494006e-01
8.05564440045387e+01	1.96672126666127e-01,-3.98488544282037e-01
8.11167583832036e+01	1.94482180903442e-01,-3.96814773178188e-01
8.16809700565767e+01	1.92310658698782e-01,-3.95136098339697e-01
8.22491061324866e+01	1.90157534567358e-01,-3.93452742010846e-01
8.28211939073115e+01	1.88022779948720e-01,-3.91764924482425e-01
8.33972608672910e+01	1.85906363267651e-01,-3.90072864052925e-01
8.39773346898467e+01	1.83808249995279e-01,-3.88376776991463e-01
8.45614432449118e+01	1.81728402710361e-01,-3.86676877502399e-01
8.51496145962701e+01	1.79666781160696e-01,-3.84973377691641e-01
8.57418770029048e+01	1.77623342324630e-01,-3.83266487534631e-01
8.63382589203556e+01	1.75598040472592e-01,-3.81556414845970e-01
8.69387890020860e+01	1.73590827228641e-01,-3.79843365250682e-01
8.75434961008606e+01	1.71601651631969e-01,-3.78127542157092e-01
8.81524092701303e+01	1.69630460198326e-01,-3.76409146731291e-01
8.87655577654290e+01	1.67677196981330e-01,-3.74688377873172e-01
8.93829710457790e+01	1.65741803633624e-01,-3.72965432194016e-01
9.00046787751062e+01	1.63824219467840e-01,-3.71240503995600e-01
9.06307108236654e+01	1.61924381517343e-01,-3.69513785250800e-01
9.12610972694754e+01	1.60042224596720e-01,-3.67785465585678e-01
9.18958683997643e+01	1.58177681361970e-01,-3.66055732263017e-01
9.25350547124245e+01	1.56330682370386e-01,-3.64324770167270e-01
9.31786869174780e+01	1.54501156140079e-01,-3.62592761790926e-01
9.38267959385519e+01	1.52689029209122e-01,-3.60859887222232e-01
9.44794129143640e+01	1.50894226194291e-01,-3.59126324134271e-01
9.51365692002193e+01	1.49116669849374e-01,-3.57392247775346e-01
9.57982963695159e+01	1.47356281123015e-01,-3.55657830960670e-01
9.64646262152625e+01	1.45612979216080e-01,-3.53923244065305e-01
9.71355907516054e+01	1.43886681638516e-01,-3.52188655018339e-01
9.78112222153672e+01	1.42177304265682e-01,-3.50454229298277e-01
9.84915530675950e+01	1.40484761394128e-01,-3.48720129929596e-01
9.91766159951206e+01	1.38808965796812e-01,-3.46986517480462e-01
9.98664439121307e+01	1.37149828777722e-01,-3.45253550061558e-01
1.00561069961748e+02	1.35507260225897e-01,-3.43521383326013e-01
1.01260527517624e+02	1.33881168668821e-01,-3.41790170470385e-01
1.01964850185543e+02	1.32271461325188e-01,-3.40060062236688e-01
1.02674071805034e+02	1.30678044157006e-01,-3.38331206915416e-01
1.03388226451001e+02	1.29100821921033e-01,-3.36603750349552e-01
1.04107348435357e+02	1.27539698219544e-01,-3.34877835939520e-01
1.04831472308671e+02	1.25994575550399e-01,-3.33153604649064e-01
1.05560632861833e+02	1.24465355356406e-01,-3.31431195012012e-01
1.06294865127723e+02	1.22951938073980e-01,-3.29710743139914e-01
1.07034204382891e+02	1.21454223181074e-01,-3.27992382730504e-01
1.07778686149257e+02	1.19972109244386e-01,-3.26276245076982e-01
1.08528346195816e+02	1.18505493965818e-01,-3.24562459078073e-01
1.09283220540354e+02	1.17054274228203e-01,-3.22851151248843e-01
1.10043345451182e+02	1.15618346140272e-01,-3.21142445732232e-01
1.10808757448876e+02	1.14197605080875e-01,-3.19436464311306e-01
1.11579493308035e+02	1.12791945742430e-01,-3.17733326422167e-01
1.12355590059042e+02	1.11401262173619e-01,-3.16033149167522e-01
1.13137084989850e+02	1.10025447821315e-01,-3.14336047330867e-01
1.13924015647768e+02	1.08664395571732e-01,-3.12642133391276e-01
1.14716419841268e+02	1.07317997790817e-01,-3.10951517538758e-01
1.15514335641802e+02	1.05986146363860e-01,-3.09264307690163e-01
1.16317801385627e+02	1.04668732734336e-01,-3.07580609505613e-01
1.17126855675652e+02	1.03365647941974e-01,-3.05900526405430e-01
1.17941537383290e+02	1.02076782660055e-01,-3.04224159587547e-01
1.18761885650326e+02	1.00802027231939e-01,-3.02551608045362e-01
1.19587939890797e+02	9.95412717068239e-02,-3.00882968586036e-01
1.20419739792888e+02	9.82944058747375e-02,-2.99218335849185e-01
1.21257325320834e+02	9.70613193007670e-02,-2.97557802325975e-01
1.22100736716847e+02	9.58419013585274e-02,-2.95901458378569e-01
1.22950014503043e+02	9.46360412628738e-02,-2.94249392259925e-01
1.23805199483394e+02	9.34436281018608e-02,-2.92601690133920e-01
1.24666332745682e+02	9.22645508679539e-02,-2.90958436095772e-01
1.25533455663483e+02	9.10986984884981e-02,-2.89319712192750e-01
1.26406609898143e+02	8.99459598554477e-02,-2.87685598445153e-01
1.27285837400790e+02	8.88062238543651e-02,-2.86056172867530e-01
1.28171180414342e+02	8.76793793926914e-02,-2.84431511490128e-01
1.29062681475543e+02	8.65653154272989e-02,-2.82811688380558e-01
1.29960383417000e+02	8.54639209913279e-02,-2.81196775665645e-01
1.30864329369248e+02	8.43750852203182e-02,-2.79586843553460e-01
1.31774562762814e+02	8.32986973776401e-02,-2.77981960355511e-01
1.32691127330313e+02	8.22346468792330e-02,-2.76382192509075e-01
1.33614067108542e+02	8.11828233176595e-02,-2.74787604599663e-01
1.34543426440597e+02	8.01431164854816e-02,-2.73198259383590e-01
1.35479249978007e+02	7.91154163979692e-02,-2.71614217810652e-01
1.36421582682876e+02	7.80996133151457e-02,-2.70035539046880e-01
1.37370469830043e+02	7.70955977631826e-02,-2.68462280497367e-01
1.38325957009261e+02	7.61032605551488e-02,-2.66894497829152e-01
1.39288090127383e+02	7.51224928111255e-02,-2.65332244994142e-01
1.40256915410569e+02	7.41531859776929e-02,-2.63775574252075e-01
1.41232479406508e+02	7.31952318468004e-02,-2.62224536193486e-01
1.42214828986654e+02	7.22485225740273e-02,-2.60679179762696e-01
1.43204011348479e+02	7.13129506962432e-02,-2.59139552280785e-01
1.44200074017736e+02	7.03884091486791e-02,-2.57605699468550e-01
1.45203064850749e+02	6.94747912814157e-02,-2.56077665469443e-01
1.46213032036707e+02	6.85719908753009e-02,-2.54555492872464e-01
1.47230024099983e+02	6.76799021573034e-02,-2.53039222735008e-01
1.48254089902463e+02	6.67984198153145e-02,-2.51528894605665e-01
1.49285278645892e+02	6.59274390124045e-02,-2.50024546546940e-01
1.50323639874245e+02	6.50668554005459e-02,-2.48526215157907e-01
1.51369223476099e+02	6.42165651338115e-02,-2.47033935596780e-01
1.52422079687033e+02	6.33764648810565e-02,-2.45547741603390e-01
1.53482259092046e+02	6.25464518380958e-02,-2.44067665521561e-01
1.54549812627979e+02	6.17264237393837e-02,-2.42593738321386e-01
1.55624791585969e+02	6.09162788692079e-02,-2.41125989621381e-01
1.56707247613912e+02	6.01159160724051e-02,-2.39664447710529e-01
1.57797232718941e+02	5.93252347646091e-02,-2.38209139570182e-01
1.58894799269929e+02	5.85441349420400e-02,-2.36760090895845e-01
1.60000000000004e+02	5.77725171908441e-02,-2.35317326118809e-01
1.61112888009079e+02	5.70102826959941e-02,-2.33880868427649e-01
1.62233516766408e+02	5.62573332497581e-02,-2.32450739789557e-01
1.63361940113155e+02	5.55135712597475e-02,-2.31026960971540e-01
1.64498212264974e+02	5.47788997565517e-02,-2.29609551561435e-01
1.65642387814624e+02	5.40532224009707e-02,-2.28198529988780e-01
1.66794521734583e+02	5.33364434908518e-02,-2.26793913545498e-01
1.67954669379695e+02	5.26284679675424e-02,-2.25395718406423e-01
1.69122886489825e+02	5.19292014219644e-02,-2.24003959649634e-01
1.70299229192542e+02	5.12385501003225e-02,-2.22618651276622e-01
1.71483754005811e+02	5.05564209094523e-02,-2.21239806232263e-01
1.72676517840712e+02	4.98827214218174e-02,-2.19867436424612e-01
1.73877578004173e+02	4.92173598801655e-02,-2.18501552744496e-01
1.75086992201722e+02	4.85602452018499e-02,-2.17142165084924e-01
1.76304818540262e+02	4.79112869828255e-02,-2.15789282360300e-01
1.77531115530859e+02	4.72703955013280e-02,-2.14442912525433e-01
1.78765942091559e+02	4.66374817212439e-02,-2.13103062594352e-01
1.80009357550214e+02	4.60124572951784e-02,-2.11769738658918e-01
1.81261421647332e+02	4.53952345672312e-02,-2.10442945907233e-01
1.82522194538952e+02	4.47857265754859e-02,-2.09122688641843e-01
1.83791736799530e+02	4.41838470542220e-02,-2.07808970297734e-01
1.85070109424850e+02	4.35895104358561e-02,-2.06501793460125e-01
1.86357373834957e+02	4.30026318526206e-02,-2.05201159882041e-01
1.87653591877105e+02	4.24231271379868e-02,-2.03907070501695e-01
1.88958825828729e+02	4.18509128278393e-02,-2.02619525459636e-01
1.90273138400440e+02	4.12859061614096e-02,-2.01338524115711e-01
1.91596592739033e+02	4.07280250819750e-02,-2.00064065065790e-01
1.92929252430526e+02	4.01771882373308e-02,-1.98796146158303e-01
1.94271181503212e+02	3.96333149800408e-02,-1.97534764510544e-01
1.95622444430736e+02	3.90963253674751e-02,-1.96279916524781e-01
1.96983106135191e+02	3.85661401616394e-02,-1.95031597904137e-01
1.98353231990243e+02	3.80426808288037e-02,-1.93789803668271e-01
1.99732887824263e+02	3.75258695389364e-02,-1.92554528168841e-01
2.01122139923497e+02	3.70156291649494e-02,-1.91325765104757e-01
2.02521055035250e+02	3.65118832817612e-02,-1.90103507537222e-01
2.03929700371087e+02	3.60145561651830e-02,-1.88887747904565e-01
2.05348143610070e+02	3.55235727906345e-02,-1.87678478036857e-01
2.06776452902004e+02	3.50388588316945e-02,-1.86475689170327e-01
2.08214696870715e+02	3.45603406584919e-02,-1.85279371961561e-01
2.09662944617343e+02	3.40879453359436e-02,-1.84089516501498e-01
2.11121265723668e+02	3.36216006218432e-02,-1.82906112329220e-01
2.12589730255447e+02	3.31612349648064e-02,-1.81729148445527e-01
2.14068408765783e+02	3.27067775020792e-02,-1.80558613326322e-01
2.15557372298516e+02	3.22581580572125e-02,-1.79394494935779e-01
2.17056692391633e+02	3.18153071376086e-02,-1.78236780739318e-01
2.18566441080709e+02	3.13781559319450e-02,-1.77085457716370e-01
2.20086690902365e+02	3.09466363074793e-02,-1.75940512372952e-01
2.21617514897754e+02	3.05206808072407e-02,-1.74801930754037e-01
2.23158986616071e+02	3.01002226471116e-02,-1.73669698455725e-01
2.24711180118085e+02	2.96851957128054e-02,-1.72543800637227e-01
2.26274169979701e+02	2.92755345567427e-02,-1.71424222032647e-01
2.27848031295537e+02	2.88711743948315e-02,-1.70310946962576e-01
2.29432839682538e+02	2.84720511031561e-02,-1.69203959345493e-01
2.31028671283605e+02	2.80781012145761e-02,-1.68103242708977e-01
2.32635602771256e+02	2.76892619152433e-02,-1.67008780200731e-01
2.34253711351306e+02	2.73054710410361e-02,-1.65920554599423e-01
2.35883074766582e+02	2.69266670739192e-02,-1.64838548325342e-01
2.37523771300654e+02	2.65527891382289e-02,-1.63762743450865e-01
2.39175879781596e+02	2.61837769968896e-02,-1.62693121710755e-01
2.40839479585777e+02	2.58195710475643e-02,-1.61629664512271e-01
2.42514650641670e+02	2.54601123187425e-02,-1.60572352945106e-01
2.44201473433696e+02	2.51053424657687e-02,-1.59521167791145e-01
2.45900029006089e+02	2.47552037668149e-02,-1.58476089534058e-01
2.47610398966789e+02	2.44096391188004e-02,-1.57437098368713e-01
2.49332665491367e+02	2.40685920332611e-02,-1.56404174210424e-01
2.51066911326967e+02	2.37320066321725e-02,-1.55377296704033e-01
2.52813219796288e+02	2.33998276437282e-02,-1.54356445232820e-01
2.54571674801581e+02	2.30720003980775e-02,-1.53341598927259e-01
2.56342360828686e+02	2.27484708230236e-02,-1.52332736673603e-01
2.58125362951087e+02	2.24291854396876e-02,-1.51329837122315e-01
2.59920766834002e+02	2.21140913581371e-02,-1.50332878696338e-01
2.61728658738497e+02	2.18031362729854e-02,-1.49341839599211e-01
2.63549125525631e+02	2.14962684589620e-02,-1.48356697823034e-01
2.65382254660629e+02	2.11934367664566e-02,-1.47377431156273e-01
2.67228134217086e+02	2.08945906170402e-02,-1.46404017191420e-01
2.69086852881196e+02	2.05996799989636e-02,-1.45436433332510e-01
2.70958499956016e+02	2.03086554626375e-02,-1.44474656802480e-01
2.72843165365754e+02	2.00214681160945e-02,-1.43518664650396e-01
2.74740939660089e+02	1.97380696204367e-02,-1.42568433758529e-01
2.76651914018525e+02	1.94584121852691e-02,-1.41623940849296e-01
2.78576180254768e+02	1.91824485641224e-02,-1.40685162492062e-01
2.80513830821139e+02	1.89101320498656e-02,-1.39752075109800e-01
2.82464958813018e+02	1.86414164701112e-02,-1.38824654985626e-01
2.84429657973310e+02	1.83762561826142e-02,-1.37902878269197e-01
2.86408022696959e+02	1.81146060706668e-02,-1.36986720982973e-01
2.88400148035474e+02	1.78564215384904e-02,-1.36076159028362e-01
2.90406129701500e+02	1.76016585066263e-02,-1.35171168191724e-01
2.92426064073417e+02	1.73502734073265e-02,-1.34271724150267e-01
2.94460048199969e+02	1.71022231799468e-02,-1.33377802477801e-01
2.96508179804927e+02	1.68574652663423e-02,-1.32489378650389e-01
2.98570557291787e+02	1.66159576062685e-02,-1.31606428051862e-01
3.00647279748492e+02	1.63776586327871e-02,-1.30728925979230e-01
3.02738446952199e+02	1.61425272676798e-02,-1.29856847647971e-01
3.04844159374069e+02	1.59105229168697e-02,-1.28990168197204e-01
3.06964518184094e+02	1.56816054658529e-02,-1.28128862694755e-01
3.09099625255960e+02	1.54557352751402e-02,-1.27272906142108e-01
3.11249583171940e+02	1.52328731757106e-02,-1.26422273479252e-01
3.13414495227826e+02	1.50129804644779e-02,-1.25576939589415e-01
3.15594465437884e+02	1.47960188997707e-02,-1.24736879303703e-01
3.17789598539861e+02	1.45819506968273e-02,-1.23902067405619e-01
3.20000000000009e+02	1.43707385233062e-02,-1.23072478635499e-01
3.22225776018160e+02	1.41623454948133e-02,-1.22248087694833e-01
3.24467033532819e+02	1.39567351704460e-02,-1.21428869250498e-01
3.26723880226312e+02	1.37538715483567e-02,-1.20614797938887e-01
3.28996424529951e+02	1.35537190613336e-02,-1.19805848369943e-01
3.31284775629251e+02	1.33562425724032e-02,-1.19001995131109e-01
3.33589043469169e+02	1.31614073704513e-02,-1.18203212791170e-01
3.35909338759392e+02	1.29691791658670e-02,-1.17409475904021e-01
3.38245772979652e+02	1.27795240862073e-02,-1.16620759012334e-01
3.40598458385085e+02	1.25924086718845e-02,-1.15837036651141e-01
3.42967508011624e+02	1.24077998718768e-02,-1.15058283351338e-01
3.45353035681427e+02	1.22256650394625e-02,-1.14284473643092e-01
3.47755156008349e+02	1.20459719279781e-02,-1.13515582059177e-01
3.50173984403447e+02	1.18686886866014e-02,-1.12751583138221e-01
3.52609637080526e+02	1.16937838561593e-02,-1.11992451427876e-01
3.55062231061721e+02	1.15212263649617e-02,-1.11238161487909e-01
3.57531884183121e+02	1.13509855246614e-02,-1.10488687893217e-01
3.60018715100430e+02	1.11830310261398e-02,-1.09744005236763e-01
3.62522843294667e+02	1.10173329354205e-02,-1.09004088132442e-01
3.65044389077907e+02	1.08538616896093e-02,-1.08268911217870e-01
3.67583473599063e+02	1.06925880928619e-02,-1.07538449157105e-01
3.70140218849704e+02	1.05334833123798e-02,-1.06812676643292e-01
3.72714747669917e+02	1.03765188744341e-02,-1.06091568401246e-01
3.75307183754213e+02	1.02216666604178e-02,-1.05375099189965e-01
3.77917651657462e+02	1.00688989029270e-02,-1.04663243805069e-01
3.80546276800883e+02	9.91818818187065e-03,-1.03955977081186e-01
3.83193185478069e+02	9.76950742061013e-03,-1.03253273894266e-01
3.85858504861056e+02	9.62282988212755e-03,-1.02555109163834e-01
3.88542363006427e+02	9.47812916522405e-03,-1.01861457855179e-01
3.91244888861474e+02	9.33537920074778e-03,-1.01172294981490e-01
3.93966212270386e+02	9.19455424785172e-03,-1.00487595605922e-01
3.96706463980488e+02	9.05562889028161e-03,-9.98073348436150e-02
3.99465775648529e+02	8.91857803269407e-03,-9.91314878636446e-02
4.02244279846998e+02	8.78337689700493e-03,-9.84600298909266e-02
4.05042110070503e+02	8.65000101876806e-03,-9.77929362080608e-02
4.07859400742177e+02	8.51842624358462e-03,-9.71301821571229e-02
4.10696287220143e+02	8.38862872354281e-03,-9.64717431414038e-02
4.13552905804011e+02	8.26058491368828e-03,-9.58175946270965e-02
4.16429393741432e+02	8.13427156852513e-03,-9.51677121449328e-02
4.19325889234690e+02	8.00966573854768e-03,-9.45220712917709e-02
4.22242531447340e+02	7.88674476680283e-03,-9.38806477321327e-02
4.25179460510898e+02	7.76548628548318e-03,-9.32434171996953e-02
4.28136817531570e+02	7.64586821255083e-03,-9.26103554987344e-02
4.31114744597035e+02	7.52786874839195e-03,-9.19814385055227e-02
4.34113384783269e+02	7.41146637250193e-03,-9.13566421696828e-02
4.37132882161421e+02	7.29663984020124e-03,-9.07359425154970e-02
4.40173381804733e+02	7.18336817938189e-03,-9.01193156431733e-02
4.43235029795511e+02	7.07163068728441e-03,-8.95067377300697e-02
4.46317973232145e+02	6.96140692730541e-03,-8.88981850318770e-02
4.49422360236174e+02	6.85267672583549e-03,-8.82936338837612e-02
4.52548339959406e+02	6.74542016912759e-03,-8.76930607014664e-02
4.55696062591078e+02	6.63961760019555e-03,-8.70964419823792e-02
4.58865679365080e+02	6.53524961574298e-03,-8.65037543065545e-02
4.62057342567214e+02	6.43229706312211e-03,-8.59149743377046e-02
4.65271205542515e+02	6.33074103732272e-03,-8.53300788241524e-02
4.68507422702616e+02	6.23056287799092e-03,-8.47490445997477e-02
4.71766149533168e+02	6.13174416647779e-03,-8.41718485847503e-02
4.75047542601312e+02	6.03426672291757e-03,-8.35984677866776e-02
4.78351759563197e+02	5.93811260333549e-03,-8.30288793011201e-02
4.81678959171558e+02	5.84326409678491e-03,-8.24630603125231e-02
4.85029301283344e+02	5.74970372251384e-03,-8.19009880949375e-02
4.88402946867396e+02	5.65741422716047e-03,-8.13426400127389e-02
4.91800058012181e+02	5.56637858197782e-03,-8.07879935213161e-02
4.95220797933582e+02	5.47657998008709e-03,-8.02370261677298e-02
4.98665330982737e+02	5.38800183375979e-03,-7.96897155913425e-02
5.02133822653938e+02	5.30062777172836e-03,-7.91460395244194e-02
5.05626439592579e+02	5.21444163652512e-03,-7.86059757927013e-02
5.09143349603166e+02	5.12942748184951e-03,-7.80695023159507e-02
5.12684721657376e+02	5.04556956996324e-03,-7.75365971084710e-02
5.16250725902179e+02	4.96285236911339e-03,-7.70072382795991e-02
5.19841533668009e+02	4.88126055098315e-03,-7.64814040341736e-02
5.23457317476998e+02	4.80077898817008e-03,-7.59590726729771e-02
5.27098251051265e+02	4.72139275169168e-03,-7.54402225931548e-02
5.30764509321261e+02	4.64308710851809e-03,-7.49248322886085e-02
5.34456268434175e+02	4.56584751913181e-03,-7.44128803503689e-02
5.38173705762396e+02	4.48965963511411e-03,-7.39043454669435e-02
5.41916999912037e+02	4.41450929675804e-03,-7.33992064246431e-02
5.45686330731512e+02	4.34038253070786e-03,-7.28974421078873e-02
5.49481879320182e+02	4.26726554762462e-03,-7.23990314994875e-02
5.53303828037053e+02	4.19514473987777e-03,-7.19039536809103e-02
5.57152360509539e+02	4.12400667926254e-03,-7.14121878325207e-02
5.61027661642283e+02	4.05383811474294e-03,-7.09237132338046e-02
5.64929917626039e+02	3.98462597022019e-03,-7.04385092635738e-02
5.68859315946625e+02	3.91635734232626e-03,-6.99565554001506e-02
5.72816045393923e+02	3.84901949824256e-03,-6.94778312215354e-02
5.76800296070952e+02	3.78259987354325e-03,-6.90023164055555e-02
5.80812259403004e+02	3.71708607006332e-03,-6.85299907299971e-02
5.84852128146837e+02	3.65246585379092e-03,-6.80608340727206e-02
5.88920096399941e+02	3.58872715278393e-03,-6.75948264117579e-02
5.93016359609859e+02	3.52585805511055e-03,-6.71319478253957e-02
5.97141114583579e+02	3.46384680681359e-03,-6.66721784922410e-02
6.01294559496990e+02	3.40268180989837e-03,-6.62154986912728e-02
6.05476893904404e+02	3.34235162034398e-03,-6.57618888018779e-02
6.09688318748142e+02	3.28284494613767e-03,-6.53113293038728e-02
6.13929036368192e+02	3.22415064533219e-03,-6.48638007775105e-02
6.18199250511924e+02	3.16625772412593e-03,-6.44192839034745e-02
6.22499166343886e+02	3.10915533496549e-03,-6.39777594628586e-02
6.26828990455656e+02	3.05283277467066e-03,-6.35392083371339e-02
6.31188930875773e+02	2.99727948258146e-03,-6.31036115081029e-02
6.35579197079727e+02	2.94248503872715e-03,-6.26709500578412e-02
6.40000000000024e+02	2.88843916201692e-03,-6.22412051686266e-02
6.44451552036324e+02	2.83513170845204e-03,-6.18143581228577e-02
6.48934067065643e+02	2.78255266935938e-03,-6.13903903029594e-02
6.53447760452628e+02	2.73069216964596e-03,-6.09692831912783e-02
6.57992849059907e+02	2.67954046607441e-03,-6.05510183699668e-02
6.62569551258507e+02	2.62908794555911e-03,-6.01355775208570e-02
6.67178086938343e+02	2.57932512348284e-03,-5.97229424253236e-02
6.71818677518788e+02	2.53024264203360e-03,-5.93130949641378e-02
6.76491545959309e+02	2.48183126856166e-03,-5.89060171173108e-02
6.81196916770176e+02	2.43408189395633e-03,-5.85016909639275e-02
6.85935016023254e+02	2.38698553104253e-03,-5.81000986819724e-02
6.90706071362860e+02	2.34053331299671e-03,-5.77012225481451e-02
6.95510312016704e+02	2.29471649178219e-03,-5.73050449376680e-02
7.00347968806900e+02	2.24952643660342e-03,-5.69115483240853e-02
7.05219274161058e+02	2.20495463237923e-03,-5.65207152790543e-02
7.10124462123448e+02	2.16099267823473e-03,-5.61325284721277e-02
7.15063768366248e+02	2.11763228601171e-03,-5.57469706705296e-02
7.20037430200866e+02	2.07486527879729e-03,-5.53640247389230e-02
7.25045686589339e+02	2.03268358947074e-03,-5.49836736391706e-02
7.30088778155819e+02	1.99107925926814e-03,-5.46059004300884e-02
7.35166947198131e+02	1.95004443636484e-03,-5.42306882671927e-02
7.40280437699413e+02	1.90957137447539e-03,-5.38580204024404e-02
7.45429495339841e+02	1.86965243147085e-03,-5.34878801839626e-02
7.50614367508432e+02	1.83028006801321e-03,-5.31202510557930e-02
7.55835303314929e+02	1.79144684620682e-03,-5.27551165575893e-02
7.61092553601771e+02	1.75314542826663e-03,-5.23924603243493e-02
7.66386370956144e+02	1.71536857520296e-03,-5.20322660861214e-02
7.71717009722117e+02	1.67810914552275e-03,-5.16745176677099e-02
7.77084726012860e+02	1.64136009394702e-03,-5.13191989883746e-02
7.82489777722954e+02	1.60511447014441e-03,-5.09662940615258e-02
7.87932424540777e+02	1.56936541748059e-03,-5.06157869944143e-02
7.93412927960983e+02	1.53410617178339e-03,-5.02676619878167e-02
7.98931551297063e+02	1.49933006012345e-03,-4.99219033357159e-02
8.04488559694002e+02	1.46503049961018e-03,-4.95784954249781e-02
8.10084220141011e+02	1.43120099620301e-03,-4.92374227350246e-02
8.15718801484360e+02	1.39783514353759e-03,-4.88986698375002e-02
8.21392574440291e+02	1.36492662176676e-03,-4.85622213959370e-02
8.27105811608028e+02	1.33246919641635e-03,-4.82280621654159e-02
8.32858787482871e+02	1.30045671725536e-03,-4.78961769922227e-02
8.38651778469386e+02	1.26888311718053e-03,-4.75665508135018e-02
8.44485062894686e+02	1.23774241111505e-03,-4.72391686569067e-02
8.50358921021801e+02	1.20702869492136e-03,-4.69140156402467e-02
8.56273635063146e+02	1.17673614432769e-03,-4.65910769711309e-02
8.62229489194076e+02	1.14685901386841e-03,-4.62703379466092e-02
8.68226769566545e+02	1.11739163583778e-03,-4.59517839528108e-02
8.74265764322848e+02	1.08832841925719e-03,-4.56354004645795e-02
8.80346763609472e+02	1.05966384885557e-03,-4.53211730451067e-02
8.86470059591028e+02	1.03139248406281e-03,-4.50090873455621e-02
8.92635946464296e+02	1.00350895801622e-03,-4.46991291047221e-02
8.98844720472355e+02	9.76007976579579e-04,-4.43912841485957e-02
9.05096679918818e+02	9.48884317374952e-04,-4.40855383900483e-02
9.11392125182163e+02	9.22132828826854e-04,-4.37818778284243e-02
9.17731358730167e+02	8.95748429218766e-04,-4.34802885491665e-02
9.24114685134435e+02	8.69726105761812e-04,-4.31807567234349e-02
9.30542411085037e+02	8.44060913675455e-04,-4.28832686077233e-02
9.37014845405239e+02	8.18747975280058e-04,-4.25878105434742e-02
9.43532299066344e+02	7.93782479101189e-04,-4.22943689566925e-02
9.50095085202631e+02	7.69159678985509e-04,-4.20029303575576e-02
9.56703519126400e+02	7.44874893228126e-04,-4.17134813400345e-02
9.63357918343123e+02	7.20923503711242e-04,-4.14260085814834e-02
9.70058602566695e+02	6.97300955054005e-04,-4.11404988422679e-02
9.76805893734798e+02	6.74002753773381e-04,-4.08569389653632e-02
9.83600116024369e+02	6.51024467455943e-04,-4.05753158759619e-02
9.90441595867171e+02	6.28361723940447e-04,-4.02956165810801e-02
9.97330661965481e+02	6.06010210511034e-04,-4.00178281691623e-02
1.00426764530788e+03	5.83965673100967e-04,-3.97419378096850e-02
1.01125287918517e+03	5.62223915506733e-04,-3.94679327527610e-02
1.01828669920634e+03	5.40780798612435e-04,-3.91958003287414e-02
1.02536944331476e+03	5.19632239624286e-04,-3.89255279478187e-02
1.03250145180437e+03	4.98774211315140e-04,-3.86571030996282e-02
1.03968306733603e+03	4.78202741278883e-04,-3.83905133528500e-02
1.04691463495400e+03	4.57913911194619e-04,-3.81257463548097e-02
1.05419650210254e+03	4.37903856100477e-04,-3.78627898310800e-02
1.06152901864253e+03	4.18168763676949e-04,-3.76016315850810e-02
1.06891253686836e+03	3.98704873539639e-04,-3.73422594976814e-02
1.07634741152480e+03	3.79508476541299e-04,-3.70846615267984e-02
1.08383399982408e+03	3.60575914083044e-04,-3.68288257069991e-02
1.09137266146303e+03	3.41903577434617e-04,-3.65747401491006e-02
1.09896375864037e+03	3.23487907063616e-04,-3.63223930397708e-02
1.10660765607411e+03	3.05325391973546e-04,-3.60717726411295e-02
1.11430472101909e+03	2.87412569050602e-04,-3.58228672903496e-02
1.12205532328457e+03	2.69746022419067e-04,-3.55756653992581e-02
1.12985983525209e+03	2.52322382805217e-04,-3.53301554539379e-02
1.13771863189326e+03	2.35138326909632e-04,-3.50863260143299e-02
1.14563209078785e+03	2.18190576787796e-04,-3.48441657138354e-02
1.15360059214191e+03	2.01475899238895e-04,-3.46036632589189e-02
1.16162451880602e+03	1.84991105202700e-04,-3.43648074287113e-02
1.16970425629368e+03	1.68733049164436e-04,-3.41275870746141e-02
1.17784019279989e+03	1.52698628567540e-04,-3.38919911199032e-02
1.18603271921973e+03	1.36884783234197e-04,-3.36580085593348e-02
1.19428222916717e+03	1.21288494793572e-04,-3.34256284587501e-02
1.20258911899399e+03	1.05906786117625e-04,-3.31948399546825e-02
1.21095378780882e+03	9.07367207644220e-05,-3.29656322539642e-02
1.21937663749629e+03	7.57754024288432e-05,-3.27379946333339e-02
1.22785807273639e+03	6.10199744005941e-05,-3.25119164390459e-02
1.23639850102386e+03	4.64676190294281e-05,-3.22873870864792e-02
1.24499833268778e+03	3.21155571974883e-05,-3.20643960597476e-02
1.25365798091132e+03	1.79610477986753e-05,-3.18429329113114e-02
1.26237786175155e+03	4.00138722495566e-06,-3.16229872615891e-02
1.27115839415946e+03	-9.76609114048234e-06,-3.14045487985705e-02
1.28000000000006e+03	-2.33440174233138e-05,-3.11876072774307e-02
1.28890310407266e+03	-3.67349857514790e-05,-3.09721525201451e-02
1.29786813413129e+03	-4.99415547420072e-05,-3.07581744151054e-02
1.30689552090527e+03	-6.29662479813291e-05,-3.05456629167370e-02
1.31598569811982e+03	-7.58115544991685e-05,-3.03346080451166e-02
1.32513910251702e+03	-8.84799292360960e-05,-3.01249998855918e-02
1.33435617387669e+03	-1.00973793504832e-04,-2.99168285884017e-02
1.34363735503759e+03	-1.13295535445363e-04,-2.97100843682978e-02
1.35298309191863e+03	-1.25447510473973e-04,-2.95047575041674e-02
1.36239383354036e+03	-1.37432041726246e-04,-2.93008383386570e-02
1.37187003204652e+03	-1.49251420494140e-04,-2.90983172777978e-02
1.38141214272573e+03	-1.60907906657190e-04,-2.88971847906315e-02
1.39102062403342e+03	-1.72403729107928e-04,-2.86974314088386e-02
1.40069593761381e+03	-1.83741086171586e-04,-2.84990477263668e-02
1.41043854832213e+03	-1.94922146020173e-04,-2.83020243990611e-02
1.42024892424691e+03	-2.05949047080972e-04,-2.81063521442955e-02
1.43012753673251e+03	-2.16823898439550e-04,-2.79120217406059e-02
1.44007486040174e+03	-2.27548780237359e-04,-2.77190240273236e-02
1.45009137317869e+03	-2.38125744063965e-04,-2.75273499042114e-02
1.46017755631165e+03	-2.48556813344010e-04,-2.73369903311001e-02
1.47033389439627e+03	-2.58843983718966e-04,-2.71479363275268e-02
1.48056087539884e+03	-2.68989223423725e-04,-2.69601789723744e-02
1.49085899067969e+03	-2.78994473658135e-04,-2.67737094035127e-02
1.50122873501687e+03	-2.88861648953511e-04,-2.65885188174409e-02
1.51167060662987e+03	-2.98592637534202e-04,-2.64045984689313e-02
1.52218510720355e+03	-3.08189301674285e-04,-2.62219396706745e-02
1.53277274191230e+03	-3.17653478049430e-04,-2.60405337929264e-02
1.54343401944424e+03	-3.26986978084021e-04,-2.58603722631563e-02
1.55416945202573e+03	-3.36191588293584e-04,-2.56814465656965e-02
1.56497955544592e+03	-3.45269070622578e-04,-2.55037482413935e-02
1.57586484908157e+03	-3.54221162777625e-04,-2.53272688872607e-02
1.58682585592198e+03	-3.63049578556223e-04,-2.51520001561325e-02
1.59786310259414e+03	-3.71756008171015e-04,-2.49779337563200e-02
1.60897711938801e+03	-3.80342118569661e-04,-2.48050614512680e-02
1.62016844028203e+03	-3.88809553750379e-04,-2.46333750592140e-02
1.63143760296873e+03	-3.97159935073206e-04,-2.44628664528480e-02
1.64278514888059e+03	-4.05394861567040e-04,-2.42935275589746e-02
1.65421162321607e+03	-4.13515910232516e-04,-2.41253503581761e-02
1.66571757496575e+03	-4.21524636340770e-04,-2.39583268844776e-02
1.67730355693878e+03	-4.29422573728145e-04,-2.37924492250129e-02
1.68897012578938e+03	-4.37211235086900e-04,-2.36277095196928e-02
1.70071784204361e+03	-4.44892112251964e-04,-2.34640999608746e-02
1.71254727012630e+03	-4.52466676483786e-04,-2.33016127930331e-02
1.72445897838816e+03	-4.59936378747352e-04,-2.31402403124331e-02
1.73645353913310e+03	-4.67302649987394e-04,-2.29799748668039e-02
1.74853152864571e+03	-4.74566901399856e-04,-2.28208088550147e-02
1.76069352721896e+03	-4.81730524699667e-04,-2.26627347267525e-02
1.77294011918207e+03	-4.88794892384859e-04,-2.25057449822004e-02
1.78527189292860e+03	-4.95761357997096e-04,-2.23498321717186e-02
1.79768944094472e+03	-5.02631256378638e-04,-2.21949888955264e-02
1.81019335983765e+03	-5.09405903925813e-04,-2.20412078033856e-02
1.82278425036434e+03	-5.16086598839019e-04,-2.18884815942865e-02
1.83546271746035e+03	-5.22674621369321e-04,-2.17368030161339e-02
1.84822937026888e+03	-5.29171234061677e-04,-2.15861648654363e-02
1.86108482217009e+03	-5.35577681994842e-04,-2.14365599869953e-02
1.87402969081049e+03	-5.41895193017988e-04,-2.12879812735981e-02
1.88706459813270e+03	-5.48124977984100e-04,-2.11404216657097e-02
1.90019017040527e+03	-5.54268230980167e-04,-2.09938741511687e-02
1.91340703825281e+03	-5.60326129554223e-04,-2.08483317648833e-02
1.92671583668626e+03	-5.66299834939296e-04,-2.07037875885291e-02
1.94011720513340e+03	-5.72190492274262e-04,-2.05602347502491e-02
1.95361178746961e+03	-5.77999230821699e-04,-2.04176664243549e-02
1.96720023204875e+03	-5.83727164182737e-04,-2.02760758310293e-02
1.98088319173436e+03	-5.89375390508966e-04,-2.01354562360306e-02
1.99466132393098e+03	-5.94944992711442e-04,-1.99958009503990e-02
2.00853529061578e+03	-6.00437038666809e-04,-1.98571033301637e-02
2.02250575837034e+03	-6.05852581420610e-04,-1.97193567760524e-02
2.03657339841269e+03	-6.11192659387782e-04,-1.95825547332018e-02
2.05073888662953e+03	-6.16458296550418e-04,-1.94466906908699e-02
2.06500290360874e+03	-6.21650502652786e-04,-1.93117581821501e-02
2.07936613467207e+03	-6.26770273393681e-04,-1.91777507836866e-02
2.09382926990802e+03	-6.31818590616124e-04,-1.90446621153911e-02
2.10839300420509e+03	-6.36796422494442e-04,-1.89124858401621e-02
2.12305803728508e+03	-6.41704723718781e-04,-1.87812156636043e-02
2.13782507373673e+03	-6.46544435677063e-04,-1.86508453337510e-02
2.15269482304962e+03	-6.51316486634442e-04,-1.85213686407868e-02
2.16766799964818e+03	-6.56021791910282e-04,-1.83927794167730e-02
2.18274532292608e+03	-6.60661254052684e-04,-1.82650715353740e-02
2.19792751728076e+03	-6.65235763010610e-04,-1.81382389115846e-02
2.21321531214825e+03	-6.69746196303624e-04,-1.80122755014604e-02
2.22860944203819e+03	-6.74193419189286e-04,-1.78871753018483e-02
2.24411064656916e+03	-6.78578284828225e-04,-1.77629323501193e-02
2.25971967050419e+03	-6.82901634446939e-04,-1.76395407239028e-02
2.27543726378653e+03	-6.87164297498322e-04,-1.75169945408220e-02
2.29126418157573e+03	-6.91367091819981e-04,-1.73952879582312e-02
2.30720118428384e+03	-6.95510823790348e-04,-1.72744151729545e-02
2.32324903761205e+03	-6.99596288482630e-04,-1.71543704210265e-02
2.33940851258738e+03	-7.03624269816621e-04,-1.70351479774333e-02
2.35568038559980e+03	-7.07595540708397e-04,-1.69167421558565e-02
2.37206543843947e+03	-7.11510863217943e-04,-1.67991473084175e-02
2.38856445833435e+03	-7.15370988694720e-04,-1.66823578254241e-02
2.40517823798799e+03	-7.19176657921198e-04,-1.65663681351184e-02
2.42190757561765e+03	-7.22928601254401e-04,-1.64511727034256e-02
2.43875327499260e+03	-7.26627538765478e-04,-1.63367660337053e-02
2.45571614547280e+03	-7.30274180377315e-04,-1.62231426665035e-02
2.47279700204773e+03	-7.33869226000246e-04,-1.61102971793066e-02
2.48999666537558e+03	-7.37413365665849e-04,-1.59982241862961e-02
2.50731596182266e+03	-7.40907279658885e-04,-1.58869183381061e-02
2.52475572350313e+03	-7.44351638647388e-04,-1.57763743215806e-02
2.54231678831894e+03	-7.47747103810933e-04,-1.56665868595339e-02
2.56000000000013e+03	-7.51094326967106e-04,-1.55575507105111e-02
2.57780620814533e+03	-7.54393950696205e-04,-1.54492606685510e-02
2.59573626826261e+03	-7.57646608464190e-04,-1.53417115629497e-02
2.61379104181055e+03	-7.60852924743909e-04,-1.52348982580264e-02
2.63197139623967e+03	-7.64013515134614e-04,-1.51288156528902e-02
2.65027820503406e+03	-7.67128986479803e-04,-1.50234586812079e-02
2.66871234775341e+03	-7.70199936983407e-04,-1.49188223109743e-02
2.68727471007519e+03	-7.73226956324325e-04,-1.48149015442831e-02
2.70596618383727e+03	-7.76210625769367e-04,-1.47116914170992e-02
2.72478766708074e+03	-7.79151518284581e-04,-1.46091869990329e-02
2.74374006409305e+03	-7.82050198645025e-04,-1.45073833931151e-02
2.76282428545148e+03	-7.84907223542979e-04,-1.44062757355742e-02
2.78204124806685e+03	-7.87723141694630e-04,-1.43058591956138e-02
2.80139187522764e+03	-7.90498493945241e-04,-1.42061289751929e-02
2.82087709664427e+03	-7.93233813372836e-04,-1.41070803088060e-02
2.84049784849383e+03	-7.95929625390414e-04,-1.40087084632659e-02
2.86025507346503e+03	-7.98586447846704e-04,-1.39110087374870e-02
2.88014972080350e+03	-8.01204791125493e-04,-1.38139764622705e-02
2.90018274635740e+03	-8.03785158243548e-04,-1.37176070000907e-02
2.92035511262332e+03	-8.06328044947126e-04,-1.36218957448825e-02
2.94066778879257e+03	-8.08833939807124e-04,-1.35268381218306e-02
2.96112175079769e+03	-8.11303324312865e-04,-1.34324295871598e-02
2.98171798135941e+03	-8.13736672964541e-04,-1.33386656279267e-02
3.00245747003377e+03	-8.16134453364336e-04,-1.32455417618128e-02
3.02334121325976e+03	-8.18497126306249e-04,-1.31530535369188e-02
3.04437021440713e+03	-8.20825145864619e-04,-1.30611965315601e-02
3.06554548382462e+03	-8.23118959481389e-04,-1.29699663540640e-02
3.08686803888851e+03	-8.25379008052111e-04,-1.28793586425680e-02
3.10833890405149e+03	-8.27605726010711e-04,-1.27893690648190e-02
3.12995911089186e+03	-8.29799541413043e-04,-1.26999933179746e-02
3.15172969816316e+03	-8.31960876019223e-04,-1.26112271284050e-02
3.17365171184398e+03	-8.34090145374791e-04,-1.25230662514966e-02
3.19572620518830e+03	-8.36187758890681e-04,-1.24355064714565e-02
3.21795423877605e+03	-8.38254119922048e-04,-1.23485436011186e-02
3.24033688056409e+03	-8.40289625845945e-04,-1.22621734817507e-02
3.26287520593749e+03	-8.42294668137871e-04,-1.21763919828633e-02
3.28557029776121e+03	-8.44269632447214e-04,-1.20911950020189e-02
3.30842324643216e+03	-8.46214898671581e-04,-1.20065784646436e-02
3.33143514993153e+03	-8.48130841030059e-04,-1.19225383238386e-02
3.35460711387759e+03	-8.50017828135399e-04,-1.18390705601941e-02
3.37794025157879e+03	-8.51876223065144e-04,-1.17561711816041e-02
3.40143568408726e+03	-8.53706383431718e-04,-1.16738362230820e-02
3.42509454025263e+03	-8.55508661451480e-04,-1.15920617465780e-02
3.44891795677636e+03	-8.57283404012776e-04,-1.15108438407970e-02
3.47290707826623e+03	-8.59030952742976e-04,-1.14301786210190e-02
3.49706305729145e+03	-8.60751644074531e-04,-1.13500622289188e-02
3.52138705443794e+03	-8.62445809310054e-04,-1.12704908323888e-02
3.54588023836416e+03	-8.64113774686432e-04,-1.11914606253617e-02
3.57054378585724e+03	-8.65755861437996e-04,-1.11129678276350e-02
3.59537888188947e+03	-8.67372385858755e-04,-1.10350086846963e-02
3.62038671967532e+03	-8.68963659363691e-04,-1.09575794675503e-02
3.64556850072871e+03	-8.70529988549157e-04,-1.08806764725462e-02
3.67092543492072e+03	-8.72071675252367e-04,-1.08042960212073e-02
3.69645874053780e+03	-8.73589016609994e-04,-1.07284344600605e-02
3.72216964434020e+03	-8.75082305115896e-04,-1.06530881604680e-02
3.74805938162101e+03	-8.76551828677974e-04,-1.05782535184597e-02
3.77412919626543e+03	-8.77997870674173e-04,-1.05039269545669e-02
3.80038034081058e+03	-8.79420710007641e-04,-1.04301049136568e-02
3.82681407650566e+03	-8.80820621161061e-04,-1.03567838647683e-02
3.85343167337255e+03	-8.82197874250149e-04,-1.02839603009494e-02
3.88023441026684e+03	-8.83552735076356e-04,-1.02116307390950e-02
3.90722357493925e+03	-8.84885465178757e-04,-1.01397917197862e-02
3.93440046409753e+03	-8.86196321885162e-04,-1.00684398071305e-02
3.96176638346874e+03	-8.87485558362437e-04,-9.99757158860349e-03
3.98932264786198e+03	-8.88753423666067e-04,-9.92718367489119e-03
4.01707058123159e+03	-8.90000162788950e-04,-9.85727269973373e-03
4.04501151674072e+03	-8.91226016709450e-04,-9.78783531977005e-03
4.07314679682541e+03	-8.92431222438707e-04,-9.71886821438374e-03
4.10147777325910e+03	-8.93616013067219e-04,-9.65036808554988e-03
4.13000580721752e+03	-8.94780617810709e-04,-9.58233165768300e-03
4.15873226934416e+03	-8.95925262055272e-04,-9.51475567748615e-03
4.18765853981608e+03	-8.97050167401832e-04,-9.44763691380092e-03
4.21678600841022e+03	-8.98155551709902e-04,-9.38097215745860e-03
4.24611607457018e+03	-8.99241629140663e-04,-9.31475822113243e-03
4.27565014747350e+03	-9.00308610199373e-04,-9.24899193919078e-03
4.30538964609927e+03	-9.01356701777106e-04,-9.18367016755151e-03
4.33533599929639e+03	-9.02386107191845e-04,-9.11878978353727e-03
4.36549064585219e+03	-9.03397026228920e-04,-9.05434768573187e-03
4.39585503456155e+03	-9.04389655180813e-04,-8.99034079383772e-03
4.42643062429652e+03	-9.05364186886333e-04,-8.92676604853421e-03
4.45721888407641e+03	-9.06320810769172e-04,-8.86362041133721e-03
4.48822129313836e+03	-9.07259712875847e-04,-8.80090086445952e-03
4.51943934100841e+03	-9.08181075913038e-04,-8.73860441067237e-03
4.55087452757310e+03	-9.09085079284334e-04,-8.67672807316787e-03
4.58252836315148e+03	-9.09971899126386e-04,-8.61526889542259e-03
4.61440236856772e+03	-9.10841708344487e-04,-8.55422394106198e-03
4.64649807522413e+03	-9.11694676647576e-04,-8.49359029372590e-03
4.67881702517480e+03	-9.12530970582676e-04,-8.43336505693513e-03
4.71136077119964e+03	-9.13350753568788e-04,-8.37354535395881e-03
4.74413087687898e+03	-9.14154185930223e-04,-8.31412832768291e-03
4.77712891666873e+03	-9.14941424929404e-04,-8.25511114047968e-03
4.81035647597602e+03	-9.15712624799129e-04,-8.19649097407806e-03
4.84381515123534e+03	-9.16467936774310e-04,-8.13826502943507e-03
4.87750654998525e+03	-9.17207509123200e-04,-8.08043052660815e-03
4.91143229094564e+03	-9.17931487178102e-04,-8.02298470462851e-03
4.94559400409550e+03	-9.18640013365577e-04,-7.96592482137535e-03
4.97999333075120e+03	-9.19333227236163e-04,-7.90924815345118e-03
5.01463192364536e+03	-9.20011265493591e-04,-7.85295199605792e-03
5.04951144700630e+03	-9.20674262023540e-04,-7.79703366287409e-03
5.08463357663793e+03	-9.21322347921897e-04,-7.74149048593288e-03
5.12000000000031e+03	-9.21955651522562e-04,-7.68631981550115e-03
5.15561241629071e+03	-9.22574298424795e-04,-7.63151901995941e-03
5.19147253652526e+03	-9.23178411520094e-04,-7.57708548568270e-03
5.22758208362114e+03	-9.23768111018649e-04,-7.52301661692242e-03
5.26394279247938e+03	-9.24343514475337e-04,-7.46930983568907e-03
5.30055641006817e+03	-9.24904736815296e-04,-7.41596258163595e-03
5.33742469550686e+03	-9.25451890359066e-04,-7.36297231194369e-03
5.37454942015043e+03	-9.25985084847318e-04,-7.31033650120585e-03
5.41193236767459e+03	-9.26504427465162e-04,-7.25805264131527e-03
5.44957533416153e+03	-9.27010022866058e-04,-7.20611824135141e-03
5.48748012818615e+03	-9.27501973195320e-04,-7.15453082746863e-03
5.52564857090300e+03	-9.27980378113234e-04,-7.10328794278530e-03
5.56408249613375e+03	-9.28445334817782e-04,-7.05238714727384e-03
5.60278375045533e+03	-9.28896938067000e-04,-7.00182601765168e-03
5.64175419328859e+03	-9.29335280200944e-04,-6.95160214727308e-03
5.68099569698771e+03	-9.29760451163307e-04,-6.90171314602187e-03
5.72051014693011e+03	-9.30172538522667e-04,-6.85215664020504e-03
5.76029944160706e+03	-9.30571627493386e-04,-6.80293027244724e-03
5.80036549271484e+03	-9.30957800956154e-04,-6.75403170158618e-03
5.84071022524669e+03	-9.31331139478205e-04,-6.70545860256890e-03
5.88133557758518e+03	-9.31691721333186e-04,-6.65720866634884e-03
5.92224350159543e+03	-9.32039622520708e-04,-6.60927959978392e-03
5.96343596271886e+03	-9.32374916785571e-04,-6.56166912553539e-03
6.00491494006759e+03	-9.32697675636674e-04,-6.51437498196757e-03
6.04668242651957e+03	-9.33007968365619e-04,-6.46739492304847e-03
6.08874042881431e+03	-9.33305862065011e-04,-6.42072671825126e-03
6.13109096764929e+03	-9.33591421646463e-04,-6.37436815245662e-03
6.17373607777707e+03	-9.33864709858312e-04,-6.32831702585590e-03
6.21667780810302e+03	-9.34125787303051e-04,-6.28257115385519e-03
6.25991822178378e+03	-9.34374712454487e-04,-6.23712836698021e-03
6.30345939632636e+03	-9.34611541674626e-04,-6.19198651078206e-03
6.34730342368800e+03	-9.34836329230300e-04,-6.14714344574378e-03
6.39145241037665e+03	-9.35049127309526e-04,-6.10259704718785e-03
6.43590847755216e+03	-9.35249986037630e-04,-6.05834520518439e-03
6.48067376112824e+03	-9.35438953493113e-04,-6.01438582446034e-03
6.52575041187503e+03	-9.35616075723290e-04,-5.97071682430939e-03
6.57114059552248e+03	-9.35781396759687e-04,-5.92733613850274e-03
6.61684649286437e+03	-9.35934958633228e-04,-5.88424171520079e-03
6.66287029986312e+03	-9.36076801389191e-04,-5.84143151686550e-03
6.70921422775524e+03	-9.36206963101961e-04,-5.79890352017372e-03
6.75588050315764e+03	-9.36325479889572e-04,-5.75665571593128e-03
6.80287136817457e+03	-9.36432385928064e-04,-5.71468610898791e-03
6.85018908050532e+03	-9.36527713465631e-04,-5.67299271815298e-03
6.89783591355277e+03	-9.36611492836598e-04,-5.63157357611204e-03
6.94581415653252e+03	-9.36683752475218e-04,-5.59042672934423e-03
6.99412611458295e+03	-9.36744518929298e-04,-5.54955023804042e-03
7.04277410887593e+03	-9.36793816873658e-04,-5.50894217602224e-03
7.09176047672838e+03	-9.36831669123436e-04,-5.46860063066189e-03
7.14108757171453e+03	-9.36858096647247e-04,-5.42852370280272e-03
7.19075776377900e+03	-9.36873118580194e-04,-5.38870950668064e-03
7.24077343935071e+03	-9.36876752236744e-04,-5.34915616984635e-03
7.29113700145747e+03	-9.36869013123480e-04,-5.30986183308837e-03
7.34185086984150e+03	-9.36849914951728e-04,-5.27082465035679e-03
7.39291748107565e+03	-9.36819469650069e-04,-5.23204278868792e-03
7.44433928868046e+03	-9.36777687376749e-04,-5.19351442812966e-03
7.49611876324208e+03	-9.36724576531990e-04,-5.15523776166768e-03
7.54825839253092e+03	-9.36660143770199e-04,-5.11721099515239e-03
7.60076068162122e+03	-9.36584394012110e-04,-5.07943234722668e-03
7.65362815301138e+03	-9.36497330456832e-04,-5.04190004925446e-03
7.70686334674516e+03	-9.36398954593843e-04,-5.00461234524995e-03
7.76046882053374e+03	-9.36289266214908e-04,-4.96756749180779e-03
7.81444714987857e+03	-9.36168263425960e-04,-4.93076375803387e-03
7.86880092819513e+03	-9.36035942658922e-04,-4.89419942547698e-03
7.92353276693755e+03	-9.35892298683497e-04,-4.85787278806117e-03
7.97864529572403e+03	-9.35737324618928e-04,-4.82178215201896e-03
8.03414116246325e+03	-9.35571011945734e-04,-4.78592583582519e-03
8.09002303348151e+03	-9.35393350517440e-04,-4.75030217013177e-03
8.14629359365089e+03	-9.35204328572289e-04,-4.71490949770308e-03
8.20295554651826e+03	-9.35003932744972e-04,-4.67974617335215e-03
8.26001161443511e+03	-9.34792148078358e-04,-4.64481056387762e-03
8.31746453868839e+03	-9.34568958035250e-04,-4.61010104800141e-03
8.37531707963222e+03	-9.34334344510167e-04,-4.57561601630713e-03
8.43357201682050e+03	-9.34088287841165e-04,-4.54135387117930e-03
8.49223214914044e+03	-9.33830766821703e-04,-4.50731302674320e-03
8.55130029494706e+03	-9.33561758712564e-04,-4.47349190880552e-03
8.61077929219860e+03	-9.33281239253842e-04,-4.43988895479576e-03
8.67067199859285e+03	-9.32989182676996e-04,-4.40650261370825e-03
8.73098129170445e+03	-9.32685561716990e-04,-4.37333134604504e-03
8.79171006912318e+03	-9.32370347624526e-04,-4.34037362375938e-03
8.85286124859312e+03	-9.32043510178374e-04,-4.30762793019995e-03
8.91443776815290e+03	-9.31705017697806e-04,-4.27509276005589e-03
8.97644258627679e+03	-9.31354837055164e-04,-4.24276661930236e-03
9.03887868201690e+03	-9.30992933688540e-04,-4.21064802514697e-03
9.10174905514628e+03	-9.30619271614605e-04,-4.17873550597679e-03
9.16505672630304e+03	-9.30233813441579e-04,-4.14702760130611e-03
9.22880473713551e+03	-9.29836520382364e-04,-4.11552286172490e-03
9.29299615044834e+03	-9.29427352267839e-04,-4.08421984884785e-03
9.35763405034968e+03	-9.29006267560335e-04,-4.05311713526424e-03
9.42272154239935e+03	-9.28573223367298e-04,-4.02221330448833e-03
9.48826175375803e+03	-9.28128175455143e-04,-3.99150695091053e-03
9.55425783333754e+03	-9.27671078263325e-04,-3.96099667974916e-03
9.62071295195212e+03	-9.27201884918617e-04,-3.93068110700287e-03
9.68763030247075e+03	-9.26720547249626e-04,-3.90055885940378e-03
9.75501309997057e+03	-9.26227015801536e-04,-3.87062857437113e-03
9.82286458189136e+03	-9.25721239851109e-04,-3.84088889996568e-03
9.89118800819108e+03	-9.25203167421940e-04,-3.81133849484470e-03
9.95998666150247e+03	-9.24672745299981e-04,-3.78197602821755e-03
1.00292638472908e+04	-9.24129919049346e-04,-3.75280017980190e-03
1.00990228940127e+04	-9.23574633028408e-04,-3.72380963978060e-03
1.01692671532759e+04	-9.23006830406197e-04,-3.69500310875902e-03
1.02400000000007e+04	-9.22426453179103e-04,-3.66637929772315e-03
1.03112248325815e+04	-9.21833442187913e-04,-3.63793692799814e-03
1.03829450730506e+04	-9.21227737135175e-04,-3.60967473120748e-03
1.04551641672424e+04	-9.20609276602904e-04,-3.58159144923273e-03
1.05278855849588e+04	-9.19977998070649e-04,-3.55368583417385e-03
1.06011128201364e+04	-9.19333837933922e-04,-3.52595664830998e-03
1.06748493910138e+04	-9.18676731523002e-04,-3.49840266406083e-03
1.07490988403009e+04	-9.18006613122135e-04,-3.47102266394863e-03
1.08238647353493e+04	-9.17323415989123e-04,-3.44381544056046e-03
1.08991506683231e+04	-9.16627072375328e-04,-3.41677979651128e-03
1.09749602563724e+04	-9.15917513546091e-04,-3.38991454440725e-03
1.10512971418061e+04	-9.15194669801590e-04,-3.36321850680972e-03
1.11281649922676e+04	-9.14458470498133e-04,-3.33669051619956e-03
1.12055675009107e+04	-9.13708844069909e-04,-3.31032941494204e-03
1.12835083865773e+04	-9.12945718051193e-04,-3.28413405525209e-03
1.13619913939755e+04	-9.12169019099038e-04,-3.25810329916005e-03
1.14410202938603e+04	-9.11378673016441e-04,-3.23223601847783e-03
1.15205988832142e+04	-9.10574604776009e-04,-3.20653109476547e-03
1.16007309854298e+04	-9.09756738544128e-04,-3.18098741929810e-03
1.16814204504935e+04	-9.08924997705651e-04,-3.15560389303332e-03
1.17626711551704e+04	-9.08079304889112e-04,-3.13037942657889e-03
1.18444870031910e+04	-9.07219581992466e-04,-3.10531294016081e-03
1.19268719254378e+04	-9.06345750209395e-04,-3.08040336359175e-03
1.20098298801353e+04	-9.05457730056150e-04,-3.05564963623981e-03
1.20933648530392e+04	-9.04555441398969e-04,-3.03105070699753e-03
1.21774808576287e+04	-9.03638803482071e-04,-3.00660553425127e-03
1.22621819352987e+04	-9.02707734956228e-04,-2.98231308585082e-03
1.23474721555542e+04	-9.01762153907936e-04,-2.95817233907929e-03
1.24333556162061e+04	-9.00801977889191e-04,-2.93418228062321e-03
1.25198364435677e+04	-8.99827123947862e-04,-2.91034190654294e-03
1.26069187926528e+04	-8.98837508658707e-04,-2.88665022224316e-03
1.26946068473761e+04	-8.97833048154995e-04,-2.86310624244364e-03
1.27829048207534e+04	-8.96813658160773e-04,-2.83970899115019e-03
1.28718169551044e+04	-8.95779254023787e-04,-2.81645750162564e-03
1.29613475222566e+04	-8.94729750749028e-04,-2.79335081636111e-03
1.30515008237502e+04	-8.93665063032968e-04,-2.77038798704729e-03
1.31422811910451e+04	-8.92585105298432e-04,-2.74756807454581e-03
1.32336929857288e+04	-8.91489791730164e-04,-2.72489014886069e-03
1.33257405997263e+04	-8.90379036311050e-04,-2.70235328910989e-03
1.34184284555106e+04	-8.89252752859045e-04,-2.67995658349678e-03
1.35117610063154e+04	-8.88110855064768e-04,-2.65769912928170e-03
1.36057427363492e+04	-8.86953256529806e-04,-2.63558003275345e-03
1.37003781610108e+04	-8.85779870805702e-04,-2.61359840920076e-03
1.37956718271056e+04	-8.84590611433656e-04,-2.59175338288365e-03
1.38916283130651e+04	-8.83385391984920e-04,-2.57004408700478e-03
1.39882522291660e+04	-8.82164126101907e-04,-2.54846966368055e-03
1.40855482177520e+04	-8.80926727540009e-04,-2.52702926391224e-03
1.41835209534569e+04	-8.79673110210125e-04,-2.50572204755676e-03
1.42821751434292e+04	-8.78403188221902e-04,-2.48454718329744e-03
1.43815155275581e+04	-8.77116875927686e-04,-2.46350384861437e-03
1.44815468787015e+04	-8.75814087967199e-04,-2.44259122975472e-03
1.45822740029151e+04	-8.74494739312910e-04,-2.42180852170258e-03
1.46837017396831e+04	-8.73158745316138e-04,-2.40115492814867e-03
1.47858349621514e+04	-8.71806021753848e-04,-2.38062966145958e-03
1.48886785773610e+04	-8.70436484876162e-04,-2.36023194264676e-03
1.49922375264843e+04	-8.69050051454580e-04,-2.33996100133511e-03
1.50965167850620e+04	-8.67646638830883e-04,-2.31981607573108e-03
1.52015213632425e+04	-8.66226164966755e-04,-2.29979641259041e-03
1.53072563060229e+04	-8.64788548494072e-04,-2.27990126718538e-03
1.54137266934904e+04	-8.63333708765890e-04,-2.26012990327156e-03
1.55209376410676e+04	-8.61861565908103e-04,-2.24048159305401e-03
1.56288942997572e+04	-8.60372040871765e-04,-2.22095561715295e-03
1.57376018563904e+04	-8.58865055486083e-04,-2.20155126456882e-03
1.58470655338752e+04	-8.57340532512043e-04,-2.18226783264676e-03
1.59572905914482e+04	-8.55798395696692e-04,-2.16310462704036e-03
1.60682823249266e+04	-8.54238569828031e-04,-2.14406096167485e-03
1.61800460669631e+04	-8.52660980790534e-04,-2.12513615870949e-03
1.62925871873019e+04	-8.51065555621264e-04,-2.10632954849922e-03
1.64059110930366e+04	-8.49452222566569e-04,-2.08764046955562e-03
1.65200232288703e+04	-8.47820911139361e-04,-2.06906826850697e-03
1.66349290773769e+04	-8.46171552176938e-04,-2.05061230005756e-03
1.67506341592646e+04	-8.44504077899351e-04,-2.03227192694608e-03
1.68671440336411e+04	-8.42818421968281e-04,-2.01404651990318e-03
1.69844642982810e+04	-8.41114519546424e-04,-1.99593545760803e-03
1.71026005898942e+04	-8.39392307357340e-04,-1.97793812664399e-03
1.72215585843973e+04	-8.37651723745775e-04,-1.96005392145328e-03
1.73413439971858e+04	-8.35892708738396e-04,-1.94228224429065e-03
1.74619625834090e+04	-8.34115204104954e-04,-1.92462250517595e-03
1.75834201382465e+04	-8.32319153419813e-04,-1.90707412184573e-03
1.77057224971864e+04	-8.30504502123847e-04,-1.88963651970366e-03
1.78288755363059e+04	-8.28671197586665e-04,-1.87230913176983e-03
1.79528851725537e+04	-8.26819189169126e-04,-1.85509139862897e-03
1.80777573640339e+04	-8.24948428286143e-04,-1.83798276837736e-03
1.82034981102927e+04	-8.23058868469711e-04,-1.82098269656866e-03
1.83301134526062e+04	-8.21150465432149e-04,-1.80409064615843e-03
1.84576094742712e+04	-8.19223177129514e-04,-1.78730608744736e-03
1.85859923008968e+04	-8.17276963825159e-04,-1.77062849802332e-03
1.87152681006995e+04	-8.15311788153391e-04,-1.75405736270198e-03
1.88454430847988e+04	-8.13327615183196e-04,-1.73759217346617e-03
1.89765235075162e+04	-8.11324412481992e-04,-1.72123242940385e-03
1.91085156666752e+04	-8.09302150179377e-04,-1.70497763664470e-03
1.92414259039044e+04	-8.07260801030826e-04,-1.68882730829532e-03
1.93752606049416e+04	-8.05200340481284e-04,-1.67278096437300e-03
1.95100261999413e+04	-8.03120746728648e-04,-1.65683813173803e-03
1.96457291637829e+04	-8.01022000787044e-04,-1.64099834402458e-03
1.97823760163823e+04	-7.98904086549904e-04,-1.62526114157006e-03
1.99199733230051e+04	-7.96766990852761e-04,-1.60962607134306e-03
2.00585276945817e+04	-7.94610703535734e-04,-1.59409268686967e-03
2.01980457880255e+04	-7.92435217505647e-04,-1.57866054815839e-03
2.03385343065520e+04	-7.90240528797742e-04,-1.56332922162340e-03
2.04800000000015e+04	-7.88026636636920e-04,-1.54809828000639e-03
2.06224496651631e+04	-7.85793543498481e-04,-1.53296730229673e-03
2.07658901461013e+04	-7.83541255168293e-04,-1.51793587365013e-03
2.09103283344849e+04	-7.81269780802342e-04,-1.50300358530575e-03
2.10557711699178e+04	-7.78979132985621e-04,-1.48817003450166e-03
2.12022256402730e+04	-7.76669327790289e-04,-1.47343482438878e-03
2.13496987820278e+04	-7.74340384833050e-04,-1.45879756394323e-03
2.14981976806020e+04	-7.71992327331705e-04,-1.44425786787704e-03
2.16477294706987e+04	-7.69625182160804e-04,-1.42981535654739e-03
2.17983013366464e+04	-7.67238979906359e-04,-1.41546965586411e-03
2.19499205127449e+04	-7.64833754919549e-04,-1.40122039719580e-03
2.21025942836123e+04	-7.62409545369366e-04,-1.38706721727420e-03
2.22563299845353e+04	-7.59966393294132e-04,-1.37300975809712e-03
2.24111350018216e+04	-7.57504344651854e-04,-1.35904766682978e-03
2.25670167731547e+04	-7.55023449369321e-04,-1.34518059570461e-03
2.27239827879512e+04	-7.52523761389924e-04,-1.33140820191955e-03
2.28820405877208e+04	-7.50005338720103e-04,-1.31773014753481e-03
2.30411977664286e+04	-7.47468243474394e-04,-1.30414609936822e-03
2.32014619708597e+04	-7.44912541918993e-04,-1.29065572888901e-03
2.33628409009871e+04	-7.42338304513784e-04,-1.27725871211023e-03
2.35253423103411e+04	-7.39745605952784e-04,-1.26395472947973e-03
2.36889740063821e+04	-7.37134525202928e-04,-1.25074346576975e-03
2.38537438508758e+04	-7.34505145541148e-04,-1.23762460996515e-03
2.40196597602707e+04	-7.31857554589679e-04,-1.22459785515029e-03
2.41867297060786e+04	-7.29191844349544e-04,-1.21166289839469e-03
2.43549617152576e+04	-7.26508111232152e-04,-1.19881944063735e-03
2.45243638705975e+04	-7.23806456088958e-04,-1.18606718656987e-03
2.46949443111087e+04	-7.21086984239120e-04,-1.17340584451845e-03
2.48667112324125e+04	-7.18349805495116e-04,-1.16083512632471e-03
2.50396728871355e+04	-7.15595034186246e-04,-1.14835474722536e-03
2.52138375853058e+04	-7.12822789179978e-04,-1.13596442573097e-03
2.53892136947524e+04	-7.10033193901083e-04,-1.12366388350365e-03
2.55658096415070e+04	-7.07226376348510e-04,-1.11145284523375e-03
2.57436339102090e+04	-7.04402469109943e-04,-1.09933103851583e-03
2.59226950445133e+04	-7.01561609374007e-04,-1.08729819372361e-03
2.61030016475005e+04	-6.98703938940057e-04,-1.07535404388430e-03
2.62845623820903e+04	-6.95829604225522e-04,-1.06349832455211e-03
2.64673859714579e+04	-6.92938756270748e-04,-1.05173077368122e-03
2.66514811994529e+04	-6.90031550741307e-04,-1.04005113149803e-03
2.68368569110214e+04	-6.87108147927718e-04,-1.02845914037301e-03
2.70235220126310e+04	-6.84168712742564e-04,-1.01695454469204e-03
2.72114854726987e+04	-6.81213414714948e-04,-1.00553709072740e-03
2.74007563220217e+04	-6.78242427982258e-04,-9.94206526508399e-04
2.75913436542115e+04	-6.75255931279221e-04,-9.82962601691834e-04
2.77832566261305e+04	-6.72254107924201e-04,-9.71805067432252e-04
2.79765044583322e+04	-6.69237145802724e-04,-9.60733676252137e-04
2.81710964355041e+04	-6.66205237348195e-04,-9.49748181912098e-04
2.83670419069139e+04	-6.63158579519796e-04,-9.38848339281129e-04
2.85643502868585e+04	-6.60097373777539e-04,-9.28033904207026e-04
2.87630310551164e+04	-6.57021826054450e-04,-9.17304633387046e-04
2.89630937574032e+04	-6.53932146725887e-04,-9.06660284238894e-04
2.91645480058303e+04	-6.50828550575958e-04,-8.96100614772104e-04
2.93674034793664e+04	-6.47711256761046e-04,-8.85625383459937e-04
2.95716699243030e+04	-6.44580488770433e-04,-8.75234349111838e-04
2.97773571547223e+04	-6.41436474384014e-04,-8.64927270746579e-04
2.99844750529688e+04	-6.38279445627098e-04,-8.54703907466147e-04
3.01930335701241e+04	-6.35109638722315e-04,-8.44564018330489e-04
3.04030427264853e+04	-6.31927294038615e-04,-8.34507362233182e-04
3.06145126120459e+04	-6.28732656037381e-04,-8.24533697778133e-04
3.08274533869811e+04	-6.25525973215665e-04,-8.14642783157395e-04
3.10418752821354e+04	-6.22307498046560e-04,-8.04834376030187e-04
3.12577885995147e+04	-6.19077486916729e-04,-7.95108233403200e-04
3.14752037127810e+04	-6.15836200061114e-04,-7.85464111512304e-04
3.16941310677506e+04	-6.12583901494843e-04,-7.75901765705714e-04
3.19145811828966e+04	-6.09320858942376e-04,-7.66420950328724e-04
3.21365646498535e+04	-6.06047343763908e-04,-7.57021418610093e-04
3.23600921339265e+04	-6.02763630879075e-04,-7.47702922550174e-04
3.25851743746041e+04	-5.99469998687988e-04,-7.38465212810858e-04
3.28118221860735e+04	-5.96166728989657e-04,-7.29308038607442e-04
3.30400464577409e+04	-5.92854106897826e-04,-7.20231147602493e-04
3.32698581547541e+04	-5.89532420754281e-04,-7.11234285801783e-04
3.35012683185294e+04	-5.86201962039679e-04,-7.02317197452407e-04
3.37342880672825e+04	-5.82863025281952e-04,-6.93479624943126e-04
3.39689285965622e+04	-5.79515907962341e-04,-6.84721308707051e-04
3.42052011797887e+04	-5.76160910419122e-04,-6.76041987126720e-04
3.44431171687949e+04	-5.72798335749083e-04,-6.67441396441660e-04
3.46826879943719e+04	-5.69428489706829e-04,-6.58919270658502e-04
3.49239251668183e+04	-5.66051680601964e-04,-6.50475341463713e-04
3.51668402764932e+04	-5.62668219194248e-04,-6.42109338139037e-04
3.54114449943730e+04	-5.59278418586773e-04,-6.33820987479684e-04
3.56577510726121e+04	-5.55882594117261e-04,-6.25610013715361e-04
3.59057703451077e+04	-5.52481063247547e-04,-6.17476138434179e-04
3.61555147280681e+04	-5.49074145451338e-04,-6.09419080509527e-04
3.64069962205857e+04	-5.45662162100321e-04,-6.01438556029939e-04
3.66602269052127e+04	-5.42245436348719e-04,-5.93534278232033e-04
3.69152189485426e+04	-5.38824293016379e-04,-5.85705957436558e-04
3.71719846017939e+04	-5.35399058470471e-04,-5.77953300987610e-04
3.74305362013993e+04	-5.31970060505907e-04,-5.70276013195047e-04
3.76908861695980e+04	-5.28537628224568e-04,-5.62673795280166e-04
3.79530470150327e+04	-5.25102091913427e-04,-5.55146345324656e-04
3.82170313333507e+04	-5.21663782921673e-04,-5.47693358222886e-04
3.84828518078091e+04	-5.18223033536935e-04,-5.40314525637548e-04
3.87505212098836e+04	-5.14780176860701e-04,-5.33009535958681e-04
3.90200523998829e+04	-5.11335546683036e-04,-5.25778074266114e-04
3.92914583275660e+04	-5.07889477356691e-04,-5.18619822295338e-04
3.95647520327649e+04	-5.04442303670733e-04,-5.11534458406831e-04
3.98399466460105e+04	-5.00994360723757e-04,-5.04521657558849e-04
4.01170553891638e+04	-4.97545983796827e-04,-4.97581091283693e-04
4.03960915760513e+04	-4.94097508226212e-04,-4.90712427667467e-04
4.06770686131043e+04	-4.90649269276059e-04,-4.83915331333314e-04
4.09600000000034e+04	-4.87201602011068e-04,-4.77189463428153e-04
4.12448993303266e+04	-4.83754841169308e-04,-4.70534481612891e-04
4.15317802922030e+04	-4.80309321035257e-04,-4.63950040056117e-04
4.18206566689701e+04	-4.76865375313178e-04,-4.57435789431264e-04
4.21115423398359e+04	-4.73423337000933e-04,-4.50991376917221e-04
4.24044512805463e+04	-4.69983538264337e-04,-4.44616446202378e-04
4.26993975640559e+04	-4.66546310312156e-04,-4.38310637492087e-04
4.29963953612044e+04	-4.63111983271851e-04,-4.32073587519505e-04
4.32954589413977e+04	-4.59680886066158e-04,-4.25904929559800e-04
4.35966026732932e+04	-4.56253346290624e-04,-4.19804293447678e-04
4.38998410254902e+04	-4.52829690092172e-04,-4.13771305598202e-04
4.41000000000000e+04	-4.50585031941921e-04,-4.09848477693219e-04
